,Unnamed: 0,parameter,counts,counts_H,counts_NH,p_from_H,p_from_NH,priority
0,2,이/Josa,38256,20012,18244,0.22245192842058464,0.20264777094115816,0.5231074864073609
1,3,보다/Verb,38094,21677,16417,0.2409580971434923,0.18235633843488305,0.5690397437916732
2,4,하다/Verb,38002,18125,19877,0.20147827053462264,0.2207845576312224,0.5230514183464028
3,5,의/Josa,29457,17487,11970,0.19438701789485385,0.13296608098802729,0.593644974029942
4,6,가/Josa,27737,12332,15405,0.13709014115816384,0.17111663964104046,0.5553953203302447
5,8,../Punctuation,25849,11706,14143,0.13013226631099256,0.15710033541393634,0.547139154319316
6,9,을/Josa,23027,12500,10527,0.13895743025452928,0.11693951442724185,0.5428410127241934
7,10,.../Punctuation,22073,9139,12934,0.1016005335111704,0.14367267153868366,0.5859647533185339
8,11,은/Josa,19690,7739,11951,0.08603979104145826,0.1327550589750994,0.6069578466226511
9,12,도/Josa,18990,7903,11087,0.08786262087362454,0.12315911059774763,0.5838335966298052
10,14,는/Josa,18035,7669,10366,0.08526175391797265,0.11515138052822142,0.5747712780704186
11,15,없다/Adjective,16914,5001,11913,0.05560742469712127,0.13233301494924365,0.7043277758070238
12,18,있다/Adjective,13419,8187,5232,0.09101922863176616,0.05813101135076301,0.6101050748938073
13,19,좋다/Adjective,13043,9370,3673,0.10416805601867288,0.040816099868944224,0.7183930077436173
14,20,이/Determiner,12373,4495,7878,0.04998332777592531,0.08751860325640286,0.6367089630647378
15,21,너무/Adverb,11905,6629,5276,0.0737023452261865,0.05861969390701704,0.55682486350273
16,22,재밌다/Adjective,11789,9955,1834,0.1106702234078026,0.020391390301872543,0.8444312494698448
17,23,?/Punctuation,11319,3302,8017,0.03672335222852062,0.08906239587729625,0.7082781164413817
18,24,정말/Noun,10702,7082,3620,0.07873735689674335,0.04022745951709279,0.6617454681367969
19,25,것/Noun,10293,4088,6205,0.045459597643659005,0.06893755969701681,0.6028368794326241
20,26,되다/Verb,9887,5453,4434,0.06063132155162833,0.04926808680779226,0.5515323151613231
21,30,적/Suffix,9003,5486,3517,0.06099811048127154,0.03908349807858904,0.6093524380761969
22,31,으로/Josa,8921,4168,4753,0.046348782927642544,0.052811035340633965,0.5327878040578411
23,32,아니다/Adjective,8754,3210,5544,0.035700789151939534,0.061596214931473374,0.6333104866346813
24,34,!/Punctuation,8565,6415,2150,0.07132377459153051,0.02390101956951509,0.7489784004670169
25,35,로/Josa,7951,3351,4600,0.037267978214960536,0.05111175281547791,0.5785435794239718
26,36,에서/Josa,7910,4218,3692,0.04690452373013226,0.041027121881872096,0.5332490518331227
27,37,점/Noun,7843,3227,4616,0.03588974102478604,0.05128945556320665,0.5885502996302435
28,38,만/Josa,7745,2412,5333,0.026831165944203626,0.05925275994580066,0.6885732730794061
29,39,나오다/Verb,7213,2894,4319,0.03218850728020451,0.04799084830849197,0.5987799805906003
30,40,만들다/Verb,7199,2506,4693,0.02787595865288429,0.05214465003665119,0.6518960966800944
31,41,연기/Noun,7089,4106,2983,0.0456596643325553,0.03315266887314245,0.5792072224573283
32,42,평점/Noun,7068,2994,4074,0.03329998888518395,0.045269774983895686,0.5764006791171478
33,43,과/Josa,6768,4231,2537,0.0470490163387796,0.028199204780203917,0.6251477541371159
34,44,최고/Noun,6671,6143,528,0.06830054462598642,0.005886403518514404,0.9208514465597362
35,45,한/Josa,6635,3102,3533,0.034500389018561735,0.039261200826317774,0.5324792765636774
36,46,이다/Verb,6524,4043,2481,0.04495943092141825,0.02757724516315333,0.6197118332311465
37,47,왜/Noun,6247,2241,4006,0.024930532399688784,0.04451453830604856,0.6412678085481031
38,48,스토리/Noun,6075,2176,3899,0.02420806935645215,0.04332615118061263,0.6418106995884774
39,49,인/Josa,6018,3216,2802,0.0357674780482383,0.03114240653946112,0.5343968095712861
40,50,생각/Noun,6005,3771,2234,0.04193620095587418,0.02483395899509096,0.6279766860949209
41,51,~/Punctuation,6003,4016,1987,0.0446593308880738,0.022090672827028587,0.6689988339163752
42,53,다/Adverb,5790,2454,3336,0.027297988218294992,0.037073235744907715,0.5761658031088083
43,54,이다/Josa,5692,2965,2727,0.03297765921973991,0.03030942490948266,0.5209065354884048
44,55,감동/Noun,5597,4442,1155,0.049394242525286215,0.012850129945134276,0.7936394497051992
45,56,..../Punctuation,5580,2218,3362,0.024674891630543514,0.0373620027099669,0.6025089605734767
46,57,1/Number,5284,1409,3875,0.015683005446259866,0.043059597059019517,0.7333459500378501
47,59,이렇다/Adjective,5240,2243,2997,0.02495276203178837,0.033308158777405096,0.5719465648854962
48,60,보고/Noun,5209,3038,2171,0.0337890407913749,0.024134254425909062,0.5832213476674986
49,61,말/Noun,5179,2468,2711,0.027453595642992108,0.030131722161753926,0.5234601274377293
50,62,아깝다/Adjective,5167,374,4793,0.004179170834722685,0.0532552922099558,0.9276175730598026
51,64,드라마/Noun,5005,3017,1988,0.03355562965432922,0.022101779248761638,0.6027972027972028
52,66,때/Noun,4940,3220,1720,0.03581193731243748,0.01912525822430529,0.6518218623481782
53,68,ㅋㅋㅋ/KoreanParticle,4833,2528,2305,0.028120484605979768,0.02562251493813723,0.5230705565901097
54,69,재미있다/Adjective,4787,4102,685,0.04561520506835612,0.007630111730602634,0.8569041153123041
55,70,거/Noun,4783,1959,2824,0.02179615427364677,0.03138674781758813,0.5904244198201966
56,71,와/Josa,4779,2774,2005,0.03085472935422919,0.022290588418223414,0.5804561623770663
57,72,감독/Noun,4688,1515,3173,0.016861175947538068,0.0352628890024212,0.6768344709897611
58,73,ㅋㅋ/KoreanParticle,4594,2777,1817,0.03088807380237857,0.02020258113241076,0.6044841097083152
59,74,재미/Noun,4538,1752,2786,0.01949538735133934,0.03096470379173238,0.6139268400176289
60,75,내용/Noun,4529,1407,3122,0.015660775814160276,0.03469646149403585,0.6893353941267388
61,76,뭐/Noun,4491,831,3660,0.009258641769478715,0.04067171638641463,0.8149632598530394
62,77,못/VerbPrefix,4418,1474,2944,0.0164054684894965,0.032719518425553665,0.666364870982345
63,78,그냥/Noun,4406,1187,3219,0.013215516283205513,0.035773784402141316,0.7305946436677259
64,79,고/Josa,4377,1761,2616,0.019595420695787485,0.02907661209711455,0.5976696367374914
65,80,까지/Josa,4353,2076,2277,0.023096587751472712,0.025311535129611942,0.5230875258442453
66,81,게/Josa,4340,1723,2617,0.0191730576858953,0.0290877185188476,0.6029953917050691
67,82,주다/Verb,4321,1728,2593,0.01922863176614427,0.028821164397254493,0.6000925711640824
68,83,안/VerbPrefix,4262,1318,2944,0.014671557185728575,0.032719518425553665,0.6907555138432661
69,84,재미없다/Adjective,4205,307,3898,0.0034344781593864623,0.04331504475887958,0.9269916765755052
70,85,자다/Verb,4114,2658,1456,0.029565410692453036,0.01619316288678114,0.6460865337870686
71,86,좀/Noun,4111,1455,2656,0.0161942869845504,0.029520868966436395,0.6460715154463634
72,87,그/Noun,4099,2400,1699,0.02669778815160609,0.018892023367911327,0.5855086606489388
73,88,지루하다/Adjective,4057,872,3185,0.009714349227520284,0.03539616606321775,0.7850628543258565
74,89,하고/Josa,4024,1896,2128,0.021095920862509724,0.02365667829138808,0.5288270377733598
75,91,!!/Punctuation,4005,3088,917,0.03434478159386462,0.010206801572669318,0.7710362047440699
76,92,시간/Noun,3956,1077,2879,0.01199288651772813,0.03199760101290566,0.7277553083923155
77,93,한/Determiner,3920,1604,2316,0.01785039457596977,0.025744685577200742,0.5908163265306122
78,94,쓰레기/Noun,3739,209,3530,0.002345226186506613,0.03922788156111864,0.9441027012570206
79,96,수/Noun,3698,2475,1223,0.027531399355340668,0.013605366622981408,0.6692806922660898
80,97,모르다/Verb,3669,1654,2015,0.018406135378459487,0.02240165263555388,0.5491959662033251
81,98,싶다/Verb,3517,1833,1684,0.02039568745137268,0.01872542704191564,0.5211828262723912
82,99,그렇다/Adjective,3501,1397,2104,0.01554962765366233,0.02339012416979497,0.6009711510996858
83,100,나/Noun,3501,1853,1648,0.020617983772368568,0.018325595859525975,0.5292773493287632
84,101,아/Exclamation,3469,1327,2142,0.014771590530176725,0.023812168195650726,0.6174690112424329
85,102,알다/Verb,3393,1393,2000,0.015505168389463152,0.022235056309558188,0.5894488653109343
86,103,볼/Noun,3386,1865,1521,0.0207513615649661,0.01691508029942913,0.5507974010632014
87,104,작품/Noun,3308,2050,1258,0.02280760253417806,0.01399409138363802,0.6197097944377267
88,105,다시/Noun,3289,2763,526,0.03073246637768145,0.005864190675048313,0.8400729705077531
89,106,10/Number,3248,2158,1090,0.02400800266755585,0.012128212532486284,0.6644088669950738
90,107,마지막/Noun,3201,2151,1050,0.02393019895520729,0.011683955663164441,0.6719775070290535
91,108,보다/Josa,3196,1681,1515,0.018706235411803936,0.016848441769030855,0.5259699624530664
92,109,사랑/Noun,3190,2523,667,0.0280649105257308,0.0074301961394078065,0.7909090909090909
93,110,잘/VerbPrefix,3151,2150,1001,0.023919084139157498,0.011139740998245185,0.682323072040622
94,111,하나/Noun,3087,1267,1820,0.014104701567189062,0.020235900397609898,0.5895691609977324
95,112,오다/Verb,3064,1619,1445,0.018017116816716684,0.01607099224771763,0.5283942558746736
96,113,이렇게/Adverb,3042,1309,1733,0.014571523841280428,0.01926964170683489,0.5696909927679158
97,114,요/Josa,3013,1950,1063,0.02169612092919862,0.01182833914569404,0.6471954862263525
98,115,처음/Noun,2995,1342,1653,0.014938312770923641,0.01838112796819121,0.5519198664440734
99,116,이다/Adjective,2942,2200,742,0.02447482494164721,0.00826317776938626,0.7477906186267845
100,117,나/Josa,2916,1029,1887,0.011459375347338,0.020980030653723985,0.647119341563786
101,118,정도/Noun,2909,1293,1616,0.014393686784483715,0.0179701903640685,0.5555173599174974
102,119,2/Number,2878,1225,1653,0.0136378792930977,0.01838112796819121,0.5743571924947879
103,120,많다/Adjective,2857,1696,1161,0.01887295765255085,0.012916768475532551,0.5936296814840742
104,121,완전/Noun,2851,1545,1306,0.0171946204290319,0.014527199626824227,0.5419151175026307
105,122,ㅋ/KoreanParticle,2712,1574,1138,0.017516950094475937,0.012661320775672492,0.5803834808259587
106,123,주인공/Noun,2708,1083,1625,0.012059575414026896,0.018070148159665917,0.6000738552437223
107,124,안되다/Adjective,2683,658,2025,0.0073357785928642874,0.022512716852884338,0.7547521431233694
108,127,차다/Verb,2646,1269,1377,0.014126931199288654,0.015315755569870497,0.5204081632653061
109,128,인데/Josa,2629,1242,1387,0.013826831165944204,0.015426819787200959,0.5275770254849753
110,129,장면/Noun,2611,1425,1186,0.015860842503056576,0.013194429018858705,0.5457679050172348
111,130,중/Suffix,2597,1568,1029,0.017450261198177167,0.011450720806770473,0.6037735849056604
112,131,지금/Noun,2596,1843,753,0.020506835611870625,0.008385348408449766,0.7099383667180277
113,132,ㅠㅠ/KoreanParticle,2589,1842,747,0.020495720795820828,0.008318709878051491,0.7114716106604867
114,133,최악/Noun,2549,32,2517,0.00037790374569300877,0.027977076345542997,0.9874460572773636
115,134,지/Josa,2511,993,1518,0.011059241969545405,0.01688176103422999,0.6045400238948626
116,135,임/Noun,2511,1059,1452,0.01179281982883183,0.016148737199848953,0.5782556750298686
117,136,걸/Noun,2493,777,1716,0.008658441702789819,0.01908083253737311,0.6883273164861613
118,137,3/Number,2481,918,1563,0.010225630765810827,0.017381550012217063,0.6299879081015719
119,138,이야기/Noun,2465,1372,1093,0.015271757252417473,0.012161531797685421,0.5565922920892495
120,139,연출/Noun,2454,975,1479,0.010859175280649105,0.016448610586641196,0.6026894865525673
121,140,별로/Noun,2438,320,2118,0.0035789707680337892,0.023545614074057617,0.8687448728465955
122,141,끝/Noun,2438,862,1576,0.009603201067022341,0.01752593349474666,0.6464315012305168
123,142,돈/Noun,2433,279,2154,0.00312326330999222,0.023945445256447283,0.8853267570900123
124,143,느낌/Noun,2411,1154,1257,0.012848727353562298,0.013982984961904973,0.5213604313562837
125,144,좋아하다/Adjective,2390,1427,963,0.015883072135156162,0.010717696972389435,0.597071129707113
126,145,듯/Noun,2374,1137,1237,0.012659775480715792,0.013760856527244052,0.52106149957877
127,146,라/Josa,2373,987,1386,0.010992553073246638,0.015415713365467912,0.584070796460177
128,147,그리고/Conjunction,2339,1419,920,0.01579415360675781,0.010240120837868457,0.6066695168875588
129,148,역시/Noun,2323,1623,700,0.01806157608091586,0.007796708056598325,0.6986655187257856
130,149,넘다/Verb,2286,1520,766,0.01691675002778704,0.008529731890979364,0.6649168853893264
131,150,개/Noun,2277,671,1606,0.007480271201511616,0.017859126146738045,0.7053140096618358
132,151,명작/Noun,2259,1976,283,0.02198510614649328,0.0031653301939181234,0.8747233289065959
133,152,받다/Verb,2250,1080,1170,0.012026230965877514,0.013016726271129968,0.52
134,153,남다/Verb,2231,1452,779,0.016160942536401022,0.008674115373508963,0.6508292245629762
135,154,이런/Modifier,2201,819,1382,0.009125263976881185,0.015371287678535732,0.6278964107223989
136,155,그/Determiner,2183,1013,1170,0.011281538290541291,0.013016726271129968,0.5359596885020614
137,156,이해/Noun,2164,866,1298,0.00964766033122152,0.014438348252959863,0.5998151571164511
138,157,^^/Punctuation,2162,1921,241,0.021373791263754584,0.002698860481130189,0.8885291396854764
139,158,라고/Josa,2147,777,1370,0.008658441702789819,0.015238010617739176,0.6380996739636703
140,159,괜찮다/Adjective,2129,1444,685,0.01607202400800267,0.007630111730602634,0.6782527007984971
141,160,ㅡㅡ/KoreanParticle,2128,211,1917,0.002367455818606202,0.021313223305715362,0.9008458646616542
142,161,이영화/Noun,2102,1147,955,0.012770923641213738,0.01062884559852507,0.5456707897240723
143,162,안/Noun,2100,842,1258,0.009380904746026451,0.01399409138363802,0.599047619047619
144,163,버리다/Verb,2073,660,1413,0.007358008224963877,0.015715586752260157,0.6816208393632417
145,164,느끼다/Verb,2066,1442,624,0.016049794375903082,0.006952620004886826,0.6979670861568248
146,165,많이/Adverb,2064,1130,934,0.012581971768367234,0.0103956107421311,0.5474806201550387
147,166,때문/Noun,2060,810,1250,0.009025230632433032,0.013905240009773652,0.6067961165048543
148,167,!!!/Punctuation,2038,1392,646,0.01549405357341336,0.007196961283013839,0.6830225711481845
149,168,또/Noun,2013,1348,665,0.01500500166722241,0.007407983295941714,0.6696472925981123
150,169,중/Noun,1957,1139,818,0.012682005112815385,0.009107265821097759,0.5820132856412877
151,170,해주다/Verb,1945,1324,621,0.014738246082027343,0.0069193007396876885,0.680719794344473
152,171,여자/Noun,1944,757,1187,0.008436145381793929,0.01320553544059175,0.61059670781893
153,172,난/Noun,1928,1196,732,0.013315549627653665,0.0081521135520558,0.6203319502074689
154,173,꼭/Noun,1920,1594,326,0.017739246415471824,0.003642906328439104,0.8302083333333333
155,174,내/Determiner,1911,839,1072,0.00934756029787707,0.011928296941291454,0.5609628466771324
156,175,에게/Josa,1907,1144,763,0.012737579193064357,0.008496412625780226,0.5998951232302046
157,176,보기/Noun,1903,847,1056,0.009436478826275423,0.01175059419356272,0.5549132947976878
158,177,아름답다/Adjective,1901,1659,242,0.01846170945870846,0.0027099669028632354,0.8726985796948974
159,178,하/Suffix,1862,787,1075,0.008769589863287762,0.011961616206490592,0.5773361976369495
160,179,이고/Josa,1836,960,876,0.01069245303990219,0.009751438281614427,0.5228758169934641
161,180,어떻다/Adjective,1819,805,1014,0.008969656552184062,0.011284124480774784,0.5574491478834525
162,181,마음/Noun,1810,1497,313,0.016661109258641768,0.003498522845909505,0.8270718232044199
163,182,인생/Noun,1810,1304,506,0.014515949761031457,0.005642062240387392,0.7204419889502762
164,184,엔/Josa,1801,827,974,0.009214182505279538,0.010839867611452942,0.5408106607440311
165,185,기억/Noun,1794,1237,557,0.01377125708569523,0.00620848974877274,0.6895206243032329
166,186,부터/Josa,1791,743,1048,0.008280537957096809,0.01166174281969835,0.5851479620323842
167,187,결말/Noun,1777,729,1048,0.008124930532399691,0.01166174281969835,0.5897580191333709
168,188,끄다/Verb,1754,541,1213,0.006035345115038346,0.013494302405650948,0.6915621436716077
169,189,아쉽다/Adjective,1746,1186,560,0.013204401467155718,0.006241809013971878,0.6792668957617412
170,191,ㅎㅎ/KoreanParticle,1744,1498,246,0.01667222407469156,0.00275439258979542,0.8589449541284404
171,192,보여주다/Verb,1738,936,802,0.010425697454707124,0.008929563073369022,0.5385500575373993
172,193,랑/Josa,1721,744,977,0.008291652773146604,0.010873186876652079,0.5676932016269611
173,194,못/Noun,1720,544,1176,0.0060686895631877295,0.013083364801528243,0.6837209302325581
174,195,소재/Noun,1714,594,1120,0.006624430365677447,0.012461405184477666,0.6534422403733956
175,196,이나/Josa,1704,527,1177,0.005879737690341225,0.013094471223261291,0.6907276995305164
176,197,어리다/Verb,1690,1270,420,0.014138046015338444,0.004686909971345432,0.7514792899408284
177,198,재다/Verb,1675,1417,258,0.01577192397465822,0.0028876696505919725,0.8459701492537314
178,199,없이/Adverb,1675,902,773,0.010047793709014116,0.008607476843110686,0.5385074626865671
179,200,뻔하다/Adjective,1670,457,1213,0.005101700566855619,0.013494302405650948,0.7263473053892215
180,201,애/Noun,1670,576,1094,0.006424363676781149,0.012172638219418469,0.6550898203592814
181,202,수준/Noun,1658,273,1385,0.003056574413693453,0.01540460694373487,0.8353437876960192
182,203,맞다/Verb,1649,477,1172,0.005323996887851506,0.01303893911459606,0.7107337780473014
183,204,한번/Noun,1640,1136,504,0.012648660664666,0.0056198493969213,0.6926829268292682
184,205,편/Noun,1613,721,892,0.008036012004001334,0.009929141029343166,0.5530068195908245
185,206,네/Josa,1608,469,1139,0.005235078359453151,0.01267242719740554,0.7083333333333334
186,207,먹다/Verb,1594,709,885,0.007902634211403801,0.009851396077211843,0.5552070263488079
187,210,현실/Noun,1587,1041,546,0.011592753139935534,0.0060863191097092345,0.6559546313799622
188,211,전개/Noun,1586,418,1168,0.004668222740913638,0.012994513427663876,0.7364438839848676
189,212,매력/Noun,1586,1153,433,0.012837612537512505,0.004831293453875031,0.7269861286254728
190,213,무섭다/Adjective,1580,677,903,0.0075469600978103814,0.010051311668406672,0.5715189873417722
191,214,되어다/Verb,1577,1073,504,0.011948427253528954,0.0056198493969213,0.6804058338617628
192,215,가슴/Noun,1575,1376,199,0.01531621651661665,0.002232390768342256,0.8736507936507937
193,216,낮다/Adjective,1560,1254,306,0.013960208958541736,0.0034207778937781824,0.8038461538461539
194,217,말다/Verb,1559,338,1221,0.0037790374569300882,0.013583153779515316,0.7831943553559975
195,218,끝나다/Verb,1557,666,891,0.007424697121262644,0.009918034607610121,0.5722543352601156
196,219,~~/Punctuation,1556,1038,518,0.011559408691786151,0.005775339301183945,0.6670951156812339
197,220,야/Josa,1543,373,1170,0.00416805601867289,0.013016726271129968,0.7582631237848347
198,221,한국/Noun,1543,817,726,0.009103034344781592,0.008085475021657523,0.5294880103694103
199,222,높다/Adjective,1536,327,1209,0.003656774480382349,0.013449876718718765,0.787109375
200,223,님/Suffix,1536,948,588,0.010559075247304657,0.006552788822497168,0.6171875
201,224,알/Noun,1535,886,649,0.009869956652217406,0.007230280548212976,0.5771986970684039
202,225,가장/Noun,1534,1006,528,0.011203734578192731,0.005886403518514404,0.6558018252933507
203,226,;;/Punctuation,1523,373,1150,0.00416805601867289,0.012794597836469045,0.7550886408404465
204,227,저/Noun,1522,907,615,0.010103367789263087,0.006852662209289411,0.5959264126149802
205,228,슬프다/Adjective,1504,1292,212,0.014382571968433922,0.002376774250871854,0.8590425531914894
206,229,??/Punctuation,1503,455,1048,0.0050794709347560295,0.01166174281969835,0.697272122421823
207,231,멋지다/Adjective,1475,1271,204,0.01414916083138824,0.0022879228770074857,0.8616949152542372
208,233,아/Josa,1457,606,851,0.006757808158274981,0.00947377773828828,0.5840768702814001
209,234,하지만/Conjunction,1453,772,681,0.008602867622540847,0.00758568604367045,0.5313145216792843
210,235,음악/Noun,1452,1077,375,0.01199288651772813,0.00418712099335836,0.7417355371900827
211,236,반전/Noun,1452,767,685,0.008547293542291877,0.007630111730602634,0.528236914600551
212,237,성/Suffix,1445,496,949,0.005535178392797599,0.010562207068126793,0.6567474048442906
213,238,늘다/Verb,1443,678,765,0.0075580749138601765,0.008518625469246319,0.5301455301455301
214,239,유치하다/Adjective,1442,282,1160,0.003156607758141603,0.012905662053799508,0.8044382801664355
215,240,아이/Noun,1436,944,492,0.01051461598310548,0.005486572336124747,0.6573816155988857
216,241,죽다/Verb,1435,475,960,0.005301767255751918,0.010684377707190298,0.6689895470383276
217,242,함/Noun,1425,758,667,0.008447260197843727,0.0074301961394078065,0.5319298245614035
218,244,솔직하다/Adjective,1420,500,920,0.005579637656996777,0.010240120837868457,0.647887323943662
219,246,줄/Noun,1411,605,806,0.006746693342225186,0.008973988760301206,0.5712260807937632
220,247,무슨/Noun,1408,215,1193,0.00241191508280538,0.013272173970990026,0.8473011363636364
221,248,추천/Noun,1403,1037,366,0.011548293875736356,0.004087163197760945,0.7391304347826086
222,249,만/Noun,1401,947,454,0.010547960431254862,0.0050645283102689976,0.6759457530335474
223,250,냐/Josa,1392,169,1223,0.0019006335445148387,0.013605366622981408,0.8785919540229885
224,251,인지/Josa,1383,425,958,0.004746026453262197,0.010662164863724205,0.6926970354302241
225,252,쓰다/Verb,1383,430,953,0.0048016005335111715,0.010606632755058977,0.6890817064352857
226,253,게/Noun,1380,485,895,0.005412915416249861,0.009962460294542305,0.6485507246376812
227,254,눈물/Noun,1378,1156,222,0.012870956985661888,0.0024878384682023146,0.8388969521044993
228,255,인가/Josa,1378,446,932,0.004979437590307881,0.010373397898665008,0.6763425253991292
229,256,도/Noun,1374,658,716,0.0073357785928642874,0.007974410804327063,0.5211062590975255
230,257,번/Noun,1370,945,425,0.010525730799155274,0.004742442080010663,0.6897810218978102
231,259,ㅠ/KoreanParticle,1361,899,462,0.01001444926086473,0.005153379684133366,0.6605437178545187
232,260,자체/Noun,1360,582,778,0.006491052573079916,0.008663008951775917,0.5720588235294117
233,261,저/Determiner,1355,471,884,0.00525730799155274,0.009840289655478798,0.6523985239852399
234,262,우리/Noun,1346,996,350,0.011092586417694788,0.003909460450032209,0.7399702823179792
235,263,인간/Noun,1346,839,507,0.00934756029787707,0.005653168662120438,0.6233283803863299
236,264,네/Suffix,1337,913,424,0.010170056685561854,0.004731335658277615,0.6828721017202692
237,265,야하다/Adjective,1322,769,553,0.008569523174391464,0.006164064061840557,0.5816944024205749
238,267,지만/Josa,1312,784,528,0.00873624541513838,0.005886403518514404,0.5975609756097561
239,268,속/Noun,1307,819,488,0.009125263976881185,0.005442146649192564,0.6266258607498087
240,269,영/Modifier,1305,619,686,0.006902300766922307,0.00764121815233568,0.5256704980842912
241,270,허다/Verb,1294,206,1088,0.0023118817383572304,0.01210599968902019,0.8408037094281299
242,271,눈/Noun,1292,674,618,0.007513615649660998,0.006885981474488549,0.521671826625387
243,272,원작/Noun,1275,429,846,0.004790485717461376,0.009418245629623049,0.6635294117647059
244,273,짜증나다/Adjective,1251,81,1170,0.0009225297321329332,0.013016726271129968,0.9352517985611509
245,274,그래도/Adverb,1246,736,510,0.00820273424474825,0.005686487927319576,0.5906902086677368
246,275,살다/Verb,1239,732,507,0.008158274980549073,0.005653168662120438,0.5907990314769975
247,276,뭔가/Noun,1237,502,735,0.005601867289096366,0.008185432817254937,0.5941794664510913
248,277,코미디/Noun,1235,485,750,0.005412915416249861,0.008352029143250627,0.6072874493927125
249,278,찍다/Verb,1231,259,972,0.002900966988996332,0.01081765476798685,0.7896019496344435
250,279,보이다/Verb,1231,504,727,0.005624096921195954,0.00809658144339057,0.5905767668562144
251,280,연기력/Noun,1225,680,545,0.007580304545959766,0.006075212687976188,0.5551020408163265
252,281,캐릭터/Noun,1225,562,663,0.0062687562520840285,0.00738577045247562,0.5412244897959184
253,282,기대하다/Adjective,1222,341,881,0.003812381905079471,0.00980697039027966,0.7209492635024549
254,283,돼다/Verb,1217,575,642,0.006413248860731355,0.007152535596081654,0.5275267050123253
255,284,여운/Noun,1210,1139,71,0.012682005112815385,0.0008107687865123613,0.9413223140495868
256,285,이상/Noun,1209,637,572,0.007102367455818606,0.006375086074768431,0.5268817204301075
257,286,움/Noun,1204,432,772,0.00482383016561076,0.00859637042137764,0.6411960132890365
258,287,이네/Josa,1200,505,695,0.005635211737245747,0.007741175947933095,0.5791666666666667
259,288,전혀/Noun,1199,338,861,0.0037790374569300882,0.00958484195561874,0.7180984153461217
260,289,기대/Noun,1198,745,453,0.008302767589196399,0.005053421888535951,0.6218697829716193
261,290,지다/Verb,1197,523,674,0.005835278426142047,0.0075079410915391285,0.5630743525480367
262,291,모두/Noun,1194,810,384,0.009025230632433032,0.004287078788955775,0.6783919597989949
263,292,대박/Noun,1180,975,205,0.010859175280649105,0.002299029298740532,0.826271186440678
264,293,대한/Noun,1173,715,458,0.00796932310770257,0.005108953997201182,0.6095481670929241
265,294,공감/Noun,1172,643,529,0.0071690563521173735,0.005897509940247452,0.5486348122866894
266,295,씨/Suffix,1170,706,464,0.00786928976325442,0.005175592527599458,0.6034188034188034
267,296,근데/Adverb,1165,632,533,0.007046793375569634,0.005941935627179635,0.5424892703862659
268,297,별/Noun,1164,304,860,0.003401133711237079,0.009573735533885692,0.7388316151202751
269,298,이쁘다/Adjective,1161,733,428,0.008169389796598866,0.0047757613452098,0.6313522825150732
270,299,계속/Noun,1161,707,454,0.007880404579304213,0.0050645283102689976,0.6089577950043066
271,300,굿/Noun,1156,1072,84,0.011937312437479159,0.00095515226904196,0.9273356401384084
272,301,아주/Noun,1152,682,470,0.007602534178059353,0.005242231057997734,0.5920138888888888
273,302,시리즈/Noun,1149,660,489,0.007358008224963877,0.005453253070925609,0.5744125326370757
274,303,모습/Noun,1142,842,300,0.009380904746026451,0.003354139363379907,0.7373029772329247
275,304,별/Modifier,1142,316,826,0.0035345115038346118,0.009196117194962126,0.7232924693520141
276,305,미치다/Adjective,1139,415,724,0.004634878292764255,0.00806326217819143,0.6356453028972783
277,306,개봉/Noun,1138,496,642,0.005535178392797599,0.007152535596081654,0.5641476274165202
278,307,에는/Josa,1137,526,611,0.005868622874291431,0.006808236522357226,0.5373790677220757
279,308,전/Noun,1126,674,452,0.007513615649660998,0.0050423154668029066,0.5985790408525755
280,309,치다/Verb,1122,345,777,0.0038568411692786494,0.00865190253004287,0.6925133689839572
281,310,실망/Noun,1118,115,1003,0.001300433477825942,0.011161953841711278,0.8971377459749553
282,311,영상/Noun,1114,626,488,0.006980104479270868,0.005442146649192564,0.5619389587073609
283,313,요/Noun,1099,666,433,0.007424697121262644,0.004831293453875031,0.6060054595086443
284,315,일본/Noun,1098,391,707,0.004368122707569189,0.007874453008729647,0.6438979963570127
285,316,시키다/Verb,1097,384,713,0.0042903189952206286,0.007941091539127924,0.649954421148587
286,317,보지/Noun,1094,324,770,0.003623430032232967,0.008574157577911549,0.7038391224862889
287,318,진심/Noun,1094,415,679,0.004634878292764255,0.007563473200204358,0.6206581352833638
288,319,건지다/Verb,1093,195,898,0.002189618761809492,0.009995779559741442,0.8215919487648673
289,321,화/Suffix,1089,474,615,0.005290652439702123,0.006852662209289411,0.5647382920110193
290,323,다른/Noun,1077,615,462,0.0068578415027231296,0.005153379684133366,0.5710306406685237
291,324,이랑/Josa,1077,470,607,0.005246193175502945,0.006763810835425043,0.5636025998142989
292,325,일/Modifier,1074,387,687,0.004323663443370012,0.007652324574068727,0.6396648044692738
293,326,제목/Noun,1073,405,668,0.004523730132266311,0.007441302561140851,0.6225535880708295
294,327,귀엽다/Adjective,1069,881,188,0.009814382571968434,0.0021102201292787486,0.8241347053320861
295,329,몰입/Noun,1061,631,430,0.00703567855951984,0.004797974188675893,0.5947219604147032
296,331,대단하다/Adjective,1057,751,306,0.008369456485495166,0.0034207778937781824,0.7105014191106906
297,332,밖에/Josa,1056,430,626,0.0048016005335111715,0.006974832848352918,0.5928030303030303
298,333,)/Punctuation,1054,502,552,0.005601867289096366,0.00615295764010751,0.523719165085389
299,335,뿐/Noun,1051,311,740,0.0034789374235856397,0.008240964925920167,0.7040913415794482
300,336,두/Determiner,1051,585,466,0.006524397021229299,0.0051978053710655505,0.5566127497621313
301,338,ㅎ/KoreanParticle,1048,840,208,0.009358675113926865,0.00233234856393967,0.8015267175572519
302,339,;/Punctuation,1045,287,758,0.0032121818383905746,0.008440880517114994,0.7253588516746412
303,340,표현/Noun,1042,681,361,0.00759141936200956,0.004031631089095715,0.6535508637236085
304,341,OO/Alpha,1033,220,813,0.0024674891630543515,0.009051733712432529,0.7870280735721199
305,343,가족/Noun,1031,710,321,0.007913749027453596,0.0035873742197738727,0.6886517943743938
306,345,잔잔하다/Adjective,1023,897,126,0.009992219628765144,0.001421621981829894,0.8768328445747801
307,346,처럼/Josa,1023,537,486,0.005990885850839169,0.005419933805726471,0.5249266862170088
308,347,요즘/Noun,1013,643,370,0.0071690563521173735,0.00413158888469313,0.6347482724580454
309,348,감/Noun,1013,542,471,0.0060464599310881394,0.005253337479730781,0.5350444225074038
310,349,점도/Noun,1011,91,920,0.001033677892630877,0.010240120837868457,0.9099901088031652
311,352,용/Noun,999,295,704,0.003301100366788929,0.00784113374353051,0.7047047047047047
312,353,떨어지다/Verb,997,207,790,0.0023229965544070245,0.00879628601257247,0.7923771313941825
313,354,ㅜㅜ/KoreanParticle,996,633,363,0.007057908191619429,0.004053843932561807,0.6355421686746988
314,355,모든/Noun,986,630,356,0.007024563743470045,0.003976098980430485,0.6389452332657201
315,356,4/Number,981,333,648,0.0037234633766811158,0.007219174126479932,0.6605504587155964
316,358,급/Noun,974,237,737,0.002656441035900856,0.00820764566072103,0.7566735112936345
317,359,웃다/Verb,974,598,376,0.006668889629876626,0.004198227415091406,0.6139630390143738
318,360,위/Noun,973,445,528,0.004968322774258086,0.005886403518514404,0.5426515930113053
319,361,조금/Noun,967,582,385,0.006491052573079916,0.00429818521068882,0.6018614270941055
320,362,특히/Adverb,966,665,301,0.007413582305212848,0.0033652457851129523,0.6884057971014492
321,363,여/Modifier,966,412,554,0.004601533844614872,0.006175170483573602,0.5734989648033126
322,364,빠지다/Verb,964,602,362,0.006713348894075803,0.0040427375108287615,0.6244813278008299
323,366,개인/Noun,957,633,324,0.007057908191619429,0.003620693484973011,0.6614420062695925
324,367,분/Noun,957,530,427,0.005913082138490608,0.0047646549234767535,0.5538140020898642
325,368,스릴러/Noun,954,424,530,0.004734911637212404,0.005908616361980497,0.5555555555555556
326,369,공포/Noun,951,319,632,0.0035678559519839955,0.007041471378751194,0.6645636172450052
327,370,짜다/Verb,947,361,586,0.00403467822607536,0.006530575979031076,0.6187961985216474
328,371,극장/Noun,938,444,494,0.00495720795820829,0.005508785179590839,0.5266524520255863
329,372,건/Noun,932,292,640,0.0032677559186395466,0.0071303227526155625,0.6866952789699571
330,373,한테/Josa,931,317,614,0.0035456263198844064,0.006841555787556365,0.6595059076262084
331,374,작가/Noun,929,209,720,0.002345226186506613,0.008018836491259245,0.77502691065662
332,375,이유/Noun,928,364,564,0.00406802267422474,0.006286234700904063,0.6077586206896551
333,376,나름/Noun,923,600,323,0.006691119261976214,0.003609587063239965,0.6500541711809318
334,377,잼/Noun,923,524,399,0.0058463932421918404,0.004453675114951465,0.5677139761646804
335,378,시작/Noun,922,432,490,0.00482383016561076,0.0054643594926586546,0.5314533622559653
336,379,욕/Noun,910,166,744,0.0018672890963654552,0.00828539061285235,0.8175824175824176
337,380,차라리/Noun,909,59,850,0.0006780037790374569,0.00946267131655523,0.935093509350935
338,381,이상하다/Adjective,909,232,677,0.002600866955651884,0.007541260356738266,0.7447744774477447
339,382,노래/Noun,909,604,305,0.006735578526175392,0.0034096714720451365,0.6644664466446645
340,383,깊다/Adjective,907,808,99,0.009003001000333445,0.0011217485950376508,0.8908489525909592
341,384,제대로/Noun,907,366,541,0.00409025230632433,0.0060307870010440036,0.5964718853362734
342,385,짱/Noun,905,842,63,0.009380904746026451,0.0007219174126479931,0.9303867403314916
343,386,중간/Noun,905,328,577,0.0036678892964321437,0.0064306181834336605,0.6375690607734806
344,387,울다/Verb,900,695,205,0.00774702678670668,0.002299029298740532,0.7722222222222223
345,388,알바/Noun,897,104,793,0.001178170501278204,0.008829605277771607,0.8840579710144928
346,389,-/Punctuation,894,421,473,0.004701567189063021,0.0052755503231968716,0.529082774049217
347,390,0/Number,888,77,811,0.0008780704679337558,0.009029520868966436,0.9132882882882885
348,392,따뜻하다/Adjective,884,833,51,0.009280871401578305,0.0005886403518514405,0.9423076923076924
349,393,느껴지다/Verb,884,553,331,0.0061687229076358785,0.0036984384371043337,0.6255656108597285
350,394,삶/Noun,883,770,113,0.008580637990441259,0.0012772384993002955,0.8720271800679502
351,395,에도/Josa,881,473,408,0.0052795376236523285,0.0045536329105488795,0.5368898978433598
352,396,",,/Punctuation",879,413,466,0.004612648660664666,0.0051978053710655505,0.5301478953356087
353,397,...../Punctuation,877,327,550,0.003656774480382349,0.006130744796641418,0.6271379703534777
354,398,제/Noun,874,553,321,0.0061687229076358785,0.0035873742197738727,0.6327231121281465
355,399,오랜/Modifier,870,699,171,0.007791486050905858,0.0019214109598169665,0.8034482758620691
356,400,기/Noun,869,240,629,0.0026897854840502392,0.007008152113552056,0.7238204833141542
357,401,예쁘다/Adjective,865,571,294,0.006368789596532178,0.00328750083298163,0.6601156069364161
358,402,제일/Noun,865,507,358,0.0056574413693453365,0.003998311823896578,0.5861271676300578
359,403,당시/Noun,862,550,312,0.006135378459486495,0.003487416424176459,0.6380510440835266
360,404,빼다/Verb,861,250,611,0.002800933644548183,0.006808236522357226,0.7096399535423926
361,405,점수/Noun,857,271,586,0.0030343447815938647,0.006530575979031076,0.6837806301050176
362,406,해보다/Verb,855,496,359,0.005535178392797599,0.004009418245629622,0.5801169590643275
363,408,영화로/Noun,847,377,470,0.004212515282872069,0.005242231057997734,0.5548996458087367
364,409,놈/Noun,846,250,596,0.002800933644548183,0.006641640196361536,0.7044917257683215
365,410,아직도/Adverb,841,631,210,0.00703567855951984,0.002354561407405762,0.7502972651605232
366,411,어설프다/Adjective,834,79,755,0.0009003001000333445,0.008407561251915855,0.9052757793764988
367,412,막장/Noun,834,144,690,0.001622763143269979,0.007685643839267866,0.8273381294964028
368,413,력/Suffix,830,347,483,0.003879070801378237,0.005386614540527333,0.5819277108433735
369,414,연/Modifier,829,393,436,0.0043903523396687785,0.004864612719074169,0.525934861278649
370,415,친구/Noun,827,432,395,0.00482383016561076,0.004409249428019281,0.5223700120918985
371,416,훌륭하다/Adjective,825,663,162,0.007391352673113259,0.001821453164219552,0.8036363636363636
372,417,세상/Noun,824,533,291,0.00594642658663999,0.003254181567782492,0.6468446601941747
373,418,이지/Josa,815,332,483,0.003712348560631322,0.005386614540527333,0.5926380368098161
374,419,이라고/Josa,815,342,473,0.003823496721129265,0.0052755503231968716,0.5803680981595092
375,420,공포영화/Noun,809,293,516,0.003278870734689341,0.005753126457717852,0.6378244746600742
376,421,위해/Noun,809,386,423,0.004312548627320218,0.004720229236544571,0.5228677379480839
377,422,도대체/Noun,805,101,704,0.0011448260531288204,0.00784113374353051,0.8745341614906832
378,423,웃음/Noun,805,380,425,0.004245859731021452,0.004742442080010663,0.5279503105590062
379,424,힘들다/Adjective,799,310,489,0.0034678226075358447,0.005453253070925609,0.6120150187734669
380,425,앞/Noun,797,485,312,0.005412915416249861,0.003487416424176459,0.6085319949811794
381,426,생각나다/Verb,795,647,148,0.00721351561631655,0.001665963259956907,0.8138364779874214
382,427,류/Noun,790,141,649,0.0015894186951205956,0.007230280548212976,0.8215189873417722
383,428,로/Noun,790,335,455,0.0037456930087807045,0.005075634732002044,0.5759493670886076
384,430,의/Noun,788,444,344,0.00495720795820829,0.003842821919633933,0.5634517766497462
385,431,절대/Noun,787,263,524,0.0029454262531955103,0.005841977831582221,0.6658195679796697
386,432,그리다/Verb,785,442,343,0.004934978326108703,0.0038317154979008857,0.5630573248407643
387,433,뭘/Noun,782,175,607,0.001967322440813605,0.006763810835425043,0.7762148337595908
388,434,잇다/Verb,780,524,256,0.0058463932421918404,0.00286545680712588,0.6717948717948717
389,435,우리나라/Noun,778,423,355,0.00472379682116261,0.003964992558697439,0.5437017994858612
390,437,물/Noun,777,295,482,0.003301100366788929,0.005375508118794287,0.6203346203346203
391,438,제/Modifier,775,314,461,0.0035122818717350226,0.00514227326240032,0.5948387096774194
392,439,미국/Noun,774,361,413,0.00403467822607536,0.0046091650192141105,0.5335917312661499
393,440,써다/Verb,768,243,525,0.0027231299321996217,0.005853084253315267,0.68359375
394,441,수작/Noun,766,696,70,0.007758141602756475,0.0007996623647793153,0.908616187989556
395,442,엄청/Adverb,766,465,301,0.0051906190952539745,0.0033652457851129523,0.6070496083550914
396,443,걍/Adverb,765,208,557,0.002334111370456819,0.00620848974877274,0.7281045751633987
397,444,설정/Noun,762,139,623,0.0015671890630210071,0.0069415135831537795,0.8175853018372703
398,445,초반/Noun,761,265,496,0.0029676558852950985,0.005530998023056932,0.6517739816031537
399,446,찾다/Verb,758,431,327,0.004812715349560965,0.003654012750172149,0.5686015831134564
400,447,5/Number,758,346,412,0.0038679559853284423,0.004598058597481063,0.5435356200527705
401,448,놓다/Verb,755,225,530,0.0025230632433033235,0.005908616361980497,0.7019867549668874
402,449,필요없다/Adjective,754,630,124,0.007024563743470045,0.0013994091383638019,0.8355437665782494
403,450,일/Noun,751,400,351,0.004468156052017339,0.003920566871765255,0.5326231691078562
404,451,신선하다/Adjective,748,507,241,0.0056574413693453365,0.002698860481130189,0.6778074866310161
405,452,싫다/Adjective,746,130,616,0.0014671557185728574,0.0068637686310224575,0.8257372654155496
406,453,시나리오/Noun,742,207,535,0.0023229965544070245,0.005964148470645727,0.7210242587601078
407,454,딱/Adverb,742,251,491,0.002812048460597977,0.005475465914391701,0.6617250673854448
408,455,이란/Josa,742,435,307,0.004857174613760142,0.0034318843155112288,0.5862533692722371
409,456,사실/Noun,742,429,313,0.004790485717461376,0.003498522845909505,0.578167115902965
410,457,해/Noun,741,351,390,0.003923530065577415,0.00435371731935405,0.5263157894736842
411,458,출연/Noun,740,226,514,0.0025341780593531177,0.00573091361425176,0.6945945945945946
412,461,멋있다/Adjective,732,615,117,0.0068578415027231296,0.0013216641862324795,0.8401639344262295
413,462,관객/Noun,732,188,544,0.002111815049460932,0.006064106266243142,0.7431693989071039
414,463,한국영/Noun,731,295,436,0.003301100366788929,0.004864612719074169,0.5964432284541724
415,464,이야/Josa,730,298,432,0.003334444814938313,0.004820187032141985,0.5917808219178082
416,465,가지/Noun,725,278,447,0.003112148493942425,0.004986783358137676,0.616551724137931
417,466,노잼/Noun,724,17,707,0.00021118150494609317,0.007874453008729647,0.9765193370165746
418,468,뭔/Modifier,722,104,618,0.001178170501278204,0.006885981474488549,0.8559556786703602
419,469,분위기/Noun,721,443,278,0.004946093142158497,0.003109798085252893,0.6144244105409153
420,470,답답하다/Adjective,719,131,588,0.001478270534622652,0.006552788822497168,0.8178025034770514
421,471,아프다/Adjective,719,559,160,0.006235411803934645,0.0017992403207534593,0.7774687065368567
422,472,시대/Noun,719,474,245,0.005290652439702123,0.0027432861680623736,0.6592489568845619
423,473,봄/Noun,718,398,320,0.00444592641991775,0.003576267798040827,0.5543175487465181
424,474,장난/Noun,714,182,532,0.002045126153162165,0.005930829205446589,0.7450980392156863
425,475,죽이다/Verb,713,198,515,0.002222963209958875,0.005742020035984807,0.7223001402524544
426,477,최고다/Noun,711,679,32,0.007569189729909971,0.0003776183389235656,0.9549929676511956
427,478,스럽다/Adjective,711,238,473,0.00266755585195065,0.0052755503231968716,0.6652601969057665
428,479,명/Noun,711,303,408,0.0033900188951872853,0.0045536329105488795,0.5738396624472574
429,480,OOO/Alpha,708,91,617,0.001033677892630877,0.006874875052755503,0.8714689265536724
430,481,결국/Adverb,708,253,455,0.0028342780926975657,0.005075634732002044,0.6426553672316384
431,482,지루함/Noun,707,100,607,0.0011337112370790265,0.006763810835425043,0.8585572842998586
432,483,추억/Noun,707,576,131,0.006424363676781149,0.0014771540904951245,0.8147100424328148
433,484,나쁘다/Adjective,707,269,438,0.003012115149494276,0.004886825562540261,0.6195190947666195
434,485,대/Suffix,707,376,331,0.0042014004668222745,0.0036984384371043337,0.5318246110325319
435,486,소리/Noun,705,202,503,0.0022674224741580525,0.005608742975188254,0.7134751773049646
436,487,니/Josa,705,294,411,0.0032899855507391353,0.004586952175748018,0.5829787234042553
437,488,따다/Verb,704,382,322,0.00426808936312104,0.0035984806415069195,0.5426136363636364
438,489,이딴/Modifier,703,26,677,0.00031121484939424253,0.007541260356738266,0.9630156472261736
439,490,더럽다/Adjective,701,81,620,0.0009225297321329332,0.00690819431795464,0.8844507845934381
440,491,준/Noun,699,391,308,0.004368122707569189,0.003442990737244275,0.5593705293276109
441,492,영화관/Noun,695,298,397,0.003334444814938313,0.004431462271485373,0.5712230215827339
442,493,마다/Josa,694,480,214,0.005357341336000889,0.0023989870943379463,0.69164265129683
443,494,살/Noun,690,420,270,0.004690452373013226,0.003020946711388525,0.6086956521739131
444,495,인상/Noun,689,547,142,0.006102034011337114,0.0015993247295586306,0.7939042089985486
445,496,이지만/Josa,687,427,260,0.0047682560853617864,0.0029098824940580643,0.6215429403202329
446,497,어이없다/Adjective,686,55,631,0.0006335445148382794,0.007030364957018148,0.9198250728862972
447,498,오늘/Noun,685,462,223,0.005157274647104589,0.002498944889935361,0.6744525547445256
448,499,감정/Noun,684,445,239,0.004968322774258086,0.0026766476376640968,0.6505847953216374
449,500,서다/Verb,684,373,311,0.00416805601867289,0.003476310002443413,0.5453216374269005
450,501,부족하다/Adjective,681,215,466,0.00241191508280538,0.0051978053710655505,0.6842878120411159
451,502,안타깝다/Adjective,681,384,297,0.0042903189952206286,0.003320820098180768,0.5638766519823789
452,503,전/Modifier,680,199,481,0.0022340780260086696,0.005364401697061241,0.7073529411764706
453,504,정신/Noun,678,183,495,0.0020562409692119594,0.0055198916013238855,0.7300884955752213
454,505,엔딩/Noun,678,431,247,0.004812715349560965,0.002765499011528466,0.6356932153392331
455,506,라면/Noun,678,389,289,0.004345893075469601,0.0032319687243164,0.5737463126843658
456,507,접/Noun,676,122,554,0.0013782371901745027,0.006175170483573602,0.8195266272189349
457,508,팬/Noun,676,366,310,0.00409025230632433,0.0034652035807103665,0.5414201183431953
458,509,잊다/Verb,674,570,104,0.0063576747804823825,0.001177280703702881,0.8456973293768546
459,510,졸작/Noun,672,34,638,0.0004001333777925976,0.007108109909149471,0.949404761904762
460,511,제발/Noun,671,179,492,0.002011781705012782,0.005486572336124747,0.7332339791356185
461,512,자신/Noun,671,422,249,0.004712682005112816,0.002787711854994558,0.6289120715350224
462,513,니까/Josa,668,282,386,0.003156607758141603,0.0043092916324218656,0.5778443113772455
463,514,아무리/Adverb,666,114,552,0.0012893186617761474,0.00615295764010751,0.8288288288288288
464,515,그저/Adverb,666,221,445,0.002478603979104145,0.004964570514671583,0.6681681681681682
465,516,코믹/Noun,662,371,291,0.004145826386573302,0.003254181567782492,0.5604229607250756
466,517,♥/Foreign,660,651,9,0.007257974880515727,0.00012217063906350652,0.9863636363636364
467,518,평가/Noun,660,352,308,0.00393464488162721,0.003442990737244275,0.5333333333333333
468,519,킬링타임/Noun,659,186,473,0.0020895854173613427,0.0052755503231968716,0.7177541729893778
469,520,~~~/Punctuation,657,400,257,0.004468156052017339,0.002876563228858926,0.60882800608828
470,521,함께/Adverb,656,544,112,0.0060686895631877295,0.0012661320775672494,0.8292682926829268
471,522,그렇게/Adverb,656,251,405,0.002812048460597977,0.00452031364534974,0.6173780487804879
472,523,음/Noun,654,290,364,0.003245526286539958,0.004064950354294853,0.5565749235474006
473,525,캐스팅/Noun,653,219,434,0.002456374347004557,0.0048423998756080755,0.664624808575804
474,526,8/Number,653,388,265,0.004334778259419807,0.0029654146027232944,0.5941807044410413
475,527,대해/Noun,651,506,145,0.005646326553295543,0.001632643994757769,0.7772657450076805
476,529,어색하다/Adjective,642,123,519,0.001389352006224297,0.0057864457229169905,0.8084112149532711
477,530,포스터/Noun,642,205,437,0.002300766922307436,0.0048757191408072146,0.6806853582554517
478,531,적다/Verb,641,432,209,0.00482383016561076,0.002343454985672716,0.6739469578783152
479,532,몰입도/Noun,638,412,226,0.004601533844614872,0.0025322641551344988,0.64576802507837
480,533,뒤/Noun,637,294,343,0.0032899855507391353,0.0038317154979008857,0.5384615384615384
481,534,엉/Exclamation,636,103,533,0.0011670556852284096,0.005941935627179635,0.8380503144654088
482,535,쓸다/Verb,636,162,474,0.0018228298321662773,0.005286656744929919,0.7452830188679245
483,536,자/Suffix,632,213,419,0.002389685450705791,0.004675803549612386,0.6629746835443038
484,537,갈수록/Noun,631,192,439,0.002156274313660109,0.004897931984273306,0.6957210776545166
485,538,스릴/Noun,631,370,261,0.004134711570523508,0.0029209889157911107,0.5863708399366085
486,539,개연/Noun,630,55,575,0.0006335445148382794,0.00640840533996757,0.9126984126984128
487,540,망하다/Adjective,630,89,541,0.0010114482605312882,0.0060307870010440036,0.8587301587301587
488,541,애니메이션/Noun,630,418,212,0.004668222740913638,0.002376774250871854,0.6634920634920635
489,542,시/Modifier,626,284,342,0.003178837390241192,0.00382060907616784,0.5463258785942492
490,543,배경/Noun,625,369,256,0.004123596754473714,0.00286545680712588,0.5904
491,544,데/Noun,624,271,353,0.0030343447815938647,0.003942779715231347,0.5657051282051282
492,545,든/Josa,623,361,262,0.00403467822607536,0.002932095337524157,0.579454253611557
493,546,!!!!/Punctuation,622,460,162,0.005135045015005002,0.001821453164219552,0.7395498392282959
494,547,엄마/Noun,622,344,278,0.003845726353228854,0.003109798085252893,0.5530546623794212
495,549,문제/Noun,619,201,418,0.002256307658108259,0.00466469712787934,0.6752827140549273
496,550,진부하다/Adjective,618,109,509,0.0012337445815271755,0.005675381505586529,0.8236245954692557
497,551,살리다/Verb,618,260,358,0.0029120818050461265,0.003998311823896578,0.5792880258899676
498,552,이름/Noun,617,239,378,0.002678670668000445,0.004220440258557497,0.6126418152350082
499,553,지/Modifier,617,246,371,0.002756474380349005,0.004142695306426175,0.6012965964343598
500,554,하/Exclamation,614,213,401,0.002389685450705791,0.004475887958417557,0.6530944625407166
501,555,ㅠㅠㅠ/KoreanParticle,611,496,115,0.005535178392797599,0.0012994513427663874,0.8117839607201309
502,556,두다/Verb,611,285,326,0.003189952206290986,0.003642906328439104,0.5335515548281505
503,557,나가다/Verb,610,191,419,0.0021451594976103147,0.004675803549612386,0.6868852459016394
504,558,충격/Noun,610,399,211,0.004457041235967545,0.0023656678291388076,0.6540983606557377
505,559,비다/Verb,610,253,357,0.0028342780926975657,0.003987205402163531,0.5852459016393443
506,560,맘/Noun,609,373,236,0.00416805601867289,0.0026433283724649594,0.6124794745484401
507,561,구성/Noun,605,285,320,0.003189952206290986,0.003576267798040827,0.5289256198347108
508,562,유쾌하다/Adjective,603,554,49,0.006179837723685673,0.0005664275083853486,0.9187396351575456
509,563,머리/Noun,603,235,368,0.002634211403801267,0.004109376041227037,0.6102819237147595
510,564,옛날/Noun,602,317,285,0.0035456263198844064,0.003187543037384216,0.5265780730897011
511,565,보단/Josa,600,239,361,0.002678670668000445,0.004031631089095715,0.6016666666666667
512,566,완벽하다/Adjective,599,512,87,0.00571301544959431,0.0009884715342410985,0.8547579298831386
513,567,질/Noun,599,104,495,0.001178170501278204,0.0055198916013238855,0.8263772954924875
514,568,여/Josa,598,263,335,0.0029454262531955103,0.003742864124036518,0.560200668896321
515,569,를/Noun,597,280,317,0.0031343781260420142,0.003542948532841689,0.5309882747068677
516,570,영화인/Noun,596,336,260,0.003756807824830499,0.0029098824940580643,0.5637583892617449
517,572,만화/Noun,595,266,329,0.002978770701344893,0.0036762255936382423,0.5529411764705883
518,574,놀라다/Verb,594,366,228,0.00409025230632433,0.002554476998600591,0.6161616161616161
519,575,적/Noun,593,406,187,0.004534844948316105,0.002099113707545703,0.684654300168634
520,576,예술/Noun,593,258,335,0.0028898521729465373,0.003742864124036518,0.5649241146711635
521,577,기도/Noun,591,342,249,0.003823496721129265,0.002787711854994558,0.5786802030456852
522,578,강추/Noun,590,547,43,0.006102034011337114,0.0004997889779870722,0.9271186440677966
523,579,행복하다/Adjective,590,524,66,0.0058463932421918404,0.0007552366778471312,0.8881355932203391
524,580,얘기/Noun,590,217,373,0.0024341447149049678,0.004164908149892268,0.6322033898305085
525,581,대/Foreign,587,217,370,0.0024341447149049678,0.00413158888469313,0.6303236797274276
526,583,장르/Noun,583,201,382,0.002256307658108259,0.004264865945489682,0.6552315608919382
527,585,더빙/Noun,582,150,432,0.0016894520395687453,0.004820187032141985,0.7422680412371134
528,586,어울리다/Verb,581,319,262,0.0035678559519839955,0.002932095337524157,0.5490533562822719
529,587,만/Suffix,580,315,265,0.003523396687784817,0.0029654146027232944,0.5431034482758621
530,588,어디/Noun,579,237,342,0.002656441035900856,0.00382060907616784,0.5906735751295337
531,589,주연/Noun,577,225,352,0.0025230632433033235,0.0039316732934983,0.6100519930675911
532,590,얼굴/Noun,576,199,377,0.0022340780260086696,0.004209333836824453,0.6545138888888888
533,591,은/Noun,576,256,320,0.0028676225408469486,0.003576267798040827,0.5555555555555556
534,592,후반/Noun,574,266,308,0.002978770701344893,0.003442990737244275,0.5365853658536586
535,593,즐겁다/Adjective,573,495,78,0.005524063576747805,0.0008885137386436838,0.8638743455497382
536,594,들이다/Verb,573,233,340,0.0026119817717016785,0.0037983962327017475,0.5933682373472949
537,595,같이/Adverb,572,327,245,0.003656774480382349,0.0027432861680623736,0.5716783216783217
538,596,웃기/Noun,571,344,227,0.003845726353228854,0.0025433705768675447,0.6024518388791593
539,597,머/Noun,570,97,473,0.0011003667889296432,0.0052755503231968716,0.8298245614035088
540,598,집중/Noun,568,252,316,0.002823163276647772,0.003531842111108643,0.5563380281690141
541,599,비/Noun,563,225,338,0.0025230632433033235,0.003776183389235656,0.6003552397868561
542,600,여기/Noun,563,228,335,0.002556407691452707,0.003742864124036518,0.5950266429840142
543,601,꽤/Noun,562,441,121,0.00492386351005891,0.001366089873164664,0.7846975088967971
544,603,짜증/Noun,558,23,535,0.00027787040124485944,0.005964148470645727,0.9587813620071683
545,604,9/Number,557,382,175,0.00426808936312104,0.00196583664674915,0.6858168761220825
546,605,매우/Noun,557,343,214,0.0038346115371790603,0.0023989870943379463,0.6157989228007181
547,606,ㅡ/KoreanParticle,556,157,399,0.0017672557519173055,0.004453675114951465,0.7176258992805755
548,607,날/Noun,556,337,219,0.003767922640880293,0.0024545192030031764,0.6061151079136691
549,608,ㅎㅎㅎ/KoreanParticle,555,434,121,0.004846059797710348,0.001366089873164664,0.781981981981982
550,609,읽다/Verb,555,242,313,0.0027120151161498275,0.003498522845909505,0.563963963963964
551,610,너무나/Adverb,552,365,187,0.004079137490274536,0.002099113707545703,0.6612318840579711
552,611,이리/Adverb,552,199,353,0.0022340780260086696,0.003942779715231347,0.6394927536231884
553,612,진/Noun,552,216,336,0.002423029898855174,0.0037539705457695642,0.6086956521739131
554,613,누구/Noun,552,311,241,0.0034789374235856397,0.002698860481130189,0.5634057971014492
555,614,???/Punctuation,551,142,409,0.0016005335111703902,0.004564739332281925,0.7422867513611615
556,615,두/Noun,551,362,189,0.004045793042125153,0.002121326551011795,0.6569872958257713
557,617,새롭다/Adjective,549,377,172,0.004212515282872069,0.0019325173815500122,0.6867030965391621
558,618,전쟁/Noun,549,326,223,0.0036456596643325546,0.002498944889935361,0.5938069216757741
559,619,건가/Noun,546,124,422,0.0014004668222740914,0.004709122814811524,0.7728937728937729
560,620,아직/Adverb,546,363,183,0.004056907858174947,0.0020546880206135185,0.6648351648351648
561,621,생기다/Verb,545,190,355,0.00213404468156052,0.003964992558697439,0.6513761467889908
562,622,상황/Noun,545,243,302,0.0027231299321996217,0.0033763522068459982,0.5541284403669725
563,623,언제/Noun,545,290,255,0.003245526286539958,0.0028543503853928343,0.5321100917431193
564,624,멀다/Adjective,544,178,366,0.0020006668889629878,0.004087163197760945,0.6727941176470589
565,625,작/Modifier,544,183,361,0.0020562409692119594,0.004031631089095715,0.6636029411764706
566,626,소름/Noun,540,437,103,0.004879404245859731,0.001166174281969835,0.8092592592592592
567,627,심하다/Adjective,539,81,458,0.0009225297321329332,0.005108953997201182,0.8497217068645642
568,628,충분하다/Adjective,539,414,125,0.004623763476714461,0.001410515560096848,0.7680890538033395
569,629,불쌍하다/Adjective,539,206,333,0.0023118817383572304,0.0037206512805704256,0.6178107606679035
570,630,글/Noun,538,195,343,0.002189618761809492,0.0038317154979008857,0.6375464684014871
571,631,식/Suffix,534,210,324,0.002356341002556408,0.003620693484973011,0.6067415730337079
572,632,걸작/Noun,533,459,74,0.005123930198955207,0.0008440880517114996,0.8611632270168855
573,633,그나마/Adverb,532,40,492,0.0004668222740913638,0.005486572336124747,0.924812030075188
574,634,억지/Noun,527,72,455,0.0008224963876847838,0.005075634732002044,0.8633776091081594
575,635,대체/Noun,527,89,438,0.0010114482605312882,0.004886825562540261,0.8311195445920304
576,636,다큐/Noun,527,223,304,0.0025008336112037344,0.0033985650503120905,0.5768500948766604
577,638,시절/Noun,526,397,129,0.004434811603867956,0.0014549412470290322,0.7547528517110266
578,640,존나/Noun,525,122,403,0.0013782371901745027,0.004498100801883649,0.7676190476190476
579,641,약간/Noun,525,357,168,0.003990218961876181,0.001888091694617828,0.68
580,642,역사/Noun,525,318,207,0.0035567411359342,0.002321242142206624,0.6057142857142858
581,643,궁금하다/Adjective,524,199,325,0.0022340780260086696,0.003631799906706057,0.6202290076335878
582,644,분들/Suffix,524,307,217,0.0034344781593864623,0.0024323063595370845,0.5858778625954199
583,646,실화/Noun,522,331,191,0.0037012337445815275,0.0021435393944778877,0.6340996168582376
584,647,인물/Noun,521,236,285,0.002645326219851061,0.003187543037384216,0.5470249520153551
585,648,예전/Noun,521,277,244,0.003101033677892631,0.002732179746329328,0.5316698656429942
586,649,훨씬/Adverb,521,249,272,0.0027898188284983887,0.0030431595548546173,0.5220729366602687
587,650,해도/Noun,520,170,350,0.0019117483605646328,0.003909460450032209,0.6730769230769231
588,651,아무/Modifier,518,169,349,0.0019006335445148387,0.0038983540282991626,0.6737451737451737
589,652,극/Modifier,518,220,298,0.0024674891630543515,0.003331926519913814,0.5752895752895753
590,653,씬/Noun,515,279,236,0.00312326330999222,0.0026433283724649594,0.541747572815534
591,654,B/Alpha,514,133,381,0.001500500166722241,0.004253759523756636,0.7412451361867705
592,655,한마디/Noun,514,156,358,0.0017561409358675113,0.003998311823896578,0.6964980544747081
593,656,6/Number,513,237,276,0.002656441035900856,0.003087585241786801,0.5380116959064327
594,657,그대로/Noun,512,274,238,0.003067689229743248,0.0026655412159310517,0.53515625
595,658,어렵다/Adjective,511,267,244,0.0029898855173946877,0.002732179746329328,0.5225048923679061
596,659,순수하다/Adjective,506,433,73,0.004834944981660554,0.0008329816299784535,0.8557312252964426
597,660,휴/Exclamation,506,86,420,0.0009781038123819054,0.004686909971345432,0.8300395256916996
598,661,자기/Noun,506,160,346,0.001800600200066689,0.0038650347631000244,0.6837944664031621
599,662,누가/Noun,504,180,324,0.0020228965210625765,0.003620693484973011,0.6428571428571429
600,663,급/Suffix,504,211,293,0.002367455818606202,0.003276394411248584,0.5813492063492064
601,664,비교/Noun,504,220,284,0.0024674891630543515,0.0031764366156511693,0.5634920634920635
602,665,상당하다/Adjective,503,306,197,0.003423363343336668,0.0022101779248761637,0.6083499005964215
603,666,작/Noun,503,224,279,0.002511948427253529,0.003120904506985939,0.5546719681908548
604,667,",,,/Punctuation",503,232,271,0.002600866955651884,0.003032053133121571,0.5387673956262425
605,668,보/Noun,502,287,215,0.0032121818383905746,0.0024100935160709922,0.5717131474103586
606,669,니/Noun,502,220,282,0.0024674891630543515,0.003154223772185077,0.5617529880478087
607,670,만점/Noun,501,423,78,0.00472379682116261,0.0008885137386436838,0.844311377245509
608,671,초딩/Noun,501,192,309,0.002156274313660109,0.003454097158977321,0.6167664670658682
609,672,주/Modifier,501,217,284,0.0024341447149049678,0.0031764366156511693,0.5668662674650699
610,673,비디오/Noun,500,226,274,0.0025341780593531177,0.003065372398320709,0.5479999999999999
611,674,책/Noun,499,238,261,0.00266755585195065,0.0029209889157911107,0.5230460921843687
612,675,간만/Noun,496,400,96,0.004468156052017339,0.0010884293298385123,0.8064516129032258
613,677,몇/Modifier,495,218,277,0.0024452595309547628,0.0030986916635198478,0.5595959595959596
614,678,드리다/Verb,495,270,225,0.0030232299655440697,0.0025211577334014533,0.5454545454545454
615,679,필요하다/Adjective,494,325,169,0.003634544848282761,0.0018991981163508738,0.6578947368421053
616,680,부/Noun,494,227,267,0.0025452928754029127,0.002987627446189387,0.5404858299595142
617,681,만나다/Verb,491,299,192,0.003345559630988107,0.0021546458162109328,0.6089613034623218
618,682,자/Noun,489,199,290,0.0022340780260086696,0.0032430751460494453,0.5930470347648262
619,683,라도/Josa,488,145,343,0.0016338779593197733,0.0038317154979008857,0.7028688524590164
620,684,~!/Punctuation,487,385,102,0.0043014338112704244,0.001155067860236789,0.7905544147843943
621,685,CG/Alpha,487,126,361,0.0014226964543736804,0.004031631089095715,0.7412731006160165
622,686,굉장하다/Adjective,486,338,148,0.0037790374569300882,0.001665963259956907,0.6954732510288066
623,687,전체/Noun,486,158,328,0.0017783705679671,0.003665119171905196,0.6748971193415638
624,689,떠나다/Verb,484,271,213,0.0030343447815938647,0.0023878806726049,0.5599173553719008
625,690,뿐/Suffix,482,150,332,0.0016894520395687453,0.0037095448588373796,0.6887966804979253
626,691,감성/Noun,482,311,171,0.0034789374235856397,0.0019214109598169665,0.6452282157676349
627,692,다음/Noun,482,299,183,0.003345559630988107,0.0020546880206135185,0.6203319502074689
628,693,사회/Noun,481,337,144,0.003767922640880293,0.0016215375730247227,0.7006237006237006
629,694,오/Modifier,481,187,294,0.0021007002334111373,0.00328750083298163,0.6112266112266113
630,695,네이버/Noun,480,179,301,0.002011781705012782,0.0033652457851129523,0.6270833333333333
631,696,아들/Noun,480,261,219,0.002923196621095921,0.0024545192030031764,0.54375
632,697,발연기/Noun,477,34,443,0.0004001333777925976,0.004942357671205491,0.9287211740041929
633,698,무슨/Modifier,476,124,352,0.0014004668222740914,0.0039316732934983,0.7394957983193278
634,699,그런/Modifier,475,189,286,0.002122929865510726,0.003198649459117261,0.6021052631578947
635,700,ㅜ/KoreanParticle,474,275,199,0.003078804045793042,0.002232390768342256,0.5801687763713079
636,701,당하다/Adjective,473,184,289,0.002067355785261754,0.0032319687243164,0.6109936575052854
637,702,네/Determiner,472,250,222,0.002800933644548183,0.0024878384682023146,0.5296610169491526
638,703,남기다/Verb,471,253,218,0.0028342780926975657,0.0024434127812701305,0.5371549893842887
639,704,따르다/Verb,470,174,296,0.0019562076247638107,0.0033097136764477218,0.6297872340425532
640,705,바로/Noun,469,253,216,0.0028342780926975657,0.0024211999378040377,0.5394456289978679
641,706,판/Noun,468,203,265,0.002278537290207847,0.0029654146027232944,0.5662393162393162
642,707,ㅉㅉ/KoreanParticle,466,72,394,0.0008224963876847838,0.004398143006286235,0.8454935622317596
643,708,이르다/Verb,466,177,289,0.001989552072913193,0.0032319687243164,0.6201716738197425
644,709,여배우/Noun,466,198,268,0.002222963209958875,0.0029987338679224327,0.575107296137339
645,710,꿈/Noun,465,353,112,0.003945759697677003,0.0012661320775672494,0.7591397849462366
646,711,돌리다/Verb,463,161,302,0.0018117150161164836,0.0033763522068459982,0.652267818574514
647,712,주제/Noun,463,191,272,0.0021451594976103147,0.0030431595548546173,0.5874730021598272
648,713,혼자/Noun,462,213,249,0.002389685450705791,0.002787711854994558,0.5389610389610391
649,714,에요/Josa,461,357,104,0.003990218961876181,0.001177280703702881,0.7744034707158352
650,715,나이/Noun,460,314,146,0.0035122818717350226,0.001643750416490815,0.6826086956521739
651,716,반/Modifier,460,206,254,0.0023118817383572304,0.002843243963659788,0.5521739130434783
652,718,이/Foreign,458,326,132,0.0036456596643325546,0.0014882605122281704,0.7117903930131004
653,719,터지다/Verb,458,267,191,0.0029898855173946877,0.0021435393944778877,0.5829694323144105
654,720,코/Noun,458,203,255,0.002278537290207847,0.0028543503853928343,0.5567685589519651
655,721,화려하다/Adjective,458,251,207,0.002812048460597977,0.002321242142206624,0.5480349344978166
656,722,;;;/Punctuation,457,106,351,0.0012004001333777929,0.003920566871765255,0.7680525164113785
657,723,사랑스럽다/Adjective,456,433,23,0.004834944981660554,0.00027766054332615115,0.949561403508772
658,724,돋다/Verb,454,348,106,0.003890185617428032,0.0011994935471689732,0.7665198237885462
659,725,교훈/Noun,454,274,180,0.003067689229743248,0.0020213687554143807,0.6035242290748899
660,726,엄청나다/Adjective,453,290,163,0.003245526286539958,0.0018325595859525977,0.6401766004415012
661,727,편이/Noun,450,237,213,0.002656441035900856,0.0023878806726049,0.5266666666666666
662,728,소설/Noun,449,173,276,0.001945092808714016,0.003087585241786801,0.6146993318485523
663,729,죠/Josa,448,250,198,0.002800933644548183,0.002221284346609209,0.5580357142857143
664,730,이라도/Josa,446,106,340,0.0012004001333777929,0.0037983962327017475,0.7623318385650224
665,731,잔인하다/Adjective,446,190,256,0.00213404468156052,0.00286545680712588,0.5739910313901345
666,732,감사하다/Verb,445,404,41,0.004512615316216518,0.00047757613452098,0.907865168539326
667,733,바라다/Verb,444,271,173,0.0030343447815938647,0.0019436238032830586,0.6103603603603603
668,734,힘/Noun,443,266,177,0.002978770701344893,0.0019880494902152425,0.6004514672686229
669,735,거의/Noun,443,201,242,0.002256307658108259,0.0027099669028632354,0.54627539503386
670,736,시즌/Noun,442,315,127,0.003523396687784817,0.00143272840356294,0.7126696832579186
671,738,너/Noun,438,183,255,0.0020562409692119594,0.0028543503853928343,0.5821917808219178
672,739,빨리/Adverb,437,191,246,0.0021451594976103147,0.00275439258979542,0.562929061784897
673,741,방송/Noun,436,131,305,0.001478270534622652,0.0034096714720451365,0.6995412844036697
674,742,지나다/Verb,435,309,126,0.003456707791486051,0.001421621981829894,0.7103448275862069
675,743,모든/Modifier,434,259,175,0.002900966988996332,0.00196583664674915,0.5967741935483871
676,744,존재/Noun,434,257,177,0.0028787373568967428,0.0019880494902152425,0.5921658986175116
677,746,삼류/Noun,433,33,400,0.00038901856174280313,0.004464781536684511,0.9237875288683602
678,747,몇번/Noun,431,334,97,0.0037345781927309103,0.0010995357515715587,0.7749419953596288
679,748,진정하다/Adjective,431,313,118,0.0035011670556852285,0.0013327706079655256,0.7262180974477959
680,749,말고/Josa,431,182,249,0.002045126153162165,0.002787711854994558,0.5777262180974478
681,751,독특하다/Adjective,429,293,136,0.003278870734689341,0.0015326861991603546,0.6829836829836831
682,752,잡다/Verb,429,149,280,0.0016783372235189508,0.003132010928718985,0.6526806526806527
683,753,죽/Noun,428,138,290,0.0015560742469712125,0.0032430751460494453,0.677570093457944
684,754,....../Punctuation,427,155,272,0.001745026119817717,0.0030431595548546173,0.6370023419203747
685,755,당신/Noun,427,243,184,0.0027231299321996217,0.002065794442346565,0.5690866510538641
686,756,+/Punctuation,426,174,252,0.0019562076247638107,0.002821031120193696,0.5915492957746479
687,757,목소리/Noun,426,184,242,0.002067355785261754,0.0027099669028632354,0.5680751173708921
688,758,여주/Noun,424,130,294,0.0014671557185728574,0.00328750083298163,0.6933962264150944
689,759,담다/Verb,424,278,146,0.003112148493942425,0.001643750416490815,0.6556603773584906
690,760,가볍다/Adjective,423,287,136,0.0032121818383905746,0.0015326861991603546,0.6784869976359338
691,762,질질/Noun,419,72,347,0.0008224963876847838,0.0038761411848330703,0.8281622911694511
692,763,전부/Noun,418,133,285,0.001500500166722241,0.003187543037384216,0.6818181818181818
693,764,바/Noun,418,165,253,0.001856174280315661,0.0028321375419267424,0.6052631578947368
694,765,줄거리/Noun,417,136,281,0.0015338446148716238,0.0031431173504520315,0.6738609112709832
695,766,맛/Noun,417,190,227,0.00213404468156052,0.0025433705768675447,0.5443645083932853
696,768,신/Noun,416,182,234,0.002045126153162165,0.002621115528998867,0.5625
697,769,라니/Josa,416,226,190,0.0025341780593531177,0.002132432972744841,0.5432692307692307
698,770,점주/Noun,415,98,317,0.0011114816049794377,0.003542948532841689,0.763855421686747
699,771,실제/Noun,415,250,165,0.002800933644548183,0.0018547724294186894,0.6024096385542169
700,773,망치다/Verb,414,42,372,0.0004890519061909527,0.004153801728159222,0.8985507246376812
701,774,답/Noun,413,100,313,0.0011337112370790265,0.003498522845909505,0.7578692493946732
702,775,넘치다/Adjective,412,298,114,0.003334444814938313,0.0012883449210333415,0.7233009708737864
703,776,에선/Josa,411,226,185,0.0025341780593531177,0.002076900864079611,0.5498783454987834
704,777,성하다/Adjective,410,37,373,0.0004334778259419807,0.004164908149892268,0.9097560975609756
705,779,낭비/Noun,408,8,400,0.00011114816049794375,0.004464781536684511,0.9803921568627452
706,780,뜨다/Verb,408,147,261,0.0016561075914193618,0.0029209889157911107,0.6397058823529411
707,781,으로도/Josa,408,240,168,0.0026897854840502392,0.001888091694617828,0.5882352941176471
708,782,이번/Noun,408,215,193,0.00241191508280538,0.0021657522379439787,0.5269607843137255
709,783,각본/Noun,407,121,286,0.0013671223741247086,0.003198649459117261,0.7027027027027027
710,784,나라/Noun,407,193,214,0.0021673891297099034,0.0023989870943379463,0.5257985257985258
711,785,맞추다/Verb,404,109,295,0.0012337445815271755,0.0032986072547146763,0.7301980198019802
712,786,재/Noun,401,255,146,0.002856507724797155,0.001643750416490815,0.6359102244389028
713,787,필요/Noun,401,226,175,0.0025341780593531177,0.00196583664674915,0.5635910224438903
714,789,성룡/Noun,398,235,163,0.002634211403801267,0.0018325595859525977,0.5904522613065326
715,790,란/Noun,398,215,183,0.00241191508280538,0.0020546880206135185,0.5402010050251256
716,791,순간/Noun,397,263,134,0.0029454262531955103,0.0015104733556942625,0.6624685138539043
717,792,어른/Noun,397,249,148,0.0027898188284983887,0.001665963259956907,0.6272040302267002
718,793,평론가/Noun,397,239,158,0.002678670668000445,0.0017770274772873676,0.6020151133501259
719,794,갑자기/Noun,396,103,293,0.0011670556852284096,0.003276394411248584,0.73989898989899
720,795,제작/Noun,396,143,253,0.0016116483272201846,0.0028321375419267424,0.6388888888888888
721,796,판타지/Noun,396,181,215,0.00203401133711237,0.0024100935160709922,0.5429292929292929
722,797,이하/Noun,395,34,361,0.0004001333777925976,0.004031631089095715,0.9139240506329114
723,798,선/Noun,395,188,207,0.002111815049460932,0.002321242142206624,0.5240506329113924
724,800,기다리다/Verb,392,279,113,0.00312326330999222,0.0012772384993002955,0.7117346938775511
725,801,간다/Noun,392,151,241,0.0017005668556185395,0.002698860481130189,0.6147959183673469
726,802,너무하다/Adjective,390,50,340,0.0005779704345893076,0.0037983962327017475,0.8717948717948718
727,803,의도/Noun,390,66,324,0.0007558074913860174,0.003620693484973011,0.8307692307692308
728,804,발/Noun,390,81,309,0.0009225297321329332,0.003454097158977321,0.7923076923076923
729,805,영/Noun,390,107,283,0.001211514949427587,0.0031653301939181234,0.7256410256410256
730,806,시청률/Noun,390,206,184,0.0023118817383572304,0.002065794442346565,0.5282051282051282
731,807,밑/Noun,388,119,269,0.0013448927420251196,0.0030098402896554786,0.6932989690721649
732,808,TV/Alpha,388,158,230,0.0017783705679671,0.002576689842066683,0.5927835051546392
733,809,땜/Noun,387,126,261,0.0014226964543736804,0.0029209889157911107,0.6744186046511628
734,810,넣다/Verb,385,86,299,0.0009781038123819054,0.00334303294164686,0.7766233766233767
735,811,아버지/Noun,385,261,124,0.002923196621095921,0.0013994091383638019,0.6779220779220779
736,812,히/Adverb,385,222,163,0.00248971879515394,0.0018325595859525977,0.5766233766233766
737,813,단순하다/Adjective,385,218,167,0.0024452595309547628,0.0018769852728847821,0.5662337662337662
738,814,다른/Modifier,385,175,210,0.001967322440813605,0.002354561407405762,0.5454545454545454
739,815,오글거리다/Verb,384,63,321,0.0007224630432366343,0.0035873742197738727,0.8359375
740,816,보내다/Verb,384,257,127,0.0028787373568967428,0.00143272840356294,0.6692708333333334
741,817,만들어지다/Verb,384,249,135,0.0027898188284983887,0.0015215797774273086,0.6484375
742,818,한편/Noun,384,232,152,0.002600866955651884,0.0017103889468890912,0.6041666666666666
743,819,피/Noun,384,156,228,0.0017561409358675113,0.002554476998600591,0.59375
744,820,상/Suffix,383,204,179,0.002289652106257641,0.0020102623336813344,0.5326370757180157
745,821,굳다/Adjective,381,349,32,0.0039013004334778256,0.0003776183389235656,0.9160104986876642
746,824,볼때/Noun,380,276,104,0.0030899188618428363,0.001177280703702881,0.7263157894736842
747,825,바꾸다/Verb,379,143,236,0.0016116483272201846,0.0026433283724649594,0.6226912928759895
748,826,들어가다/Verb,379,156,223,0.0017561409358675113,0.002498944889935361,0.5883905013192612
749,827,힘드다/Adjective,378,165,213,0.001856174280315661,0.0023878806726049,0.5634920634920635
750,828,화면/Noun,378,168,210,0.0018895187284650441,0.002354561407405762,0.5555555555555556
751,829,면/Noun,377,205,172,0.002300766922307436,0.0019325173815500122,0.5437665782493368
752,830,10년/Number,376,276,100,0.0030899188618428363,0.0011328550167706971,0.7340425531914894
753,831,세계/Noun,376,224,152,0.002511948427253529,0.0017103889468890912,0.5957446808510638
754,832,달다/Verb,376,176,200,0.001978437256863399,0.002243497190075301,0.5319148936170213
755,833,에서도/Josa,375,204,171,0.002289652106257641,0.0019214109598169665,0.544
756,834,첨/Adverb,374,111,263,0.0012559742136267645,0.002943201759257202,0.7032085561497327
757,835,막/Noun,373,133,240,0.001500500166722241,0.002687754059397144,0.6434316353887399
758,836,흥행/Noun,373,171,202,0.001922863176614427,0.0022657100335413943,0.5415549597855228
759,839,그때/Noun,371,269,102,0.003012115149494276,0.001155067860236789,0.7250673854447439
760,840,항상/Noun,371,247,124,0.0027675891963988,0.0013994091383638019,0.6657681940700808
761,841,갖다/Verb,371,162,209,0.0018228298321662773,0.002343454985672716,0.5633423180592992
762,842,좀비/Noun,370,127,243,0.0014338112704234743,0.0027210733245962818,0.6567567567567567
763,843,평/Noun,370,164,206,0.0018450594642658664,0.002310135720473578,0.5567567567567567
764,844,치고/Josa,368,112,256,0.0012670890296765588,0.00286545680712588,0.6956521739130435
765,846,뻔/Noun,367,98,269,0.0011114816049794377,0.0030098402896554786,0.7329700272479565
766,847,선택/Noun,367,176,191,0.001978437256863399,0.0021435393944778877,0.5204359673024523
767,849,거지/Noun,366,99,267,0.001122596421029232,0.002987627446189387,0.7295081967213115
768,850,곳/Noun,365,245,120,0.002745359564299211,0.0013549834514316175,0.6712328767123288
769,851,원/Modifier,364,158,206,0.0017783705679671,0.002310135720473578,0.5659340659340659
770,852,역대/Noun,364,192,172,0.002156274313660109,0.0019325173815500122,0.5274725274725275
771,854,에서는/Josa,362,194,168,0.0021785039457596976,0.001888091694617828,0.5359116022099447
772,855,짱/Suffix,361,320,41,0.0035789707680337892,0.00047757613452098,0.8864265927977839
773,856,성/Modifier,361,130,231,0.0014671557185728574,0.002587796263799729,0.6398891966759003
774,857,진행/Noun,360,97,263,0.0011003667889296432,0.002943201759257202,0.7305555555555555
775,860,동안/Noun,359,206,153,0.0023118817383572304,0.0017214953686221373,0.5738161559888579
776,862,이에요/Josa,358,286,72,0.0032010670223407804,0.0008218752082454075,0.7988826815642458
777,863,더욱/Noun,358,281,77,0.0031454929420918084,0.0008774073169106378,0.7849162011173184
778,864,tv/Alpha,358,103,255,0.0011670556852284096,0.0028543503853928343,0.7122905027932961
779,865,낫다/Noun,358,124,234,0.0014004668222740914,0.002621115528998867,0.6536312849162011
780,866,탄탄하다/Adjective,357,320,37,0.0035789707680337892,0.0004331504475887958,0.8963585434173671
781,867,돋보이다/Verb,357,275,82,0.003078804045793042,0.000932939425575868,0.7703081232492998
782,868,초/Noun,357,148,209,0.0016672224074691564,0.002343454985672716,0.5854341736694678
783,869,극장판/Noun,357,194,163,0.0021785039457596976,0.0018325595859525977,0.5434173669467787
784,870,어이/Noun,355,29,326,0.0003445592975436257,0.003642906328439104,0.9183098591549296
785,871,상미/Noun,355,237,118,0.002656441035900856,0.0013327706079655256,0.6676056338028169
786,872,래/Josa,355,138,217,0.0015560742469712125,0.0024323063595370845,0.6112676056338028
787,873,가보다/Verb,355,163,192,0.0018339446482160719,0.0021546458162109328,0.5408450704225352
788,874,참고/Noun,354,65,289,0.0007446926753362233,0.0032319687243164,0.8163841807909604
789,875,불편하다/Adjective,354,99,255,0.001122596421029232,0.0028543503853928343,0.7203389830508474
790,876,중국/Noun,354,122,232,0.0013782371901745027,0.002598902685532775,0.655367231638418
791,877,완성/Noun,354,212,142,0.002378570634655997,0.0015993247295586306,0.5988700564971752
792,878,딸/Noun,354,158,196,0.0017783705679671,0.0021990715031431174,0.5536723163841808
793,879,몇/Noun,353,222,131,0.00248971879515394,0.0014771540904951245,0.6288951841359773
794,880,흐르다/Verb,352,282,70,0.003156607758141603,0.0007996623647793153,0.8011363636363636
795,881,그녀/Noun,352,266,86,0.002978770701344893,0.000977365112508052,0.7556818181818182
796,882,억지스럽다/Adjective,351,50,301,0.0005779704345893076,0.0033652457851129523,0.8575498575498576
797,883,걸리다/Verb,351,96,255,0.0010892519728798488,0.0028543503853928343,0.7264957264957265
798,884,끼다/Verb,351,101,250,0.0011448260531288204,0.0027988182767276037,0.7122507122507122
799,885,올리다/Verb,351,186,165,0.0020895854173613427,0.0018547724294186894,0.5299145299145299
800,886,즐기다/Verb,350,239,111,0.002678670668000445,0.0012550256558342032,0.6828571428571428
801,887,물론/Adverb,350,195,155,0.002189618761809492,0.0017437082120882294,0.5571428571428572
802,888,세/Noun,350,161,189,0.0018117150161164836,0.002121326551011795,0.54
803,889,세/Modifier,349,186,163,0.0020895854173613427,0.0018325595859525977,0.5329512893982808
804,890,거기/Noun,348,120,228,0.0013560075580749138,0.002554476998600591,0.6551724137931034
805,892,점점/Noun,347,138,209,0.0015560742469712125,0.002343454985672716,0.6023054755043228
806,893,듣다/Verb,346,185,161,0.002078470601311548,0.0018103467424865054,0.5346820809248555
807,894,이냐/Josa,345,47,298,0.0005446259864399244,0.003331926519913814,0.8637681159420291
808,895,수가/Noun,345,151,194,0.0017005668556185395,0.002176858659677025,0.5623188405797102
809,896,허무하다/Adjective,344,85,259,0.0009669889963321108,0.0028987760723250184,0.7529069767441859
810,897,어디서/Adverb,343,123,220,0.001389352006224297,0.0024656256247362228,0.641399416909621
811,898,관람/Noun,343,149,194,0.0016783372235189508,0.002176858659677025,0.5655976676384841
812,899,술/Noun,342,58,284,0.0006668889629876625,0.0031764366156511693,0.8304093567251462
813,900,전형/Noun,342,64,278,0.0007335778592864287,0.003109798085252893,0.8128654970760234
814,901,똑같다/Adjective,341,86,255,0.0009781038123819054,0.0028543503853928343,0.7478005865102639
815,902,편집/Noun,340,103,237,0.0011670556852284096,0.002654434794198005,0.6970588235294117
816,904,잠/Noun,339,82,257,0.0009336445481827276,0.002876563228858926,0.7581120943952803
817,905,프랑스/Noun,339,185,154,0.002078470601311548,0.0017326017903551833,0.5457227138643068
818,906,사건/Noun,337,130,207,0.0014671557185728574,0.002321242142206624,0.6142433234421365
819,907,쯤/Suffix,336,199,137,0.0022340780260086696,0.0015437926208934005,0.5922619047619048
820,908,화보/Noun,335,124,211,0.0014004668222740914,0.0023656678291388076,0.6298507462686567
821,909,잃다/Verb,335,152,183,0.001711681671668334,0.0020546880206135185,0.5462686567164179
822,910,화이팅/Noun,334,296,38,0.0033122151828387236,0.0004442568693218419,0.8862275449101796
823,911,때리다/Verb,334,116,218,0.0013115482938757365,0.0024434127812701305,0.6526946107784432
824,912,짧다/Adjective,334,217,117,0.0024341447149049678,0.0013216641862324795,0.6497005988023952
825,913,드/Noun,334,183,151,0.0020562409692119594,0.0016992825251560453,0.5479041916167665
826,914,에/Foreign,334,155,179,0.001745026119817717,0.0020102623336813344,0.5359281437125748
827,915,식상하다/Adjective,333,37,296,0.0004334778259419807,0.0033097136764477218,0.8888888888888888
828,916,마르다/Adjective,333,116,217,0.0013115482938757365,0.0024323063595370845,0.6516516516516516
829,917,리/Noun,333,148,185,0.0016672224074691564,0.002076900864079611,0.5555555555555556
830,918,메다/Verb,332,150,182,0.0016894520395687453,0.0020435815988804726,0.5481927710843374
831,919,평범하다/Adjective,332,154,178,0.0017339113037679224,0.001999155911948289,0.536144578313253
832,921,꿀잼/Noun,330,316,14,0.0035345115038346118,0.00017770274772873674,0.9575757575757576
833,922,똥/Noun,330,29,301,0.0003445592975436257,0.0033652457851129523,0.912121212121212
834,923,그게/Noun,330,91,239,0.001033677892630877,0.0026766476376640968,0.7242424242424242
835,926,가지다/Verb,329,198,131,0.002222963209958875,0.0014771540904951245,0.6018237082066871
836,927,키/Noun,329,152,177,0.001711681671668334,0.0019880494902152425,0.5379939209726444
837,928,중반/Noun,328,125,203,0.0014115816383238858,0.0022768164552744398,0.6189024390243902
838,929,취향/Noun,328,127,201,0.0014338112704234743,0.0022546036118083475,0.6128048780487805
839,931,-_-/Punctuation,327,38,289,0.000444592641991775,0.0032319687243164,0.8837920489296636
840,932,개그/Noun,327,99,228,0.001122596421029232,0.002554476998600591,0.6972477064220184
841,933,싸우다/Verb,327,124,203,0.0014004668222740914,0.0022768164552744398,0.6207951070336392
842,934,뭐라다/Verb,327,141,186,0.0015894186951205956,0.0020880072858126568,0.5688073394495413
843,935,감상/Noun,327,185,142,0.002078470601311548,0.0015993247295586306,0.5657492354740061
844,936,마무리/Noun,327,148,179,0.0016672224074691564,0.0020102623336813344,0.5474006116207951
845,938,엉망/Noun,326,22,304,0.000266755585195065,0.0033985650503120905,0.9325153374233128
846,939,병맛/Noun,326,57,269,0.0006557741469378681,0.0030098402896554786,0.8251533742331288
847,940,티/Noun,325,91,234,0.001033677892630877,0.002621115528998867,0.72
848,941,적당하다/Adjective,325,106,219,0.0012004001333777929,0.0024545192030031764,0.6738461538461539
849,942,복수/Noun,325,128,197,0.0014449260864732687,0.0022101779248761637,0.6061538461538462
850,943,대로/Josa,325,143,182,0.0016116483272201846,0.0020435815988804726,0.56
851,944,뛰어나다/Adjective,324,238,86,0.00266755585195065,0.000977365112508052,0.7345679012345679
852,945,관/Noun,324,221,103,0.002478603979104145,0.001166174281969835,0.6820987654320988
853,946,걸다/Verb,324,116,208,0.0013115482938757365,0.00233234856393967,0.6419753086419753
854,947,ㄷㄷ/KoreanParticle,324,200,124,0.002245192842058464,0.0013994091383638019,0.6172839506172839
855,948,액션영화/Noun,324,192,132,0.002156274313660109,0.0014882605122281704,0.5925925925925926
856,949,난/Josa,324,152,172,0.001711681671668334,0.0019325173815500122,0.5308641975308642
857,950,소/Modifier,324,169,155,0.0019006335445148387,0.0017437082120882294,0.5216049382716049
858,951,지겹다/Adjective,323,29,294,0.0003445592975436257,0.00328750083298163,0.9102167182662538
859,952,미화/Noun,323,44,279,0.0005112815382905413,0.003120904506985939,0.8637770897832817
860,953,~!!/Punctuation,323,253,70,0.0028342780926975657,0.0007996623647793153,0.7832817337461301
861,954,흥미/Noun,323,125,198,0.0014115816383238858,0.002221284346609209,0.6130030959752322
862,955,//Punctuation,323,130,193,0.0014671557185728574,0.0021657522379439787,0.5975232198142415
863,956,예상/Noun,323,138,185,0.0015560742469712125,0.002076900864079611,0.5727554179566563
864,957,자극/Noun,323,174,149,0.0019562076247638107,0.0016770696816899534,0.5386996904024768
865,958,헐다/Verb,322,92,230,0.0010447927086806713,0.002576689842066683,0.7142857142857143
866,959,몸/Noun,322,132,190,0.0014893853506724466,0.002132432972744841,0.5900621118012422
867,960,과/Noun,322,138,184,0.0015560742469712125,0.002065794442346565,0.5714285714285714
868,961,간/Suffix,322,178,144,0.0020006668889629878,0.0016215375730247227,0.5527950310559007
869,962,흥미진진/Noun,321,276,45,0.0030899188618428363,0.0005220018214531642,0.8598130841121495
870,963,거리/Noun,321,142,179,0.0016005335111703902,0.0020102623336813344,0.557632398753894
871,964,원래/Noun,321,149,172,0.0016783372235189508,0.0019325173815500122,0.5358255451713395
872,965,손/Noun,320,175,145,0.001967322440813605,0.001632643994757769,0.546875
873,966,중요하다/Adjective,320,151,169,0.0017005668556185395,0.0018991981163508738,0.528125
874,967,훈훈하다/Adjective,319,281,38,0.0031454929420918084,0.0004442568693218419,0.8808777429467085
875,968,여서/Josa,319,132,187,0.0014893853506724466,0.002099113707545703,0.5862068965517241
876,969,잘만/Noun,318,239,79,0.002678670668000445,0.0008996201603767299,0.7515723270440252
877,970,에겐/Josa,317,194,123,0.0021785039457596976,0.0013883027166307562,0.61198738170347
878,971,노력/Noun,317,132,185,0.0014893853506724466,0.002076900864079611,0.583596214511041
879,972,만으로도/Josa,316,285,31,0.003189952206290986,0.00036651191719051963,0.9018987341772152
880,973,낫다/Verb,316,91,225,0.001033677892630877,0.0025211577334014533,0.7120253164556962
881,974,나르다/Verb,316,224,92,0.002511948427253529,0.0010440036429063284,0.7088607594936709
882,975,학교/Noun,316,192,124,0.002156274313660109,0.0013994091383638019,0.6075949367088608
883,976,비추다/Verb,315,48,267,0.0005557408024897189,0.002987627446189387,0.8476190476190476
884,977,괜히/Adverb,315,80,235,0.0009114149160831386,0.002632221950731913,0.7460317460317459
885,978,또한/Noun,315,208,107,0.002334111370456819,0.0012105999689020189,0.6603174603174603
886,979,과거/Noun,315,196,119,0.0022007335778592863,0.0013438770296985718,0.6222222222222222
887,980,오/Noun,315,182,133,0.002045126153162165,0.0014993669339612163,0.5777777777777777
888,981,배/Noun,315,144,171,0.001622763143269979,0.0019214109598169665,0.5428571428571428
889,982,그래픽/Noun,314,78,236,0.00088918528398355,0.0026433283724649594,0.7515923566878981
890,983,ost/Alpha,313,265,48,0.0029676558852950985,0.0005553210866523023,0.8466453674121406
891,984,그냥/Modifier,313,87,226,0.0009892186284316995,0.0025322641551344988,0.7220447284345048
892,985,이라니/Josa,313,116,197,0.0013115482938757365,0.0022101779248761637,0.6293929712460063
893,986,무/Noun,313,127,186,0.0014338112704234743,0.0020880072858126568,0.5942492012779552
894,987,그만/Adverb,312,21,291,0.00025564076914527065,0.003254181567782492,0.9326923076923076
895,988,장/Suffix,312,89,223,0.0010114482605312882,0.002498944889935361,0.7147435897435898
896,989,20/Number,312,211,101,0.002367455818606202,0.0011439614385037428,0.6762820512820513
897,990,바보/Noun,311,85,226,0.0009669889963321108,0.0025322641551344988,0.7266881028938906
898,991,성우/Noun,310,70,240,0.0008002667555851951,0.002687754059397144,0.7741935483870968
899,992,봣/Noun,308,207,101,0.0023229965544070245,0.0011439614385037428,0.6720779220779219
900,993,소중하다/Adjective,307,226,81,0.0025341780593531177,0.000921833003842822,0.7361563517915309
901,994,죽음/Noun,307,206,101,0.0023118817383572304,0.0011439614385037428,0.6710097719869706
902,995,대한민국/Noun,307,185,122,0.002078470601311548,0.0013771962948977098,0.6026058631921825
903,997,유치/Noun,306,21,285,0.00025564076914527065,0.003187543037384216,0.931372549019608
904,998,나서다/Verb,306,139,167,0.0015671890630210071,0.0018769852728847821,0.5457516339869279
905,999,도저히/Noun,305,26,279,0.00031121484939424253,0.003120904506985939,0.9147540983606556
906,1000,한심하다/Adjective,305,33,272,0.00038901856174280313,0.0030431595548546173,0.8918032786885246
907,1001,식/Noun,305,72,233,0.0008224963876847838,0.002610009107265821,0.7639344262295082
908,1002,속편/Noun,305,99,206,0.001122596421029232,0.002310135720473578,0.6754098360655738
909,1003,씩/Suffix,305,164,141,0.0018450594642658664,0.0015882183078255846,0.5377049180327869
910,1006,역겹다/Adjective,304,37,267,0.0004334778259419807,0.002987627446189387,0.8782894736842105
911,1007,울/Noun,304,228,76,0.002556407691452707,0.0008663008951775916,0.75
912,1008,무조건/Noun,304,193,111,0.0021673891297099034,0.0012550256558342032,0.6348684210526315
913,1009,닿다/Verb,303,192,111,0.002156274313660109,0.0012550256558342032,0.6336633663366337
914,1010,전달/Noun,303,115,188,0.001300433477825942,0.0021102201292787486,0.6204620462046204
915,1011,땐/Noun,303,183,120,0.0020562409692119594,0.0013549834514316175,0.6039603960396039
916,1012,상상/Noun,303,173,130,0.001945092808714016,0.0014660476687620785,0.570957095709571
917,1014,보이/Noun,302,130,172,0.0014671557185728574,0.0019325173815500122,0.5695364238410596
918,1015,다루다/Verb,302,158,144,0.0017783705679671,0.0016215375730247227,0.5231788079470199
919,1016,천재/Noun,301,236,65,0.002645326219851061,0.0007441302561140852,0.7840531561461794
920,1017,설명/Noun,301,133,168,0.001500500166722241,0.001888091694617828,0.5581395348837209
921,1018,억지로/Noun,300,42,258,0.0004890519061909527,0.0028876696505919725,0.86
922,1019,우연히/Adverb,300,258,42,0.0028898521729465373,0.0004886825562540262,0.86
923,1020,심리/Noun,300,207,93,0.0023229965544070245,0.0010551100646393743,0.69
924,1021,화가/Noun,299,75,224,0.0008558408358341669,0.0025100513116684065,0.7491638795986622
925,1022,강하다/Adjective,299,187,112,0.0021007002334111373,0.0012661320775672494,0.6254180602006689
926,1023,댓글/Noun,297,75,222,0.0008558408358341669,0.0024878384682023146,0.7474747474747475
927,1024,자꾸/Noun,297,119,178,0.0013448927420251196,0.001999155911948289,0.5993265993265994
928,1026,속/Modifier,296,73,223,0.0008336112037345782,0.002498944889935361,0.7533783783783784
929,1027,아무/Noun,296,116,180,0.0013115482938757365,0.0020213687554143807,0.6081081081081081
930,1028,타임/Noun,296,130,166,0.0014671557185728574,0.001865878851151736,0.5608108108108109
931,1029,개다/Verb,295,73,222,0.0008336112037345782,0.0024878384682023146,0.7525423728813561
932,1030,새끼/Noun,295,80,215,0.0009114149160831386,0.0024100935160709922,0.7288135593220338
933,1031,척/Noun,294,58,236,0.0006668889629876625,0.0026433283724649594,0.8027210884353742
934,1032,예고편/Noun,294,69,225,0.0007891519395354007,0.0025211577334014533,0.7653061224489796
935,1033,다가/Noun,293,91,202,0.001033677892630877,0.0022657100335413943,0.6894197952218429
936,1034,최근/Noun,293,195,98,0.002189618761809492,0.0011106421733046046,0.6655290102389079
937,1035,길다/Adjective,293,136,157,0.0015338446148716238,0.0017659210555543215,0.5358361774744027
938,1038,현/Modifier,292,181,111,0.00203401133711237,0.0012550256558342032,0.6198630136986302
939,1039,good/Alpha,291,213,78,0.002389685450705791,0.0008885137386436838,0.7319587628865979
940,1040,어느/Modifier,291,104,187,0.001178170501278204,0.002099113707545703,0.6426116838487973
941,1041,그림/Noun,291,164,127,0.0018450594642658664,0.00143272840356294,0.5635738831615121
942,1042,잊혀지다/Verb,289,255,34,0.002856507724797155,0.00039983118238965764,0.8823529411764706
943,1043,불륜/Noun,289,75,214,0.0008558408358341669,0.0023989870943379463,0.740484429065744
944,1044,젠/Noun,289,80,209,0.0009114149160831386,0.002343454985672716,0.7231833910034602
945,1045,터/Noun,289,126,163,0.0014226964543736804,0.0018325595859525977,0.5640138408304498
946,1046,대작/Noun,288,231,57,0.0025897521396020893,0.0006552788822497168,0.8020833333333334
947,1047,짐/Noun,288,189,99,0.002122929865510726,0.0011217485950376508,0.65625
948,1048,다니다/Verb,288,105,183,0.0011892853173279985,0.0020546880206135185,0.6354166666666666
949,1049,무비/Noun,288,124,164,0.0014004668222740914,0.001843666007685644,0.5694444444444444
950,1050,불다/Verb,288,127,161,0.0014338112704234743,0.0018103467424865054,0.5590277777777778
951,1053,미안하다/Adjective,287,74,213,0.0008447260197843727,0.0023878806726049,0.7421602787456446
952,1054,촬영/Noun,287,121,166,0.0013671223741247086,0.001865878851151736,0.5783972125435539
953,1055,전편/Noun,287,125,162,0.0014115816383238858,0.001821453164219552,0.5644599303135889
954,1056,열/Noun,286,78,208,0.00088918528398355,0.00233234856393967,0.7272727272727273
955,1057,90년/Number,286,134,152,0.0015116149827720349,0.0017103889468890912,0.5314685314685315
956,1058,올/Modifier,286,136,150,0.0015338446148716238,0.0016881761034229991,0.5244755244755245
957,1059,2시간/Number,285,95,190,0.0010781371568300542,0.002132432972744841,0.6666666666666666
958,1060,표정/Noun,285,161,124,0.0018117150161164836,0.0013994091383638019,0.5649122807017544
959,1061,동/Modifier,285,124,161,0.0014004668222740914,0.0018103467424865054,0.5649122807017544
960,1062,기억나다/Verb,285,157,128,0.0017672557519173055,0.0014438348252959862,0.5508771929824562
961,1063,아저씨/Noun,285,155,130,0.001745026119817717,0.0014660476687620785,0.543859649122807
962,1064,게임/Noun,284,97,187,0.0011003667889296432,0.002099113707545703,0.6584507042253521
963,1065,행동/Noun,284,103,181,0.0011670556852284096,0.0020324751771474267,0.6373239436619719
964,1066,고/Modifier,284,123,161,0.001389352006224297,0.0018103467424865054,0.5669014084507042
965,1068,실망하다/Adjective,283,60,223,0.0006891185950872514,0.002498944889935361,0.7879858657243817
966,1069,짓/Noun,283,70,213,0.0008002667555851951,0.0023878806726049,0.7526501766784452
967,1070,환상/Noun,283,207,76,0.0023229965544070245,0.0008663008951775916,0.7314487632508834
968,1071,여/Noun,283,178,105,0.0020006668889629878,0.001188387125435927,0.6289752650176679
969,1073,오래/Adverb,282,230,52,0.0025786373235522947,0.0005997467735844866,0.8156028368794326
970,1074,작다/Adjective,281,156,125,0.0017561409358675113,0.001410515560096848,0.5551601423487544
971,1075,결혼/Noun,281,130,151,0.0014671557185728574,0.0016992825251560453,0.5373665480427047
972,1076,참신하다/Adjective,281,149,132,0.0016783372235189508,0.0014882605122281704,0.5302491103202847
973,1077,그닥/Noun,280,25,255,0.00030010003334444816,0.0028543503853928343,0.9107142857142856
974,1078,귀신/Noun,280,71,209,0.0008113815716349895,0.002343454985672716,0.7464285714285714
975,1079,전설/Noun,280,175,105,0.001967322440813605,0.001188387125435927,0.625
976,1080,입/Noun,280,115,165,0.001300433477825942,0.0018547724294186894,0.5892857142857143
977,1082,산/Noun,279,67,212,0.0007669223074358119,0.002376774250871854,0.7598566308243727
978,1083,총/Modifier,279,87,192,0.0009892186284316995,0.0021546458162109328,0.6881720430107527
979,1084,회/Noun,279,177,102,0.001989552072913193,0.001155067860236789,0.6344086021505376
980,1085,빠져들다/Verb,278,264,14,0.002956541069245304,0.00017770274772873674,0.9496402877697842
981,1086,흘리다/Verb,278,211,67,0.002367455818606202,0.0007663430995801773,0.7589928057553957
982,1087,전작/Noun,277,72,205,0.0008224963876847838,0.002299029298740532,0.740072202166065
983,1088,총/Noun,277,85,192,0.0009669889963321108,0.0021546458162109328,0.6931407942238267
984,1089,유머/Noun,277,161,116,0.0018117150161164836,0.0013105577644994335,0.5812274368231047
985,1090,♡/Foreign,276,264,12,0.002956541069245304,0.00015548990426264466,0.9565217391304348
986,1091,돌아가다/Verb,276,167,109,0.0018784039124152493,0.0012328128123681114,0.605072463768116
987,1092,현재/Noun,275,205,70,0.002300766922307436,0.0007996623647793153,0.7454545454545455
988,1093,극/Suffix,275,114,161,0.0012893186617761474,0.0018103467424865054,0.5854545454545454
989,1094,마/Noun,275,119,156,0.0013448927420251196,0.0017548146338212756,0.5672727272727273
990,1095,진지하다/Adjective,275,145,130,0.0016338779593197733,0.0014660476687620785,0.5272727272727272
991,1096,쩔다/Verb,274,216,58,0.002423029898855174,0.0006663853039827628,0.7883211678832117
992,1097,여전하다/Adjective,274,191,83,0.0021451594976103147,0.000944045847308914,0.6970802919708029
993,1098,울/Modifier,274,178,96,0.0020006668889629878,0.0010884293298385123,0.6496350364963503
994,1099,제작비/Noun,273,38,235,0.000444592641991775,0.002632221950731913,0.8608058608058609
995,1100,영원하다/Adjective,273,231,42,0.0025897521396020893,0.0004886825562540262,0.8461538461538461
996,1101,예요/Josa,273,206,67,0.0023118817383572304,0.0007663430995801773,0.7545787545787546
997,1102,스러운/Josa,273,89,184,0.0010114482605312882,0.002065794442346565,0.6739926739926739
998,1103,다행/Noun,273,104,169,0.001178170501278204,0.0018991981163508738,0.6190476190476191
999,1104,흠/Noun,272,105,167,0.0011892853173279985,0.0018769852728847821,0.6139705882352942
1000,1105,나중/Noun,272,151,121,0.0017005668556185395,0.001366089873164664,0.5551470588235294
1001,1106,통해/Noun,271,217,54,0.0024341447149049678,0.0006219596170505788,0.8007380073800738
1002,1107,잘생기다/Adjective,271,198,73,0.002222963209958875,0.0008329816299784535,0.7306273062730627
1003,1108,노/Noun,271,96,175,0.0010892519728798488,0.00196583664674915,0.6457564575645757
1004,1109,주의/Noun,271,113,158,0.0012782038457263534,0.0017770274772873676,0.5830258302583026
1005,1110,저런/Noun,271,141,130,0.0015894186951205956,0.0014660476687620785,0.5202952029520295
1006,1111,이미/Adverb,270,114,156,0.0012893186617761474,0.0017548146338212756,0.5777777777777777
1007,1112,아쉬움/Noun,269,159,110,0.0017894853840168946,0.0012439192341011573,0.5910780669144982
1008,1113,역할/Noun,269,128,141,0.0014449260864732687,0.0015882183078255846,0.5241635687732342
1009,1114,망작/Noun,268,16,252,0.0002000666888962988,0.002821031120193696,0.9402985074626866
1010,1115,억/Modifier,268,114,154,0.0012893186617761474,0.0017326017903551833,0.5746268656716418
1011,1116,소녀/Noun,268,117,151,0.0013226631099255307,0.0016992825251560453,0.5634328358208955
1012,1118,가끔/Noun,267,174,93,0.0019562076247638107,0.0010551100646393743,0.651685393258427
1013,1119,만의/Josa,267,167,100,0.0018784039124152493,0.0011328550167706971,0.6254681647940075
1014,1120,드럽다/Adjective,266,24,242,0.0002889852172946538,0.0027099669028632354,0.9097744360902256
1015,1121,동화/Noun,266,189,77,0.002122929865510726,0.0008774073169106378,0.7105263157894737
1016,1122,80년/Number,266,82,184,0.0009336445481827276,0.002065794442346565,0.6917293233082706
1017,1123,:/Punctuation,266,106,160,0.0012004001333777929,0.0017992403207534593,0.6015037593984962
1018,1124,사라지다/Verb,266,107,159,0.001211514949427587,0.0017881338990204136,0.5977443609022557
1019,1125,먼저/Noun,266,153,113,0.0017227964877181282,0.0012772384993002955,0.575187969924812
1020,1126,겁나다/Verb,266,127,139,0.0014338112704234743,0.0015660054643594926,0.5225563909774437
1021,1127,100/Number,265,171,94,0.001922863176614427,0.0010662164863724202,0.6452830188679245
1022,1128,묘사/Noun,265,170,95,0.0019117483605646328,0.0010773229081054666,0.6415094339622641
1023,1129,씨/Noun,265,120,145,0.0013560075580749138,0.001632643994757769,0.5471698113207547
1024,1130,예산/Noun,264,65,199,0.0007446926753362233,0.002232390768342256,0.7537878787878788
1025,1131,으/Adverb,263,97,166,0.0011003667889296432,0.001865878851151736,0.6311787072243346
1026,1132,여러/Modifier,263,165,98,0.001856174280315661,0.0011106421733046046,0.6273764258555133
1027,1133,화/Noun,263,125,138,0.0014115816383238858,0.0015548990426264464,0.5247148288973384
1028,1136,채널/Noun,262,82,180,0.0009336445481827276,0.0020213687554143807,0.6870229007633588
1029,1137,살인/Noun,262,97,165,0.0011003667889296432,0.0018547724294186894,0.6297709923664122
1030,1138,멍청하다/Adjective,260,38,222,0.000444592641991775,0.0024878384682023146,0.8538461538461538
1031,1139,강/Noun,260,197,63,0.002211848393909081,0.0007219174126479931,0.7576923076923077
1032,1140,인하다/Adjective,260,152,108,0.001711681671668334,0.0012217063906350652,0.5846153846153846
1033,1141,만큼/Josa,260,150,110,0.0016894520395687453,0.0012439192341011573,0.5769230769230769
1034,1142,리메이크/Noun,260,113,147,0.0012782038457263534,0.0016548568382238609,0.5653846153846154
1035,1143,덥다/Adjective,260,123,137,0.001389352006224297,0.0015437926208934005,0.5269230769230769
1036,1144,특유/Noun,259,151,108,0.0017005668556185395,0.0012217063906350652,0.5830115830115831
1037,1145,바람/Noun,259,114,145,0.0012893186617761474,0.001632643994757769,0.5598455598455598
1038,1147,졸라/Noun,258,75,183,0.0008558408358341669,0.0020546880206135185,0.7093023255813954
1039,1148,프로그램/Noun,258,102,156,0.0011559408691786152,0.0017548146338212756,0.6046511627906976
1040,1149,관계/Noun,258,137,121,0.0015449594309214182,0.001366089873164664,0.5310077519379846
1041,1150,개/Suffix,257,79,178,0.0009003001000333445,0.001999155911948289,0.6926070038910506
1042,1151,틀다/Verb,257,149,108,0.0016783372235189508,0.0012217063906350652,0.5797665369649806
1043,1152,등장/Noun,257,108,149,0.0012226297654773814,0.0016770696816899534,0.5797665369649806
1044,1153,두/Josa,257,122,135,0.0013782371901745027,0.0015215797774273086,0.5252918287937743
1045,1157,외/Noun,256,70,186,0.0008002667555851951,0.0020880072858126568,0.7265625
1046,1158,서로/Noun,256,161,95,0.0018117150161164836,0.0010773229081054666,0.62890625
1047,1159,존/Noun,256,111,145,0.0012559742136267645,0.001632643994757769,0.56640625
1048,1160,영웅/Noun,255,121,134,0.0013671223741247086,0.0015104733556942625,0.5254901960784314
1049,1161,낚/Noun,254,20,234,0.00024452595309547634,0.002621115528998867,0.9212598425196852
1050,1162,경찰/Noun,254,98,156,0.0011114816049794377,0.0017548146338212756,0.6141732283464567
1051,1164,모/Noun,253,66,187,0.0007558074913860174,0.002099113707545703,0.7391304347826086
1052,1165,프로/Noun,253,104,149,0.001178170501278204,0.0016770696816899534,0.5889328063241107
1053,1166,안나/Noun,253,119,134,0.0013448927420251196,0.0015104733556942625,0.5296442687747036
1054,1167,끌다/Verb,252,68,184,0.0007780371234856063,0.002065794442346565,0.7301587301587301
1055,1168,런가/Noun,252,97,155,0.0011003667889296432,0.0017437082120882294,0.6150793650793651
1056,1169,반개/Noun,251,5,246,7.780371234856063e-05,0.00275439258979542,0.9800796812749004
1057,1170,짱/VerbPrefix,251,225,26,0.0025230632433033235,0.00031097980852528933,0.896414342629482
1058,1171,지루/Noun,250,21,229,0.00025564076914527065,0.002565583420333637,0.9159999999999999
1059,1173,황당하다/Adjective,249,38,211,0.000444592641991775,0.0023656678291388076,0.8473895582329317
1060,1174,착하다/Adjective,249,109,140,0.0012337445815271755,0.0015771118860925387,0.5622489959839357
1061,1176,약하다/Adjective,248,71,177,0.0008113815716349895,0.0019880494902152425,0.7137096774193549
1062,1177,흔하다/Adjective,248,92,156,0.0010447927086806713,0.0017548146338212756,0.6290322580645161
1063,1178,과정/Noun,248,142,106,0.0016005335111703902,0.0011994935471689732,0.5725806451612904
1064,1179,철학/Noun,248,134,114,0.0015116149827720349,0.0012883449210333415,0.5403225806451613
1065,1181,졸리다/Verb,247,27,220,0.00032232966544403684,0.0024656256247362228,0.8906882591093117
1066,1182,용도/Noun,247,57,190,0.0006557741469378681,0.002132432972744841,0.7692307692307693
1067,1183,희망/Noun,246,210,36,0.002356341002556408,0.0004220440258557498,0.8536585365853658
1068,1184,같이/Josa,246,108,138,0.0012226297654773814,0.0015548990426264464,0.5609756097560976
1069,1186,위대하다/Adjective,245,185,60,0.002078470601311548,0.0006885981474488549,0.7551020408163265
1070,1187,청춘/Noun,245,172,73,0.0019339779926642211,0.0008329816299784535,0.7020408163265306
1071,1188,......./Punctuation,245,81,164,0.0009225297321329332,0.001843666007685644,0.6693877551020408
1072,1189,다만/Noun,245,160,85,0.001800600200066689,0.0009662586907750061,0.6530612244897959
1073,1190,상상력/Noun,245,158,87,0.0017783705679671,0.0009884715342410985,0.6448979591836734
1074,1191,너무나도/Adverb,245,151,94,0.0017005668556185395,0.0010662164863724202,0.6163265306122448
1075,1192,겠다/Verb,245,116,129,0.0013115482938757365,0.0014549412470290322,0.5265306122448979
1076,1193,깊이/Noun,244,172,72,0.0019339779926642211,0.0008218752082454075,0.7049180327868853
1077,1194,생애/Noun,244,140,104,0.0015783038790708015,0.001177280703702881,0.5737704918032787
1078,1195,묻다/Verb,244,139,105,0.0015671890630210071,0.001188387125435927,0.569672131147541
1079,1196,효과/Noun,244,108,136,0.0012226297654773814,0.0015326861991603546,0.5573770491803278
1080,1197,스케일/Noun,244,134,110,0.0015116149827720349,0.0012439192341011573,0.5491803278688525
1081,1199,cg/Alpha,243,62,181,0.0007113482271868402,0.0020324751771474267,0.7448559670781894
1082,1200,엇/VerbPrefix,243,144,99,0.001622763143269979,0.0011217485950376508,0.5925925925925926
1083,1201,바뀌다/Verb,243,103,140,0.0011670556852284096,0.0015771118860925387,0.5761316872427984
1084,1202,기세/Noun,242,7,235,0.0001000333444481494,0.002632221950731913,0.9710743801652892
1085,1203,어느/Adverb,242,103,139,0.0011670556852284096,0.0015660054643594926,0.5743801652892562
1086,1204,생/Noun,242,105,137,0.0011892853173279985,0.0015437926208934005,0.5661157024793388
1087,1205,빌리다/Verb,242,107,135,0.001211514949427587,0.0015215797774273086,0.5578512396694215
1088,1206,며/Josa,242,113,129,0.0012782038457263534,0.0014549412470290322,0.5330578512396694
1089,1208,형님/Noun,241,155,86,0.001745026119817717,0.000977365112508052,0.6431535269709544
1090,1209,깔다/Verb,241,91,150,0.001033677892630877,0.0016881761034229991,0.6224066390041494
1091,1210,이며/Josa,241,142,99,0.0016005335111703902,0.0011217485950376508,0.5892116182572614
1092,1211,다소/Noun,241,140,101,0.0015783038790708015,0.0011439614385037428,0.5809128630705395
1093,1212,께/Josa,241,140,101,0.0015783038790708015,0.0011439614385037428,0.5809128630705395
1094,1213,노출/Noun,240,57,183,0.0006557741469378681,0.0020546880206135185,0.7625
1095,1214,다시다/Verb,240,72,168,0.0008224963876847838,0.001888091694617828,0.7
1096,1215,카메라/Noun,240,73,167,0.0008336112037345782,0.0018769852728847821,0.6958333333333333
1097,1216,살아가다/Verb,239,217,22,0.0024341447149049678,0.00026655412159310506,0.9079497907949792
1098,1217,미래/Noun,239,164,75,0.0018450594642658664,0.0008551944734445456,0.6861924686192469
1099,1218,왠지/Adverb,239,138,101,0.0015560742469712125,0.0011439614385037428,0.5774058577405857
1100,1219,태어나다/Verb,239,134,105,0.0015116149827720349,0.001188387125435927,0.5606694560669456
1101,1220,쏘다/Verb,238,76,162,0.0008669556518839612,0.001821453164219552,0.6806722689075629
1102,1221,체/Noun,238,92,146,0.0010447927086806713,0.001643750416490815,0.6134453781512605
1103,1222,단/Noun,238,107,131,0.001211514949427587,0.0014771540904951245,0.5504201680672269
1104,1224,대안/Noun,237,199,38,0.0022340780260086696,0.0004442568693218419,0.8396624472573839
1105,1225,로는/Josa,237,110,127,0.00124485939757697,0.00143272840356294,0.5358649789029536
1106,1226,산만하다/Adjective,236,19,217,0.0002334111370456819,0.0024323063595370845,0.9194915254237288
1107,1227,능력/Noun,236,81,155,0.0009225297321329332,0.0017437082120882294,0.6567796610169492
1108,1228,미소/Noun,235,212,23,0.002378570634655997,0.00027766054332615115,0.9021276595744679
1109,1229,결론/Noun,235,63,172,0.0007224630432366343,0.0019325173815500122,0.7319148936170212
1110,1230,반/Noun,235,83,152,0.0009447593642325221,0.0017103889468890912,0.6468085106382979
1111,1231,치/Noun,235,90,145,0.0010225630765810826,0.001632643994757769,0.6170212765957447
1112,1232,시/Noun,235,111,124,0.0012559742136267645,0.0013994091383638019,0.5276595744680851
1113,1233,설레다/Adjective,234,212,22,0.002378570634655997,0.00026655412159310506,0.9059829059829059
1114,1234,독립영화/Noun,234,75,159,0.0008558408358341669,0.0017881338990204136,0.6794871794871795
1115,1235,부터/Noun,234,122,112,0.0013782371901745027,0.0012661320775672494,0.5213675213675214
1116,1236,OST/Alpha,233,191,42,0.0021451594976103147,0.0004886825562540262,0.8197424892703863
1117,1237,잘못/Noun,233,83,150,0.0009447593642325221,0.0016881761034229991,0.6437768240343348
1118,1238,네/Noun,233,103,130,0.0011670556852284096,0.0014660476687620785,0.5579399141630901
1119,1239,얻다/Verb,232,135,97,0.0015227297988218294,0.0010995357515715587,0.5818965517241379
1120,1240,귀/Modifier,231,137,94,0.0015449594309214182,0.0010662164863724202,0.5930735930735931
1121,1242,지나치다/Verb,230,55,175,0.0006335445148382794,0.00196583664674915,0.7608695652173914
1122,1243,리얼/Noun,230,156,74,0.0017561409358675113,0.0008440880517114996,0.6782608695652174
1123,1244,평생/Noun,230,147,83,0.0016561075914193618,0.000944045847308914,0.6391304347826087
1124,1245,요/Modifier,230,129,101,0.0014560409025230633,0.0011439614385037428,0.5608695652173913
1125,1246,ㅇㅇ/KoreanParticle,230,126,104,0.0014226964543736804,0.001177280703702881,0.5478260869565217
1126,1247,젊다/Adjective,229,158,71,0.0017783705679671,0.0008107687865123613,0.6899563318777293
1127,1248,원하다/Adjective,229,129,100,0.0014560409025230633,0.0011328550167706971,0.5633187772925764
1128,1249,왠만하다/Adjective,228,20,208,0.00024452595309547634,0.00233234856393967,0.912280701754386
1129,1250,멋/Noun,228,174,54,0.0019562076247638107,0.0006219596170505788,0.7631578947368421
1130,1251,범인/Noun,228,62,166,0.0007113482271868402,0.001865878851151736,0.7280701754385965
1131,1252,되게/Adverb,227,149,78,0.0016783372235189508,0.0008885137386436838,0.6563876651982379
1132,1253,어린이/Noun,227,87,140,0.0009892186284316995,0.0015771118860925387,0.6167400881057269
1133,1254,D/Alpha,227,103,124,0.0011670556852284096,0.0013994091383638019,0.5462555066079295
1134,1256,박수/Noun,226,151,75,0.0017005668556185395,0.0008551944734445456,0.668141592920354
1135,1257,고민/Noun,226,128,98,0.0014449260864732687,0.0011106421733046046,0.5663716814159292
1136,1258,얼/Noun,226,99,127,0.001122596421029232,0.00143272840356294,0.5619469026548672
1137,1259,으로는/Josa,226,119,107,0.0013448927420251196,0.0012105999689020189,0.5265486725663717
1138,1260,손발/Noun,225,22,203,0.000266755585195065,0.0022768164552744398,0.9022222222222224
1139,1261,고생/Noun,225,87,138,0.0009892186284316995,0.0015548990426264464,0.6133333333333333
1140,1262,고맙다/Adjective,224,180,44,0.0020228965210625765,0.0005108953997201182,0.8035714285714286
1141,1264,졸다/Verb,223,13,210,0.00016672224074691566,0.002354561407405762,0.9417040358744396
1142,1265,굳이/Noun,223,45,178,0.0005223963543403357,0.001999155911948289,0.7982062780269058
1143,1266,로맨틱/Noun,223,141,82,0.0015894186951205956,0.000932939425575868,0.6322869955156951
1144,1267,랄/Noun,223,119,104,0.0013448927420251196,0.001177280703702881,0.5336322869955157
1145,1271,거지같다/Adjective,222,19,203,0.0002334111370456819,0.0022768164552744398,0.9144144144144144
1146,1272,떠오르다/Verb,222,164,58,0.0018450594642658664,0.0006663853039827628,0.7387387387387387
1147,1273,밤/Noun,222,158,64,0.0017783705679671,0.0007330238343810393,0.7117117117117117
1148,1274,심심하다/Adjective,221,88,133,0.0010003334444814939,0.0014993669339612163,0.6018099547511312
1149,1275,만/Modifier,221,119,102,0.0013448927420251196,0.001155067860236789,0.5384615384615384
1150,1277,별루/Noun,220,12,208,0.00015560742469712126,0.00233234856393967,0.9454545454545454
1151,1278,슬픔/Noun,220,192,28,0.002156274313660109,0.0003331926519913814,0.8727272727272727
1152,1279,용이/Noun,220,69,151,0.0007891519395354007,0.0016992825251560453,0.6863636363636364
1153,1280,차/Noun,220,84,136,0.0009558741802823164,0.0015326861991603546,0.6181818181818182
1154,1281,스/Noun,220,131,89,0.001478270534622652,0.0010106843777071904,0.5954545454545455
1155,1282,저렇게/Adverb,220,91,129,0.001033677892630877,0.0014549412470290322,0.5863636363636363
1156,1283,사다/Verb,220,115,105,0.001300433477825942,0.001188387125435927,0.5227272727272727
1157,1284,포장/Noun,219,20,199,0.00024452595309547634,0.002232390768342256,0.9086757990867579
1158,1285,주기/Noun,219,40,179,0.0004668222740913638,0.0020102623336813344,0.817351598173516
1159,1286,시도/Noun,219,57,162,0.0006557741469378681,0.001821453164219552,0.7397260273972602
1160,1287,ㅅㅂ/KoreanParticle,218,20,198,0.00024452595309547634,0.002221284346609209,0.908256880733945
1161,1288,아침/Noun,218,56,162,0.0006446593308880737,0.001821453164219552,0.7431192660550459
1162,1289,인기/Noun,218,90,128,0.0010225630765810826,0.0014438348252959862,0.5871559633027523
1163,1290,추다/Verb,218,116,102,0.0013115482938757365,0.001155067860236789,0.5321100917431193
1164,1291,서/Modifier,218,103,115,0.0011670556852284096,0.0012994513427663874,0.5275229357798165
1165,1292,늙다/Verb,217,85,132,0.0009669889963321108,0.0014882605122281704,0.6082949308755761
1166,1293,줌/Noun,217,87,130,0.0009892186284316995,0.0014660476687620785,0.5990783410138248
1167,1294,덕분/Noun,217,122,95,0.0013782371901745027,0.0010773229081054666,0.5622119815668203
1168,1295,과연/Noun,217,113,104,0.0012782038457263534,0.001177280703702881,0.5207373271889401
1169,1297,광고/Noun,216,47,169,0.0005446259864399244,0.0018991981163508738,0.7824074074074074
1170,1298,군대/Noun,216,97,119,0.0011003667889296432,0.0013438770296985718,0.5509259259259259
1171,1300,짱/Modifier,215,181,34,0.00203401133711237,0.00039983118238965764,0.8418604651162791
1172,1301,진실/Noun,215,142,73,0.0016005335111703902,0.0008329816299784535,0.6604651162790698
1173,1302,이래/Josa,215,118,97,0.001333777925975325,0.0010995357515715587,0.5488372093023256
1174,1303,자막/Noun,215,101,114,0.0011448260531288204,0.0012883449210333415,0.5302325581395348
1175,1305,암/Noun,214,59,155,0.0006780037790374569,0.0017437082120882294,0.7242990654205608
1176,1306,흐름/Noun,214,83,131,0.0009447593642325221,0.0014771540904951245,0.6121495327102804
1177,1309,눈물나다/Verb,213,183,30,0.0020562409692119594,0.0003554054954574735,0.8591549295774648
1178,1310,젤/Noun,213,123,90,0.001389352006224297,0.0010217907994402363,0.5774647887323944
1179,1312,성도/Noun,212,25,187,0.00030010003334444816,0.002099113707545703,0.8820754716981132
1180,1313,한계/Noun,212,38,174,0.000444592641991775,0.0019547302250161047,0.8207547169811321
1181,1314,그럭저럭/Adverb,212,52,160,0.0006002000666888963,0.0017992403207534593,0.7547169811320755
1182,1315,전/Foreign,212,157,55,0.0017672557519173055,0.0006330660387836247,0.7405660377358491
1183,1316,조차/Josa,212,56,156,0.0006446593308880737,0.0017548146338212756,0.7358490566037735
1184,1317,챙기다/Verb,212,145,67,0.0016338779593197733,0.0007663430995801773,0.6839622641509434
1185,1318,심/Noun,212,73,139,0.0008336112037345782,0.0015660054643594926,0.6556603773584906
1186,1319,빠르다/Adjective,212,128,84,0.0014449260864732687,0.00095515226904196,0.6037735849056604
1187,1320,싫어하다/Adjective,212,90,122,0.0010225630765810826,0.0013771962948977098,0.5754716981132075
1188,1321,사이/Noun,212,119,93,0.0013448927420251196,0.0010551100646393743,0.5613207547169812
1189,1322,동생/Noun,212,101,111,0.0011448260531288204,0.0012550256558342032,0.5235849056603774
1190,1323,~^^/Punctuation,211,202,9,0.0022674224741580525,0.00012217063906350652,0.957345971563981
1191,1324,진정/Noun,211,146,65,0.0016449927753695677,0.0007441302561140852,0.6919431279620853
1192,1325,..?/Punctuation,211,82,129,0.0009336445481827276,0.0014549412470290322,0.6113744075829384
1193,1326,웬만하다/Adjective,211,83,128,0.0009447593642325221,0.0014438348252959862,0.6066350710900474
1194,1327,보시/Noun,211,113,98,0.0012782038457263534,0.0011106421733046046,0.5355450236966824
1195,1329,깔끔하다/Adjective,210,167,43,0.0018784039124152493,0.0004997889779870722,0.7952380952380952
1196,1330,살짝/Noun,210,140,70,0.0015783038790708015,0.0007996623647793153,0.6666666666666666
1197,1331,희다/Adjective,210,96,114,0.0010892519728798488,0.0012883449210333415,0.5428571428571428
1198,1332,만이/Josa,210,112,98,0.0012670890296765588,0.0011106421733046046,0.5333333333333333
1199,1333,발견/Noun,209,175,34,0.001967322440813605,0.00039983118238965764,0.8373205741626795
1200,1334,리뷰/Noun,209,80,129,0.0009114149160831386,0.0014549412470290322,0.6172248803827751
1201,1335,일어나다/Verb,209,129,80,0.0014560409025230633,0.000910726582109776,0.6172248803827751
1202,1336,볼거리/Noun,209,93,116,0.0010559075247304657,0.0013105577644994335,0.5550239234449761
1203,1337,스럽게/Josa,209,111,98,0.0012559742136267645,0.0011106421733046046,0.5311004784688995
1204,1339,개도/Noun,208,25,183,0.00030010003334444816,0.0020546880206135185,0.8798076923076923
1205,1340,쩐다/Noun,208,145,63,0.0016338779593197733,0.0007219174126479931,0.6971153846153846
1206,1341,범죄/Noun,208,72,136,0.0008224963876847838,0.0015326861991603546,0.6538461538461539
1207,1342,뜻/Noun,208,122,86,0.0013782371901745027,0.000977365112508052,0.5865384615384616
1208,1343,첫/Noun,208,116,92,0.0013115482938757365,0.0010440036429063284,0.5576923076923077
1209,1344,짱짱/Noun,207,199,8,0.0022340780260086696,0.00011106421733046048,0.961352657004831
1210,1345,부족/Noun,207,29,178,0.0003445592975436257,0.001999155911948289,0.8599033816425121
1211,1346,지난/Noun,207,159,48,0.0017894853840168946,0.0005553210866523023,0.7681159420289855
1212,1347,20년/Number,207,142,65,0.0016005335111703902,0.0007441302561140852,0.6859903381642513
1213,1348,야/Exclamation,207,66,141,0.0007558074913860174,0.0015882183078255846,0.6811594202898551
1214,1349,오락/Noun,207,125,82,0.0014115816383238858,0.000932939425575868,0.6038647342995169
1215,1350,와는/Josa,207,118,89,0.001333777925975325,0.0010106843777071904,0.5700483091787439
1216,1351,던지다/Verb,207,110,97,0.00124485939757697,0.0010995357515715587,0.5314009661835749
1217,1352,대충/Noun,206,37,169,0.0004334778259419807,0.0018991981163508738,0.8203883495145631
1218,1353,영환/Noun,206,64,142,0.0007335778592864287,0.0015993247295586306,0.6893203883495146
1219,1354,~~~~/Punctuation,206,123,83,0.001389352006224297,0.000944045847308914,0.5970873786407767
1220,1355,로서/Noun,206,116,90,0.0013115482938757365,0.0010217907994402363,0.5631067961165048
1221,1356,찌다/Verb,206,97,109,0.0011003667889296432,0.0012328128123681114,0.529126213592233
1222,1357,퀄리티/Noun,206,109,97,0.0012337445815271755,0.0010995357515715587,0.529126213592233
1223,1358,이면/Noun,206,97,109,0.0011003667889296432,0.0012328128123681114,0.529126213592233
1224,1359,언/Modifier,206,98,108,0.0011114816049794377,0.0012217063906350652,0.5242718446601942
1225,1360,감탄/Noun,205,177,28,0.001989552072913193,0.0003331926519913814,0.8634146341463415
1226,1361,빨/Noun,205,54,151,0.0006224296987884852,0.0016992825251560453,0.7365853658536585
1227,1362,자연/Noun,205,142,63,0.0016005335111703902,0.0007219174126479931,0.6926829268292682
1228,1363,커플/Noun,205,141,64,0.0015894186951205956,0.0007330238343810393,0.6878048780487804
1229,1364,시선/Noun,205,141,64,0.0015894186951205956,0.0007330238343810393,0.6878048780487804
1230,1365,정서/Noun,205,76,129,0.0008669556518839612,0.0014549412470290322,0.6292682926829268
1231,1366,정말로/Adverb,205,125,80,0.0014115816383238858,0.000910726582109776,0.6097560975609756
1232,1367,시청자/Noun,204,41,163,0.0004779370901411582,0.0018325595859525977,0.7990196078431373
1233,1368,홍보/Noun,204,43,161,0.0005001667222407468,0.0018103467424865054,0.7892156862745098
1234,1369,담기다/Verb,204,160,44,0.001800600200066689,0.0005108953997201182,0.7843137254901961
1235,1370,몸매/Noun,204,67,137,0.0007669223074358119,0.0015437926208934005,0.6715686274509803
1236,1371,우울하다/Adjective,204,123,81,0.001389352006224297,0.000921833003842822,0.6029411764705882
1237,1372,폭력/Noun,204,94,110,0.00106702234078026,0.0012439192341011573,0.5392156862745098
1238,1375,아오/Exclamation,203,29,174,0.0003445592975436257,0.0019547302250161047,0.8571428571428571
1239,1376,뛰다/Verb,203,88,115,0.0010003334444814939,0.0012994513427663874,0.5665024630541872
1240,1377,방/Noun,203,92,111,0.0010447927086806713,0.0012550256558342032,0.5467980295566502
1241,1378,울리다/Verb,202,175,27,0.001967322440813605,0.00032208623025833537,0.8663366336633663
1242,1379,지르다/Verb,202,42,160,0.0004890519061909527,0.0017992403207534593,0.7920792079207921
1243,1380,소름끼치다/Verb,202,155,47,0.001745026119817717,0.0005442146649192564,0.7673267326732673
1244,1381,더하다/Adjective,202,117,85,0.0013226631099255307,0.0009662586907750061,0.5792079207920792
1245,1383,일상/Noun,201,154,47,0.0017339113037679224,0.0005442146649192564,0.7661691542288557
1246,1384,포기/Noun,201,56,145,0.0006446593308880737,0.001632643994757769,0.7213930348258707
1247,1385,코드/Noun,201,76,125,0.0008669556518839612,0.001410515560096848,0.6218905472636815
1248,1386,첨/Noun,201,77,124,0.0008780704679337558,0.0013994091383638019,0.6169154228855721
1249,1387,유일하다/Adjective,200,119,81,0.0013448927420251196,0.000921833003842822,0.595
1250,1388,접다/Verb,199,22,177,0.000266755585195065,0.0019880494902152425,0.8894472361809045
1251,1389,30분/Number,199,51,148,0.000589085250639102,0.001665963259956907,0.7437185929648241
1252,1390,에서의/Josa,199,143,56,0.0016116483272201846,0.0006441724605166707,0.7185929648241206
1253,1391,일이/Noun,199,115,84,0.001300433477825942,0.00095515226904196,0.5778894472361809
1254,1392,용서/Noun,199,85,114,0.0009669889963321108,0.0012883449210333415,0.5728643216080402
1255,1393,이따위/Modifier,198,8,190,0.00011114816049794375,0.002132432972744841,0.9595959595959596
1256,1394,눈빛/Noun,198,175,23,0.001967322440813605,0.00027766054332615115,0.8838383838383839
1257,1395,10분/Number,198,36,162,0.00042236300989218633,0.001821453164219552,0.8181818181818182
1258,1396,보라/Noun,198,64,134,0.0007335778592864287,0.0015104733556942625,0.6767676767676768
1259,1397,끼리/Noun,198,71,127,0.0008113815716349895,0.00143272840356294,0.6414141414141414
1260,1398,사극/Noun,198,123,75,0.001389352006224297,0.0008551944734445456,0.6212121212121212
1261,1399,대의/Noun,198,106,92,0.0012004001333777929,0.0010440036429063284,0.5353535353535354
1262,1401,말로/Noun,197,140,57,0.0015783038790708015,0.0006552788822497168,0.7106598984771574
1263,1402,들어오다/Verb,197,87,110,0.0009892186284316995,0.0012439192341011573,0.5583756345177665
1264,1404,뜬금/Noun,196,17,179,0.00021118150494609317,0.0020102623336813344,0.9132653061224488
1265,1405,핵/Noun,196,37,159,0.0004334778259419807,0.0017881338990204136,0.8112244897959183
1266,1406,상처/Noun,196,143,53,0.0016116483272201846,0.0006108531953175326,0.7295918367346939
1267,1407,실감/Noun,196,128,68,0.0014449260864732687,0.0007774495213132232,0.6530612244897959
1268,1408,괴물/Noun,196,81,115,0.0009225297321329332,0.0012994513427663874,0.5867346938775511
1269,1409,달/Noun,196,89,107,0.0010114482605312882,0.0012105999689020189,0.5459183673469388
1270,1410,다큐멘터리/Noun,196,92,104,0.0010447927086806713,0.001177280703702881,0.5306122448979592
1271,1411,반성/Noun,196,92,104,0.0010447927086806713,0.001177280703702881,0.5306122448979592
1272,1412,특별하다/Adjective,196,94,102,0.00106702234078026,0.001155067860236789,0.5204081632653061
1273,1414,끌/Noun,195,22,173,0.000266755585195065,0.0019436238032830586,0.8871794871794871
1274,1415,힐링/Noun,195,171,24,0.001922863176614427,0.0002887669650591972,0.8769230769230769
1275,1416,혹시/Noun,195,48,147,0.0005557408024897189,0.0016548568382238609,0.7538461538461538
1276,1417,막판/Noun,195,58,137,0.0006668889629876625,0.0015437926208934005,0.7025641025641025
1277,1418,빛/Noun,195,127,68,0.0014338112704234743,0.0007774495213132232,0.6512820512820513
1278,1419,당연하다/Adjective,195,106,89,0.0012004001333777929,0.0010106843777071904,0.5435897435897435
1279,1420,연애/Noun,195,105,90,0.0011892853173279985,0.0010217907994402363,0.5384615384615384
1280,1421,무겁다/Adjective,194,158,36,0.0017783705679671,0.0004220440258557498,0.8144329896907216
1281,1422,우정/Noun,194,143,51,0.0016116483272201846,0.0005886403518514405,0.7371134020618557
1282,1423,해피엔딩/Noun,194,138,56,0.0015560742469712125,0.0006441724605166707,0.711340206185567
1283,1424,죄/Noun,194,67,127,0.0007669223074358119,0.00143272840356294,0.6546391752577321
1284,1425,하루/Noun,194,110,84,0.00124485939757697,0.00095515226904196,0.5670103092783505
1285,1426,표/Noun,194,109,85,0.0012337445815271755,0.0009662586907750061,0.5618556701030928
1286,1427,우/Adverb,194,89,105,0.0010114482605312882,0.001188387125435927,0.5412371134020618
1287,1428,크게/Noun,194,93,101,0.0010559075247304657,0.0011439614385037428,0.5206185567010311
1288,1430,참다/Verb,193,36,157,0.00042236300989218633,0.0017659210555543215,0.8134715025906736
1289,1431,으론/Josa,193,112,81,0.0012670890296765588,0.000921833003842822,0.5803108808290155
1290,1432,남녀/Noun,193,111,82,0.0012559742136267645,0.000932939425575868,0.5751295336787565
1291,1433,정치/Noun,193,109,84,0.0012337445815271755,0.00095515226904196,0.5647668393782384
1292,1434,이어지다/Verb,193,107,86,0.001211514949427587,0.000977365112508052,0.5544041450777202
1293,1435,짓다/Verb,193,102,91,0.0011559408691786152,0.0010328972211732824,0.5284974093264249
1294,1437,몰다/Verb,192,64,128,0.0007335778592864287,0.0014438348252959862,0.6666666666666666
1295,1439,아련하다/Adjective,191,184,7,0.002067355785261754,9.995779559741441e-05,0.9633507853403142
1296,1440,보아/Noun,191,134,57,0.0015116149827720349,0.0006552788822497168,0.7015706806282722
1297,1441,게다가/Noun,191,58,133,0.0006668889629876625,0.0014993669339612163,0.6963350785340314
1298,1442,만큼/Noun,191,115,76,0.001300433477825942,0.0008663008951775916,0.6020942408376964
1299,1443,어제/Noun,191,112,79,0.0012670890296765588,0.0008996201603767299,0.5863874345549738
1300,1444,개판/Noun,190,8,182,0.00011114816049794375,0.0020435815988804726,0.9578947368421052
1301,1445,뭐임/Noun,190,15,175,0.00018895187284650438,0.00196583664674915,0.9210526315789472
1302,1446,나머지/Noun,190,38,152,0.000444592641991775,0.0017103889468890912,0.8
1303,1447,벌써/Noun,190,146,44,0.0016449927753695677,0.0005108953997201182,0.7684210526315789
1304,1448,조폭/Noun,190,58,132,0.0006668889629876625,0.0014882605122281704,0.6947368421052632
1305,1449,간/Noun,190,72,118,0.0008224963876847838,0.0013327706079655256,0.6210526315789474
1306,1450,이기/Noun,190,114,76,0.0012893186617761474,0.0008663008951775916,0.6
1307,1451,만으로/Josa,190,112,78,0.0012670890296765588,0.0008885137386436838,0.5894736842105263
1308,1452,처럼/Noun,190,100,90,0.0011337112370790265,0.0010217907994402363,0.5263157894736842
1309,1453,소장/Noun,189,173,16,0.001945092808714016,0.00019991559119482882,0.9153439153439152
1310,1454,비극/Noun,189,143,46,0.0016116483272201846,0.0005331082431862101,0.7566137566137566
1311,1455,까지는/Josa,189,51,138,0.000589085250639102,0.0015548990426264464,0.7301587301587301
1312,1456,주/Noun,189,73,116,0.0008336112037345782,0.0013105577644994335,0.6137566137566137
1313,1457,안좋다/Adjective,189,81,108,0.0009225297321329332,0.0012217063906350652,0.5714285714285714
1314,1458,(?)/Punctuation,189,86,103,0.0009781038123819054,0.001166174281969835,0.544973544973545
1315,1460,벗다/Verb,188,41,147,0.0004779370901411582,0.0016548568382238609,0.7819148936170213
1316,1461,난해하다/Adjective,188,45,143,0.0005223963543403357,0.001610431151291677,0.7606382978723404
1317,1462,섹스/Noun,188,51,137,0.000589085250639102,0.0015437926208934005,0.7287234042553191
1318,1463,부끄럽다/Adjective,188,65,123,0.0007446926753362233,0.0013883027166307562,0.6542553191489362
1319,1464,등장인물/Noun,188,69,119,0.0007891519395354007,0.0013438770296985718,0.6329787234042553
1320,1465,공부/Noun,188,83,105,0.0009447593642325221,0.001188387125435927,0.5585106382978723
1321,1467,형편/Noun,187,18,169,0.0002222963209958875,0.0018991981163508738,0.9037433155080212
1322,1468,본방/Noun,187,166,21,0.0018672890963654552,0.0002554476998600591,0.8877005347593583
1323,1469,감명/Noun,187,164,23,0.0018450594642658664,0.00027766054332615115,0.8770053475935828
1324,1470,뮤지컬/Noun,187,117,70,0.0013226631099255307,0.0007996623647793153,0.6256684491978609
1325,1471,올해/Noun,187,111,76,0.0012559742136267645,0.0008663008951775916,0.5935828877005348
1326,1473,펑펑/Noun,186,179,7,0.002011781705012782,9.995779559741441e-05,0.9623655913978496
1327,1474,끝내다/Verb,186,63,123,0.0007224630432366343,0.0013883027166307562,0.6612903225806451
1328,1475,의문/Noun,186,67,119,0.0007669223074358119,0.0013438770296985718,0.6397849462365591
1329,1476,이연걸/Noun,186,117,69,0.0013226631099255307,0.0007885559430462694,0.6290322580645161
1330,1477,국민/Noun,186,106,80,0.0012004001333777929,0.000910726582109776,0.5698924731182796
1331,1478,불구/Noun,186,104,82,0.001178170501278204,0.000932939425575868,0.5591397849462365
1332,1479,이라서/Josa,186,99,87,0.001122596421029232,0.0009884715342410985,0.532258064516129
1333,1480,분/Suffix,186,99,87,0.001122596421029232,0.0009884715342410985,0.532258064516129
1334,1482,그다지/Noun,185,18,167,0.0002222963209958875,0.0018769852728847821,0.9027027027027028
1335,1483,토/Noun,185,44,141,0.0005112815382905413,0.0015882183078255846,0.7621621621621621
1336,1484,떼다/Verb,185,140,45,0.0015783038790708015,0.0005220018214531642,0.7567567567567568
1337,1485,인가요/Josa,185,57,128,0.0006557741469378681,0.0014438348252959862,0.6918918918918919
1338,1486,결과/Noun,185,64,121,0.0007335778592864287,0.001366089873164664,0.6540540540540539
1339,1487,불가/Noun,184,41,143,0.0004779370901411582,0.001610431151291677,0.7771739130434783
1340,1488,자유/Noun,184,128,56,0.0014449260864732687,0.0006441724605166707,0.6956521739130435
1341,1489,암튼/Adverb,184,123,61,0.001389352006224297,0.0006997045691819009,0.6684782608695652
1342,1490,새벽/Noun,184,122,62,0.0013782371901745027,0.000710810990914947,0.6630434782608695
1343,1491,꼴/Noun,183,23,160,0.00027787040124485944,0.0017992403207534593,0.8743169398907104
1344,1492,표절/Noun,183,24,159,0.0002889852172946538,0.0017881338990204136,0.8688524590163934
1345,1493,행복/Noun,183,153,30,0.0017227964877181282,0.0003554054954574735,0.8360655737704918
1346,1494,딱하다/Adjective,183,31,152,0.00036678892964321435,0.0017103889468890912,0.8306010928961749
1347,1495,지도/Noun,183,60,123,0.0006891185950872514,0.0013883027166307562,0.6721311475409836
1348,1496,느와르/Noun,183,123,60,0.001389352006224297,0.0006885981474488549,0.6721311475409836
1349,1497,기적/Noun,183,104,79,0.001178170501278204,0.0008996201603767299,0.5683060109289617
1350,1498,글쎄/Noun,182,21,161,0.00025564076914527065,0.0018103467424865054,0.8846153846153846
1351,1499,색다르다/Adjective,182,141,41,0.0015894186951205956,0.00047757613452098,0.7747252747252747
1352,1500,기본/Noun,182,50,132,0.0005779704345893076,0.0014882605122281704,0.7252747252747253
1353,1501,오버/Noun,182,51,131,0.000589085250639102,0.0014771540904951245,0.7197802197802198
1354,1502,차이/Noun,182,68,114,0.0007780371234856063,0.0012883449210333415,0.6263736263736264
1355,1503,홍콩/Noun,182,82,100,0.0009336445481827276,0.0011328550167706971,0.5494505494505495
1356,1506,에만/Josa,181,44,137,0.0005112815382905413,0.0015437926208934005,0.7569060773480663
1357,1507,에게는/Josa,181,120,61,0.0013560075580749138,0.0006997045691819009,0.6629834254143646
1358,1508,따위/Noun,181,63,118,0.0007224630432366343,0.0013327706079655256,0.6519337016574586
1359,1509,가면/Noun,181,65,116,0.0007446926753362233,0.0013105577644994335,0.6408839779005525
1360,1510,자식/Noun,181,83,98,0.0009447593642325221,0.0011106421733046046,0.5414364640883977
1361,1511,발전/Noun,181,83,98,0.0009447593642325221,0.0011106421733046046,0.5414364640883977
1362,1514,쓰래/Noun,180,10,170,0.0001333777925975325,0.00191030453808392,0.9444444444444444
1363,1515,불쾌하다/Adjective,180,23,157,0.00027787040124485944,0.0017659210555543215,0.8722222222222222
1364,1516,느리다/Adjective,180,42,138,0.0004890519061909527,0.0015548990426264464,0.7666666666666667
1365,1517,까진/Josa,180,62,118,0.0007113482271868402,0.0013327706079655256,0.6555555555555556
1366,1518,악당/Noun,180,65,115,0.0007446926753362233,0.0012994513427663874,0.6388888888888888
1367,1519,완전하다/Adjective,180,78,102,0.00088918528398355,0.001155067860236789,0.5666666666666667
1368,1520,세다/Verb,180,96,84,0.0010892519728798488,0.00095515226904196,0.5333333333333333
1369,1521,싸다/Verb,179,41,138,0.0004779370901411582,0.0015548990426264464,0.770949720670391
1370,1522,촌스럽다/Adjective,179,50,129,0.0005779704345893076,0.0014549412470290322,0.7206703910614525
1371,1523,모/Modifier,179,67,112,0.0007669223074358119,0.0012661320775672494,0.6256983240223464
1372,1524,많이/Modifier,179,99,80,0.001122596421029232,0.000910726582109776,0.553072625698324
1373,1525,인지/Noun,179,82,97,0.0009336445481827276,0.0010995357515715587,0.5418994413407822
1374,1526,날다/Verb,179,85,94,0.0009669889963321108,0.0010662164863724202,0.5251396648044693
1375,1531,그렇다고/Conjunction,178,34,144,0.0004001333777925976,0.0016215375730247227,0.8089887640449438
1376,1532,그걸/Adverb,178,70,108,0.0008002667555851951,0.0012217063906350652,0.6067415730337079
1377,1533,기술/Noun,178,72,106,0.0008224963876847838,0.0011994935471689732,0.5955056179775281
1378,1534,새/Modifier,178,74,104,0.0008447260197843727,0.001177280703702881,0.5842696629213483
1379,1535,무시/Noun,178,74,104,0.0008447260197843727,0.001177280703702881,0.5842696629213483
1380,1536,이제야/Noun,177,157,20,0.0017672557519173055,0.00024434127812701304,0.8870056497175142
1381,1537,적절하다/Adjective,177,137,40,0.0015449594309214182,0.000466469712787934,0.7740112994350282
1382,1538,깨닫다/Verb,177,133,44,0.001500500166722241,0.0005108953997201182,0.7514124293785308
1383,1539,반복/Noun,177,68,109,0.0007780371234856063,0.0012328128123681114,0.615819209039548
1384,1540,공/Modifier,177,70,107,0.0008002667555851951,0.0012105999689020189,0.6045197740112994
1385,1541,입장/Noun,177,83,94,0.0009447593642325221,0.0010662164863724202,0.5310734463276836
1386,1543,오그라들다/Verb,176,19,157,0.0002334111370456819,0.0017659210555543215,0.8920454545454546
1387,1544,긴장/Noun,176,134,42,0.0015116149827720349,0.0004886825562540262,0.7613636363636364
1388,1545,게이/Noun,176,47,129,0.0005446259864399244,0.0014549412470290322,0.7329545454545454
1389,1546,어쩔/Adverb,176,57,119,0.0006557741469378681,0.0013438770296985718,0.6761363636363636
1390,1547,외국/Noun,176,57,119,0.0006557741469378681,0.0013438770296985718,0.6761363636363636
1391,1548,예/Modifier,176,97,79,0.0011003667889296432,0.0008996201603767299,0.5511363636363636
1392,1550,언제나/Adverb,175,128,47,0.0014449260864732687,0.0005442146649192564,0.7314285714285714
1393,1551,북한/Noun,175,65,110,0.0007446926753362233,0.0012439192341011573,0.6285714285714286
1394,1552,과는/Josa,175,101,74,0.0011448260531288204,0.0008440880517114996,0.5771428571428572
1395,1553,그린/Noun,175,93,82,0.0010559075247304657,0.000932939425575868,0.5314285714285715
1396,1554,열정/Noun,174,148,26,0.0016672224074691564,0.00031097980852528933,0.8505747126436781
1397,1555,소소하다/Adjective,174,143,31,0.0016116483272201846,0.00036651191719051963,0.8218390804597702
1398,1556,빛나다/Verb,174,131,43,0.001478270534622652,0.0004997889779870722,0.7528735632183908
1399,1557,이루다/Verb,174,126,48,0.0014226964543736804,0.0005553210866523023,0.7241379310344828
1400,1558,불/Noun,174,77,97,0.0008780704679337558,0.0010995357515715587,0.5574712643678161
1401,1559,아픔/Noun,173,146,27,0.0016449927753695677,0.00032208623025833537,0.8439306358381503
1402,1560,창/Noun,173,31,142,0.00036678892964321435,0.0015993247295586306,0.8208092485549133
1403,1561,선생님/Noun,173,129,44,0.0014560409025230633,0.0005108953997201182,0.7456647398843931
1404,1562,병/Noun,173,51,122,0.000589085250639102,0.0013771962948977098,0.7052023121387283
1405,1563,쇼/Noun,173,55,118,0.0006335445148382794,0.0013327706079655256,0.6820809248554913
1406,1564,달라/Noun,173,81,92,0.0009225297321329332,0.0010440036429063284,0.5317919075144508
1407,1565,강렬하다/Adjective,172,147,25,0.0016561075914193618,0.0002998733867922433,0.8546511627906976
1408,1566,화나다/Verb,172,30,142,0.00035567411359342004,0.0015993247295586306,0.8255813953488372
1409,1567,짝/Noun,172,34,138,0.0004001333777925976,0.0015548990426264464,0.8023255813953488
1410,1568,양/Modifier,172,52,120,0.0006002000666888963,0.0013549834514316175,0.6976744186046512
1411,1569,디즈니/Noun,172,114,58,0.0012893186617761474,0.0006663853039827628,0.6627906976744186
1412,1570,늘/Noun,172,101,71,0.0011448260531288204,0.0008107687865123613,0.5872093023255814
1413,1571,종교/Noun,172,80,92,0.0009114149160831386,0.0010440036429063284,0.5348837209302325
1414,1572,는걸/Noun,172,81,91,0.0009225297321329332,0.0010328972211732824,0.5290697674418605
1415,1574,질리/Noun,171,160,11,0.001800600200066689,0.0001443834825295986,0.935672514619883
1416,1575,쩝/Adverb,171,28,143,0.0003334444814938313,0.001610431151291677,0.8362573099415205
1417,1576,극치/Noun,171,28,143,0.0003334444814938313,0.001610431151291677,0.8362573099415205
1418,1577,까지도/Josa,171,135,36,0.0015227297988218294,0.0004220440258557498,0.7894736842105263
1419,1578,밥/Noun,171,47,124,0.0005446259864399244,0.0013994091383638019,0.7251461988304093
1420,1579,희생/Noun,171,112,59,0.0012670890296765588,0.0006774917257158089,0.6549707602339181
1421,1580,채우다/Verb,171,74,97,0.0008447260197843727,0.0010995357515715587,0.5672514619883041
1422,1581,외모/Noun,171,95,76,0.0010781371568300542,0.0008663008951775916,0.5555555555555556
1423,1583,찡하다/Adjective,170,165,5,0.001856174280315661,7.774495213132233e-05,0.9705882352941176
1424,1584,주기도/Noun,170,6,164,8.891852839835501e-05,0.001843666007685644,0.9647058823529412
1425,1585,노답/Noun,170,14,156,0.00017783705679671002,0.0017548146338212756,0.9176470588235294
1426,1586,빡치다/Adjective,170,27,143,0.00032232966544403684,0.001610431151291677,0.8411764705882353
1427,1587,남편/Noun,170,55,115,0.0006335445148382794,0.0012994513427663874,0.6764705882352942
1428,1588,분노/Noun,170,67,103,0.0007669223074358119,0.001166174281969835,0.6058823529411764
1429,1589,맡다/Verb,170,74,96,0.0008447260197843727,0.0010884293298385123,0.5647058823529412
1430,1590,대표/Noun,170,75,95,0.0008558408358341669,0.0010773229081054666,0.5588235294117647
1431,1591,흘러가다/Verb,170,75,95,0.0008558408358341669,0.0010773229081054666,0.5588235294117647
1432,1593,죄다/Adverb,169,19,150,0.0002334111370456819,0.0016881761034229991,0.8875739644970414
1433,1594,싸구려/Noun,169,21,148,0.00025564076914527065,0.001665963259956907,0.8757396449704142
1434,1595,때우다/Verb,169,36,133,0.00042236300989218633,0.0014993669339612163,0.7869822485207101
1435,1596,에로/Josa,169,39,130,0.00045570745804156943,0.0014660476687620785,0.7692307692307693
1436,1597,마저/Josa,169,51,118,0.000589085250639102,0.0013327706079655256,0.6982248520710059
1437,1598,헐리우드/Noun,169,52,117,0.0006002000666888963,0.0013216641862324795,0.6923076923076923
1438,1599,춤/Noun,169,96,73,0.0010892519728798488,0.0008329816299784535,0.5680473372781065
1439,1600,지는/Josa,169,93,76,0.0010559075247304657,0.0008663008951775916,0.5502958579881657
1440,1601,섬세하다/Adjective,168,146,22,0.0016449927753695677,0.00026655412159310506,0.8690476190476191
1441,1602,풋풋하다/Adjective,168,144,24,0.001622763143269979,0.0002887669650591972,0.8571428571428571
1442,1603,어머니/Noun,168,123,45,0.001389352006224297,0.0005220018214531642,0.7321428571428571
1443,1604,=/Punctuation,168,55,113,0.0006335445148382794,0.0012772384993002955,0.6726190476190477
1444,1605,청소년/Noun,168,62,106,0.0007113482271868402,0.0011994935471689732,0.6309523809523809
1445,1606,시각/Noun,168,102,66,0.0011559408691786152,0.0007552366778471312,0.6071428571428571
1446,1607,왕/Noun,168,75,93,0.0008558408358341669,0.0010551100646393743,0.5535714285714286
1447,1608,로만/Noun,168,78,90,0.00088918528398355,0.0010217907994402363,0.5357142857142857
1448,1609,타/Modifier,168,80,88,0.0009114149160831386,0.0009995779559741444,0.5238095238095238
1449,1611,제로/Noun,167,16,151,0.0002000666888962988,0.0016992825251560453,0.9041916167664672
1450,1612,유발/Noun,167,21,146,0.00025564076914527065,0.001643750416490815,0.8742514970059879
1451,1613,필름/Noun,167,34,133,0.0004001333777925976,0.0014993669339612163,0.7964071856287425
1452,1614,조절/Noun,167,40,127,0.0004668222740913638,0.00143272840356294,0.7604790419161677
1453,1615,놓치다/Verb,167,125,42,0.0014115816383238858,0.0004886825562540262,0.7485029940119761
1454,1616,본인/Noun,167,56,111,0.0006446593308880737,0.0012550256558342032,0.6646706586826348
1455,1617,_/Punctuation,167,106,61,0.0012004001333777929,0.0006997045691819009,0.6347305389221557
1456,1618,싸움/Noun,167,66,101,0.0007558074913860174,0.0011439614385037428,0.6047904191616766
1457,1619,이미지/Noun,167,71,96,0.0008113815716349895,0.0010884293298385123,0.5748502994011976
1458,1620,이나/Noun,167,72,95,0.0008224963876847838,0.0010773229081054666,0.5688622754491018
1459,1622,미드/Noun,166,111,55,0.0012559742136267645,0.0006330660387836247,0.6686746987951807
1460,1623,실력/Noun,166,57,109,0.0006557741469378681,0.0012328128123681114,0.6566265060240963
1461,1624,학생/Noun,166,95,71,0.0010781371568300542,0.0008107687865123613,0.572289156626506
1462,1625,오래되다/Adjective,166,90,76,0.0010225630765810826,0.0008663008951775916,0.5421686746987951
1463,1627,조잡하다/Adjective,165,7,158,0.0001000333444481494,0.0017770274772873676,0.9575757575757576
1464,1628,호러/Noun,165,58,107,0.0006668889629876625,0.0012105999689020189,0.6484848484848484
1465,1629,방금/Noun,165,104,61,0.001178170501278204,0.0006997045691819009,0.6303030303030303
1466,1630,금/Noun,165,61,104,0.0007002334111370457,0.001177280703702881,0.6303030303030303
1467,1631,라인/Noun,165,63,102,0.0007224630432366343,0.001155067860236789,0.6181818181818182
1468,1632,깨다/Verb,165,69,96,0.0007891519395354007,0.0010884293298385123,0.5818181818181818
1469,1633,비판/Noun,165,94,71,0.00106702234078026,0.0008107687865123613,0.5696969696969697
1470,1634,편의/Noun,165,73,92,0.0008336112037345782,0.0010440036429063284,0.5575757575757576
1471,1635,최/Noun,165,86,79,0.0009781038123819054,0.0008996201603767299,0.5212121212121212
1472,1636,굿굿/Noun,164,161,3,0.0018117150161164836,5.553210866523024e-05,0.9817073170731708
1473,1637,좋아지다/Verb,164,134,30,0.0015116149827720349,0.0003554054954574735,0.8170731707317073
1474,1638,통쾌하다/Adjective,164,128,36,0.0014449260864732687,0.0004220440258557498,0.7804878048780488
1475,1639,심각하다/Adjective,164,43,121,0.0005001667222407468,0.001366089873164664,0.7378048780487805
1476,1640,맨날/Adverb,164,58,106,0.0006668889629876625,0.0011994935471689732,0.6463414634146342
1477,1641,쫌/Noun,164,59,105,0.0006780037790374569,0.001188387125435927,0.6402439024390244
1478,1642,과의/Josa,164,92,72,0.0010447927086806713,0.0008218752082454075,0.5609756097560976
1479,1643,해석/Noun,164,88,76,0.0010003334444814939,0.0008663008951775916,0.5365853658536586
1480,1644,전문가/Noun,164,87,77,0.0009892186284316995,0.0008774073169106378,0.5304878048780488
1481,1645,지구/Noun,164,87,77,0.0009892186284316995,0.0008774073169106378,0.5304878048780488
1482,1646,어휴/Exclamation,163,21,142,0.00025564076914527065,0.0015993247295586306,0.8711656441717791
1483,1647,실패/Noun,163,27,136,0.00032232966544403684,0.0015326861991603546,0.8343558282208589
1484,1648,아줌마/Noun,163,46,117,0.00053351117039013,0.0013216641862324795,0.7177914110429447
1485,1649,닮다/Verb,163,99,64,0.001122596421029232,0.0007330238343810393,0.6073619631901841
1486,1650,동안/Foreign,163,70,93,0.0008002667555851951,0.0010551100646393743,0.5705521472392638
1487,1651,동물/Noun,163,92,71,0.0010447927086806713,0.0008107687865123613,0.5644171779141104
1488,1652,담/Noun,163,75,88,0.0008558408358341669,0.0009995779559741444,0.5398773006134969
1489,1653,훨/Noun,163,75,88,0.0008558408358341669,0.0009995779559741444,0.5398773006134969
1490,1654,다가오다/Verb,162,132,30,0.0014893853506724466,0.0003554054954574735,0.8148148148148148
1491,1655,은근/Noun,162,127,35,0.0014338112704234743,0.0004109376041227037,0.7839506172839507
1492,1656,심장/Noun,162,126,36,0.0014226964543736804,0.0004220440258557498,0.7777777777777778
1493,1657,바라보다/Verb,162,126,36,0.0014226964543736804,0.0004220440258557498,0.7777777777777778
1494,1658,씁쓸하다/Adjective,162,120,42,0.0013560075580749138,0.0004886825562540262,0.7407407407407407
1495,1659,편하다/Adjective,162,108,54,0.0012226297654773814,0.0006219596170505788,0.6666666666666666
1496,1660,따라가다/Verb,162,56,106,0.0006446593308880737,0.0011994935471689732,0.654320987654321
1497,1661,조합/Noun,162,98,64,0.0011114816049794377,0.0007330238343810393,0.6049382716049383
1498,1662,낳다/Verb,162,89,73,0.0010114482605312882,0.0008329816299784535,0.5493827160493827
1499,1663,방법/Noun,162,86,76,0.0009781038123819054,0.0008663008951775916,0.5308641975308642
1500,1664,돌다/Verb,162,85,77,0.0009669889963321108,0.0008774073169106378,0.5246913580246914
1501,1666,없어지다/Verb,161,37,124,0.0004334778259419807,0.0013994091383638019,0.7701863354037267
1502,1667,숨다/Verb,161,121,40,0.0013671223741247086,0.000466469712787934,0.7515527950310559
1503,1668,ㄷㄷㄷ/KoreanParticle,161,96,65,0.0010892519728798488,0.0007441302561140852,0.5962732919254659
1504,1669,즈/Modifier,161,92,69,0.0010447927086806713,0.0007885559430462694,0.5714285714285714
1505,1670,인/Suffix,161,70,91,0.0008002667555851951,0.0010328972211732824,0.5652173913043478
1506,1671,1시간/Number,160,35,125,0.0004112481938423919,0.001410515560096848,0.78125
1507,1672,늦다/Verb,160,123,37,0.001389352006224297,0.0004331504475887958,0.76875
1508,1673,아이돌/Noun,160,54,106,0.0006224296987884852,0.0011994935471689732,0.6625
1509,1674,한국인/Noun,160,57,103,0.0006557741469378681,0.001166174281969835,0.64375
1510,1675,입다/Verb,160,59,101,0.0006780037790374569,0.0011439614385037428,0.63125
1511,1676,히어로/Noun,160,97,63,0.0011003667889296432,0.0007219174126479931,0.60625
1512,1677,뽑다/Verb,160,68,92,0.0007780371234856063,0.0010440036429063284,0.575
1513,1678,악/Noun,160,74,86,0.0008447260197843727,0.000977365112508052,0.5375
1514,1680,명품/Noun,159,135,24,0.0015227297988218294,0.0002887669650591972,0.8490566037735849
1515,1681,존경/Noun,159,126,33,0.0014226964543736804,0.00038872476065661166,0.7924528301886793
1516,1682,더불다/Verb,159,117,42,0.0013226631099255307,0.0004886825562540262,0.7358490566037735
1517,1683,신나다/Adjective,159,111,48,0.0012559742136267645,0.0005553210866523023,0.6981132075471698
1518,1684,이끌다/Verb,159,94,65,0.00106702234078026,0.0007441302561140852,0.5911949685534591
1519,1685,꾸다/Verb,159,83,76,0.0009447593642325221,0.0008663008951775916,0.5220125786163522
1520,1686,시트콤/Noun,158,109,49,0.0012337445815271755,0.0005664275083853486,0.689873417721519
1521,1687,어쩔/Modifier,158,50,108,0.0005779704345893076,0.0012217063906350652,0.6835443037974683
1522,1688,성/Noun,158,56,102,0.0006446593308880737,0.001155067860236789,0.6455696202531646
1523,1689,대부분/Noun,158,60,98,0.0006891185950872514,0.0011106421733046046,0.620253164556962
1524,1690,겁니다/Verb,158,93,65,0.0010559075247304657,0.0007441302561140852,0.5886075949367089
1525,1691,국내/Noun,158,87,71,0.0009892186284316995,0.0008107687865123613,0.5506329113924051
1526,1693,짠하다/Adjective,157,146,11,0.0016449927753695677,0.0001443834825295986,0.929936305732484
1527,1694,푹/Noun,157,137,20,0.0015449594309214182,0.00024434127812701304,0.8726114649681529
1528,1695,만족/Noun,157,113,44,0.0012782038457263534,0.0005108953997201182,0.7197452229299363
1529,1696,이니/Josa,157,56,101,0.0006446593308880737,0.0011439614385037428,0.643312101910828
1530,1697,주말/Noun,157,99,58,0.001122596421029232,0.0006663853039827628,0.6305732484076433
1531,1698,신분/Noun,157,99,58,0.001122596421029232,0.0006663853039827628,0.6305732484076433
1532,1699,쵝오/Noun,156,151,5,0.0017005668556185395,7.774495213132233e-05,0.9679487179487181
1533,1700,세기/Noun,156,90,66,0.0010225630765810826,0.0007552366778471312,0.5769230769230769
1534,1701,직접/Noun,156,87,69,0.0009892186284316995,0.0007885559430462694,0.5576923076923077
1535,1702,분명/Noun,156,73,83,0.0008336112037345782,0.000944045847308914,0.532051282051282
1536,1703,거슬리다/Verb,155,35,120,0.0004112481938423919,0.0013549834514316175,0.7741935483870968
1537,1704,전개도/Noun,155,54,101,0.0006224296987884852,0.0011439614385037428,0.6516129032258065
1538,1705,30/Number,155,98,57,0.0011114816049794377,0.0006552788822497168,0.6322580645161291
1539,1706,의리/Noun,155,89,66,0.0010114482605312882,0.0007552366778471312,0.5741935483870968
1540,1707,미모/Noun,155,88,67,0.0010003334444814939,0.0007663430995801773,0.567741935483871
1541,1708,줍다/Verb,155,72,83,0.0008224963876847838,0.000944045847308914,0.535483870967742
1542,1709,짝퉁/Noun,154,7,147,0.0001000333444481494,0.0016548568382238609,0.9545454545454546
1543,1710,개뿔/Noun,154,7,147,0.0001000333444481494,0.0016548568382238609,0.9545454545454546
1544,1711,양심/Noun,154,28,126,0.0003334444814938313,0.001421621981829894,0.8181818181818182
1545,1712,????/Punctuation,154,36,118,0.00042236300989218633,0.0013327706079655256,0.7662337662337663
1546,1713,누군가/Noun,154,118,36,0.001333777925975325,0.0004220440258557498,0.7662337662337663
1547,1714,그거/Noun,154,45,109,0.0005223963543403357,0.0012328128123681114,0.7077922077922078
1548,1715,개념/Noun,154,49,105,0.0005668556185395131,0.001188387125435927,0.6818181818181818
1549,1716,이자/Noun,154,103,51,0.0011670556852284096,0.0005886403518514405,0.6688311688311688
1550,1717,시원하다/Adjective,154,103,51,0.0011670556852284096,0.0005886403518514405,0.6688311688311688
1551,1718,으로만/Josa,154,55,99,0.0006335445148382794,0.0011217485950376508,0.6428571428571429
1552,1719,끼/Noun,154,58,96,0.0006668889629876625,0.0010884293298385123,0.6233766233766234
1553,1720,돌아오다/Verb,154,93,61,0.0010559075247304657,0.0006997045691819009,0.6038961038961039
1554,1721,민망하다/Adjective,153,16,137,0.0002000666888962988,0.0015437926208934005,0.8954248366013072
1555,1722,망/Noun,153,19,134,0.0002334111370456819,0.0015104733556942625,0.8758169934640523
1556,1723,연예인/Noun,153,27,126,0.00032232966544403684,0.001421621981829894,0.8235294117647058
1557,1724,도안/Noun,153,38,115,0.000444592641991775,0.0012994513427663874,0.7516339869281046
1558,1725,해내다/Verb,153,114,39,0.0012893186617761474,0.000455363291054888,0.7450980392156863
1559,1726,가요/Noun,153,39,114,0.00045570745804156943,0.0012883449210333415,0.7450980392156863
1560,1727,전반/Noun,153,49,104,0.0005668556185395131,0.001177280703702881,0.6797385620915033
1561,1728,진리/Noun,153,101,52,0.0011448260531288204,0.0005997467735844866,0.6601307189542484
1562,1729,이정/Noun,153,60,93,0.0006891185950872514,0.0010551100646393743,0.6078431372549019
1563,1730,이란/Noun,153,91,62,0.001033677892630877,0.000710810990914947,0.5947712418300654
1564,1731,에피소드/Noun,153,70,83,0.0008002667555851951,0.000944045847308914,0.5424836601307189
1565,1733,돌아보다/Verb,152,143,9,0.0016116483272201846,0.00012217063906350652,0.9407894736842104
1566,1734,의외로/Adverb,152,129,23,0.0014560409025230633,0.00027766054332615115,0.8486842105263158
1567,1735,여행/Noun,152,104,48,0.001178170501278204,0.0005553210866523023,0.6842105263157895
1568,1736,향/Noun,152,100,52,0.0011337112370790265,0.0005997467735844866,0.6578947368421053
1569,1737,19/Number,152,56,96,0.0006446593308880737,0.0010884293298385123,0.631578947368421
1570,1738,레알/Noun,152,63,89,0.0007224630432366343,0.0010106843777071904,0.5855263157894737
1571,1739,생활/Noun,152,87,65,0.0009892186284316995,0.0007441302561140852,0.5723684210526315
1572,1740,찝찝하다/Adjective,151,30,121,0.00035567411359342004,0.001366089873164664,0.8013245033112583
1573,1741,사기/Noun,151,33,118,0.00038901856174280313,0.0013327706079655256,0.7814569536423841
1574,1742,과장/Noun,151,51,100,0.000589085250639102,0.0011328550167706971,0.6622516556291391
1575,1743,스스로/Noun,151,86,65,0.0009781038123819054,0.0007441302561140852,0.5695364238410596
1576,1744,쩌/Noun,151,79,72,0.0009003001000333445,0.0008218752082454075,0.5231788079470199
1577,1745,봣는데/Noun,151,79,72,0.0009003001000333445,0.0008218752082454075,0.5231788079470199
1578,1746,단/Modifier,151,72,79,0.0008224963876847838,0.0008996201603767299,0.5231788079470199
1579,1750,라지/Noun,150,18,132,0.0002222963209958875,0.0014882605122281704,0.88
1580,1751,날리다/Verb,150,30,120,0.00035567411359342004,0.0013549834514316175,0.8
1581,1752,갈등/Noun,150,95,55,0.0010781371568300542,0.0006330660387836247,0.6333333333333333
1582,1753,하나로/Noun,150,88,62,0.0010003334444814939,0.000710810990914947,0.5866666666666667
1583,1754,한참/Noun,150,62,88,0.0007113482271868402,0.0009995779559741444,0.5866666666666667
1584,1755,헐리웃/Noun,150,66,84,0.0007558074913860174,0.00095515226904196,0.56
1585,1756,막히다/Verb,150,84,66,0.0009558741802823164,0.0007552366778471312,0.56
1586,1757,로봇/Noun,150,83,67,0.0009447593642325221,0.0007663430995801773,0.5533333333333333
1587,1758,문/Modifier,150,67,83,0.0007669223074358119,0.000944045847308914,0.5533333333333333
1588,1759,유/Noun,150,68,82,0.0007780371234856063,0.000932939425575868,0.5466666666666666
1589,1761,낭비하다/Adjective,149,2,147,4.445926419917751e-05,0.0016548568382238609,0.9865771812080536
1590,1762,단연/Noun,149,128,21,0.0014449260864732687,0.0002554476998600591,0.8590604026845637
1591,1763,무척/Noun,149,114,35,0.0012893186617761474,0.0004109376041227037,0.7651006711409396
1592,1764,성장/Noun,149,110,39,0.00124485939757697,0.000455363291054888,0.7382550335570469
1593,1765,......../Punctuation,149,45,104,0.0005223963543403357,0.001177280703702881,0.6979865771812079
1594,1766,번째/Suffix,149,95,54,0.0010781371568300542,0.0006219596170505788,0.6375838926174496
1595,1767,초등학생/Noun,149,56,93,0.0006446593308880737,0.0010551100646393743,0.6241610738255033
1596,1768,연속/Noun,149,59,90,0.0006780037790374569,0.0010217907994402363,0.6040268456375839
1597,1769,주변/Noun,149,88,61,0.0010003334444814939,0.0006997045691819009,0.5906040268456376
1598,1770,경험/Noun,149,87,62,0.0009892186284316995,0.000710810990914947,0.5838926174496645
1599,1771,한데/Eomi,149,63,86,0.0007224630432366343,0.000977365112508052,0.5771812080536913
1600,1772,섹시하다/Adjective,149,84,65,0.0009558741802823164,0.0007441302561140852,0.5637583892617449
1601,1773,&/Punctuation,149,81,68,0.0009225297321329332,0.0007774495213132232,0.5436241610738255
1602,1774,오르다/Verb,149,81,68,0.0009225297321329332,0.0007774495213132232,0.5436241610738255
1603,1775,이도/Noun,148,5,143,7.780371234856063e-05,0.001610431151291677,0.9662162162162162
1604,1776,상/Noun,148,44,104,0.0005112815382905413,0.001177280703702881,0.7027027027027027
1605,1777,피해자/Noun,148,44,104,0.0005112815382905413,0.001177280703702881,0.7027027027027027
1606,1778,감히/Noun,148,97,51,0.0011003667889296432,0.0005886403518514405,0.6554054054054054
1607,1779,뒷/Modifier,148,53,95,0.0006113148827386907,0.0010773229081054666,0.6418918918918919
1608,1780,김기덕/Noun,148,63,85,0.0007224630432366343,0.0009662586907750061,0.5743243243243243
1609,1781,꽝/Noun,147,8,139,0.00011114816049794375,0.0015660054643594926,0.9455782312925172
1610,1782,라이/Noun,147,28,119,0.0003334444814938313,0.0013438770296985718,0.8095238095238095
1611,1783,편견/Noun,147,103,44,0.0011670556852284096,0.0005108953997201182,0.7006802721088435
1612,1784,베스트/Noun,147,97,50,0.0011003667889296432,0.0005775339301183945,0.6598639455782312
1613,1785,이여/Josa,147,86,61,0.0009781038123819054,0.0006997045691819009,0.5850340136054422
1614,1786,견자단/Noun,147,68,79,0.0007780371234856063,0.0008996201603767299,0.5374149659863946
1615,1787,맨/Noun,147,77,70,0.0008780704679337558,0.0007996623647793153,0.5238095238095238
1616,1789,사수/Noun,146,132,14,0.0014893853506724466,0.00017770274772873674,0.9041095890410958
1617,1790,허세/Noun,146,18,128,0.0002222963209958875,0.0014438348252959862,0.8767123287671232
1618,1791,와우/Noun,146,125,21,0.0014115816383238858,0.0002554476998600591,0.8561643835616438
1619,1792,명성/Noun,146,25,121,0.00030010003334444816,0.001366089873164664,0.8287671232876712
1620,1793,얘/Noun,146,40,106,0.0004668222740913638,0.0011994935471689732,0.726027397260274
1621,1794,올라가다/Verb,146,98,48,0.0011114816049794377,0.0005553210866523023,0.6712328767123288
1622,1795,확/Noun,146,50,96,0.0005779704345893076,0.0010884293298385123,0.6575342465753424
1623,1796,의식/Noun,146,61,85,0.0007002334111370457,0.0009662586907750061,0.5821917808219178
1624,1797,부모/Noun,146,80,66,0.0009114149160831386,0.0007552366778471312,0.547945205479452
1625,1798,아마/Noun,146,78,68,0.00088918528398355,0.0007774495213132232,0.5342465753424658
1626,1799,검색/Noun,146,78,68,0.00088918528398355,0.0007774495213132232,0.5342465753424658
1627,1800,성공하다/Adjective,146,69,77,0.0007891519395354007,0.0008774073169106378,0.5273972602739726
1628,1801,카/Noun,146,76,70,0.0008669556518839612,0.0007996623647793153,0.5205479452054794
1629,1802,맥/Noun,146,76,70,0.0008669556518839612,0.0007996623647793153,0.5205479452054794
1630,1803,개막/Noun,145,9,136,0.00012226297654773814,0.0015326861991603546,0.9379310344827586
1631,1804,생생하다/Adjective,145,134,11,0.0015116149827720349,0.0001443834825295986,0.9241379310344828
1632,1805,^/Punctuation,145,102,43,0.0011559408691786152,0.0004997889779870722,0.7034482758620689
1633,1806,연결/Noun,145,50,95,0.0005779704345893076,0.0010773229081054666,0.6551724137931034
1634,1807,영어/Noun,145,59,86,0.0006780037790374569,0.000977365112508052,0.593103448275862
1635,1808,외계인/Noun,145,64,81,0.0007335778592864287,0.000921833003842822,0.5586206896551724
1636,1809,뭉클하다/Adjective,144,139,5,0.0015671890630210071,7.774495213132233e-05,0.9652777777777778
1637,1810,마이너스/Noun,144,7,137,0.0001000333444481494,0.0015437926208934005,0.9513888888888888
1638,1811,밋밋하다/Adjective,144,18,126,0.0002222963209958875,0.001421621981829894,0.875
1639,1812,묘/Noun,144,118,26,0.001333777925975325,0.00031097980852528933,0.8194444444444444
1640,1813,...?/Punctuation,144,54,90,0.0006224296987884852,0.0010217907994402363,0.625
1641,1814,만큼은/Josa,144,90,54,0.0010225630765810826,0.0006219596170505788,0.625
1642,1815,쪽/Noun,144,57,87,0.0006557741469378681,0.0009884715342410985,0.6041666666666666
1643,1817,저/Modifier,143,26,117,0.00031121484939424253,0.0013216641862324795,0.8181818181818182
1644,1818,풍경/Noun,143,101,42,0.0011448260531288204,0.0004886825562540262,0.7062937062937062
1645,1819,처/Noun,143,44,99,0.0005112815382905413,0.0011217485950376508,0.6923076923076923
1646,1820,드물다/Adjective,143,98,45,0.0011114816049794377,0.0005220018214531642,0.6853146853146853
1647,1821,무언가/Noun,143,97,46,0.0011003667889296432,0.0005331082431862101,0.6783216783216783
1648,1822,이보/Noun,143,79,64,0.0009003001000333445,0.0007330238343810393,0.5524475524475524
1649,1823,이든/Josa,143,77,66,0.0008780704679337558,0.0007552366778471312,0.5384615384615384
1650,1824,ㅉㅉㅉ/KoreanParticle,142,15,127,0.00018895187284650438,0.00143272840356294,0.8943661971830986
1651,1825,싸이코/Noun,142,29,113,0.0003445592975436257,0.0012772384993002955,0.7957746478873241
1652,1826,만들기/Noun,142,30,112,0.00035567411359342004,0.0012661320775672494,0.7887323943661971
1653,1827,자연스럽다/Adjective,142,112,30,0.0012670890296765588,0.0003554054954574735,0.7887323943661971
1654,1828,복잡하다/Adjective,142,92,50,0.0010447927086806713,0.0005775339301183945,0.647887323943662
1655,1829,개성/Noun,142,87,55,0.0009892186284316995,0.0006330660387836247,0.6126760563380281
1656,1831,달달/Noun,141,125,16,0.0014115816383238858,0.00019991559119482882,0.8865248226950354
1657,1832,어린시절/Noun,141,123,18,0.001389352006224297,0.00022212843466092096,0.8723404255319149
1658,1833,정체/Noun,141,30,111,0.00035567411359342004,0.0012550256558342032,0.7872340425531915
1659,1834,막장드라마/Noun,141,32,109,0.00037790374569300877,0.0012328128123681114,0.7730496453900709
1660,1835,왠/Modifier,141,33,108,0.00038901856174280313,0.0012217063906350652,0.7659574468085106
1661,1836,마이클/Noun,141,91,50,0.001033677892630877,0.0005775339301183945,0.6453900709219859
1662,1837,옆/Noun,141,63,78,0.0007224630432366343,0.0008885137386436838,0.5531914893617021
1663,1838,무지/Noun,141,77,64,0.0008780704679337558,0.0007330238343810393,0.5460992907801419
1664,1839,조/Noun,141,65,76,0.0007446926753362233,0.0008663008951775916,0.5390070921985816
1665,1840,기준/Noun,141,75,66,0.0008558408358341669,0.0007552366778471312,0.5319148936170213
1666,1842,♥♥/Foreign,140,140,0,0.0015783038790708015,2.2212843466092093e-05,1.0
1667,1843,숨기다/Verb,140,114,26,0.0012893186617761474,0.00031097980852528933,0.8142857142857143
1668,1844,세월/Noun,140,105,35,0.0011892853173279985,0.0004109376041227037,0.75
1669,1845,캐리/Noun,140,104,36,0.001178170501278204,0.0004220440258557498,0.7428571428571429
1670,1846,변화/Noun,140,91,49,0.001033677892630877,0.0005664275083853486,0.65
1671,1847,빨다/Verb,140,54,86,0.0006224296987884852,0.000977365112508052,0.6142857142857143
1672,1848,으로써/Josa,140,83,57,0.0009447593642325221,0.0006552788822497168,0.5928571428571429
1673,1849,코난/Noun,140,82,58,0.0009336445481827276,0.0006663853039827628,0.5857142857142857
1674,1850,이상은/Noun,140,67,73,0.0007669223074358119,0.0008329816299784535,0.5214285714285715
1675,1852,일품/Noun,139,126,13,0.0014226964543736804,0.0001665963259956907,0.9064748201438848
1676,1853,젠장/Noun,139,22,117,0.000266755585195065,0.0013216641862324795,0.8417266187050358
1677,1854,기회/Noun,139,106,33,0.0012004001333777929,0.00038872476065661166,0.7625899280575541
1678,1855,카리스마/Noun,139,105,34,0.0011892853173279985,0.00039983118238965764,0.7553956834532374
1679,1856,남아/Noun,139,97,42,0.0011003667889296432,0.0004886825562540262,0.6978417266187049
1680,1857,깎다/Verb,139,61,78,0.0007002334111370457,0.0008885137386436838,0.5611510791366906
1681,1858,아/Noun,138,27,111,0.00032232966544403684,0.0012550256558342032,0.8043478260869565
1682,1859,칼/Noun,138,41,97,0.0004779370901411582,0.0010995357515715587,0.7028985507246377
1683,1860,신경/Noun,138,42,96,0.0004890519061909527,0.0010884293298385123,0.6956521739130435
1684,1861,자살/Noun,138,43,95,0.0005001667222407468,0.0010773229081054666,0.6884057971014492
1685,1862,오빠/Noun,138,95,43,0.0010781371568300542,0.0004997889779870722,0.6884057971014492
1686,1863,맨/Modifier,138,51,87,0.000589085250639102,0.0009884715342410985,0.6304347826086957
1687,1864,면서/Noun,138,84,54,0.0009558741802823164,0.0006219596170505788,0.6086956521739131
1688,1865,덜/Noun,138,57,81,0.0006557741469378681,0.000921833003842822,0.5869565217391305
1689,1866,시청/Noun,138,74,64,0.0008447260197843727,0.0007330238343810393,0.5362318840579711
1690,1867,니깐/Josa,138,74,64,0.0008447260197843727,0.0007330238343810393,0.5362318840579711
1691,1869,포르노/Noun,137,16,121,0.0002000666888962988,0.001366089873164664,0.8832116788321168
1692,1870,C/Alpha,137,16,121,0.0002000666888962988,0.001366089873164664,0.8832116788321168
1693,1871,응원/Noun,137,116,21,0.0013115482938757365,0.0002554476998600591,0.8467153284671532
1694,1872,겨/Noun,137,26,111,0.00031121484939424253,0.0012550256558342032,0.8102189781021898
1695,1873,압권/Noun,137,111,26,0.0012559742136267645,0.00031097980852528933,0.8102189781021898
1696,1874,다양하다/Adjective,137,99,38,0.001122596421029232,0.0004442568693218419,0.7226277372262774
1697,1875,모으다/Verb,137,39,98,0.00045570745804156943,0.0011106421733046046,0.7153284671532847
1698,1876,형사/Noun,137,43,94,0.0005001667222407468,0.0010662164863724202,0.6861313868613139
1699,1877,만해/Noun,137,91,46,0.001033677892630877,0.0005331082431862101,0.6642335766423357
1700,1878,",,,,/Punctuation",137,50,87,0.0005779704345893076,0.0009884715342410985,0.635036496350365
1701,1879,잠깐/Noun,137,52,85,0.0006002000666888963,0.0009662586907750061,0.6204379562043796
1702,1880,매/Modifier,137,82,55,0.0009336445481827276,0.0006330660387836247,0.5985401459854015
1703,1881,뿐이다/Adjective,137,56,81,0.0006446593308880737,0.000921833003842822,0.5912408759124088
1704,1882,기자/Noun,137,79,58,0.0009003001000333445,0.0006663853039827628,0.5766423357664233
1705,1883,살아나다/Verb,137,78,59,0.00088918528398355,0.0006774917257158089,0.5693430656934306
1706,1884,?!/Punctuation,137,64,73,0.0007335778592864287,0.0008329816299784535,0.5328467153284672
1707,1886,시시하다/Adjective,136,23,113,0.00027787040124485944,0.0012772384993002955,0.8308823529411765
1708,1887,세번/Noun,136,110,26,0.00124485939757697,0.00031097980852528933,0.8088235294117647
1709,1888,냥/Josa,136,31,105,0.00036678892964321435,0.001188387125435927,0.7720588235294118
1710,1889,만에/Josa,136,101,35,0.0011448260531288204,0.0004109376041227037,0.7426470588235294
1711,1890,내면/Noun,136,99,37,0.001122596421029232,0.0004331504475887958,0.7279411764705882
1712,1891,성격/Noun,136,41,95,0.0004779370901411582,0.0010773229081054666,0.6985294117647058
1713,1892,선물/Noun,136,95,41,0.0010781371568300542,0.00047757613452098,0.6985294117647058
1714,1893,동시/Noun,136,90,46,0.0010225630765810826,0.0005331082431862101,0.6617647058823529
1715,1897,에로영화/Noun,135,22,113,0.000266755585195065,0.0012772384993002955,0.837037037037037
1716,1898,겨우/Noun,135,22,113,0.000266755585195065,0.0012772384993002955,0.837037037037037
1717,1899,추하다/Adjective,135,108,27,0.0012226297654773814,0.00032208623025833537,0.8
1718,1900,적임/Noun,135,96,39,0.0010892519728798488,0.000455363291054888,0.7111111111111111
1719,1901,만족하다/Adjective,135,93,42,0.0010559075247304657,0.0004886825562540262,0.6888888888888889
1720,1902,형제/Noun,135,91,44,0.001033677892630877,0.0005108953997201182,0.674074074074074
1721,1903,조용하다/Adjective,135,90,45,0.0010225630765810826,0.0005220018214531642,0.6666666666666666
1722,1904,할머니/Noun,135,87,48,0.0009892186284316995,0.0005553210866523023,0.6444444444444445
1723,1905,빈/Noun,135,57,78,0.0006557741469378681,0.0008885137386436838,0.5777777777777777
1724,1906,고양이/Noun,135,64,71,0.0007335778592864287,0.0008107687865123613,0.5259259259259259
1725,1910,야동/Noun,134,25,109,0.00030010003334444816,0.0012328128123681114,0.8134328358208955
1726,1911,롭고/Josa,134,108,26,0.0012226297654773814,0.00031097980852528933,0.8059701492537313
1727,1912,당/Suffix,134,44,90,0.0005112815382905413,0.0010217907994402363,0.6716417910447762
1728,1913,[/Punctuation,134,44,90,0.0005112815382905413,0.0010217907994402363,0.6716417910447762
1729,1914,스럽지/Josa,134,87,47,0.0009892186284316995,0.0005442146649192564,0.6492537313432836
1730,1915,멈추다/Verb,134,84,50,0.0009558741802823164,0.0005775339301183945,0.6268656716417911
1731,1916,넌/Noun,134,54,80,0.0006224296987884852,0.000910726582109776,0.5970149253731343
1732,1917,우와/Exclamation,134,80,54,0.0009114149160831386,0.0006219596170505788,0.5970149253731343
1733,1918,인들/Josa,134,57,77,0.0006557741469378681,0.0008774073169106378,0.5746268656716418
1734,1919,정의/Noun,134,77,57,0.0008780704679337558,0.0006552788822497168,0.5746268656716418
1735,1920,분명하다/Adjective,134,71,63,0.0008113815716349895,0.0007219174126479931,0.5298507462686567
1736,1921,벗어나다/Verb,134,63,71,0.0007224630432366343,0.0008107687865123613,0.5298507462686567
1737,1922,줄다/Verb,134,64,70,0.0007335778592864287,0.0007996623647793153,0.5223880597014925
1738,1924,투자/Noun,133,20,113,0.00024452595309547634,0.0012772384993002955,0.849624060150376
1739,1925,레전드/Noun,133,108,25,0.0012226297654773814,0.0002998733867922433,0.8120300751879699
1740,1926,지우다/Verb,133,30,103,0.00035567411359342004,0.001166174281969835,0.7744360902255639
1741,1927,고통/Noun,133,95,38,0.0010781371568300542,0.0004442568693218419,0.7142857142857143
1742,1928,비현실적/Noun,133,41,92,0.0004779370901411582,0.0010440036429063284,0.6917293233082706
1743,1929,욕망/Noun,133,90,43,0.0010225630765810826,0.0004997889779870722,0.6766917293233082
1744,1930,쉬/Noun,133,90,43,0.0010225630765810826,0.0004997889779870722,0.6766917293233082
1745,1931,방영/Noun,133,85,48,0.0009669889963321108,0.0005553210866523023,0.6390977443609023
1746,1932,영혼/Noun,133,82,51,0.0009336445481827276,0.0005886403518514405,0.6165413533834586
1747,1933,관점/Noun,133,77,56,0.0008780704679337558,0.0006441724605166707,0.5789473684210527
1748,1934,온/Modifier,133,61,72,0.0007002334111370457,0.0008218752082454075,0.5413533834586466
1749,1937,진하다/Adjective,132,119,13,0.0013448927420251196,0.0001665963259956907,0.9015151515151516
1750,1938,초등학교/Noun,132,99,33,0.001122596421029232,0.00038872476065661166,0.75
1751,1939,학년/Noun,132,96,36,0.0010892519728798488,0.0004220440258557498,0.7272727272727273
1752,1940,로그인/Noun,132,41,91,0.0004779370901411582,0.0010328972211732824,0.6893939393939394
1753,1941,베/Noun,132,45,87,0.0005223963543403357,0.0009884715342410985,0.6590909090909091
1754,1942,을/Foreign,132,45,87,0.0005223963543403357,0.0009884715342410985,0.6590909090909091
1755,1943,특수/Noun,132,48,84,0.0005557408024897189,0.00095515226904196,0.6363636363636364
1756,1944,감안/Noun,132,51,81,0.000589085250639102,0.000921833003842822,0.6136363636363636
1757,1945,21/Number,132,79,53,0.0009003001000333445,0.0006108531953175326,0.5984848484848485
1758,1946,12/Number,132,54,78,0.0006224296987884852,0.0008885137386436838,0.5909090909090909
1759,1947,상업/Noun,132,55,77,0.0006335445148382794,0.0008774073169106378,0.5833333333333334
1760,1948,타/Noun,132,76,56,0.0008669556518839612,0.0006441724605166707,0.5757575757575758
1761,1949,의/Foreign,132,70,62,0.0008002667555851951,0.000710810990914947,0.5303030303030303
1762,1950,M/Alpha,131,5,126,7.780371234856063e-05,0.001421621981829894,0.9618320610687024
1763,1951,잠들다/Verb,131,17,114,0.00021118150494609317,0.0012883449210333415,0.8702290076335878
1764,1952,감흥/Noun,131,19,112,0.0002334111370456819,0.0012661320775672494,0.8549618320610687
1765,1953,붙이다/Verb,131,21,110,0.00025564076914527065,0.0012439192341011573,0.8396946564885496
1766,1954,부럽다/Adjective,131,106,25,0.0012004001333777929,0.0002998733867922433,0.8091603053435115
1767,1955,설득/Noun,131,30,101,0.00035567411359342004,0.0011439614385037428,0.7709923664122137
1768,1956,따로/Adverb,131,31,100,0.00036678892964321435,0.0011328550167706971,0.7633587786259542
1769,1957,]/Punctuation,131,38,93,0.000444592641991775,0.0010551100646393743,0.7099236641221374
1770,1958,끝내주다/Adjective,131,91,40,0.001033677892630877,0.000466469712787934,0.6946564885496184
1771,1959,놀랍다/Adjective,131,91,40,0.001033677892630877,0.000466469712787934,0.6946564885496184
1772,1960,권/Suffix,131,84,47,0.0009558741802823164,0.0005442146649192564,0.6412213740458015
1773,1961,그건/Adverb,131,55,76,0.0006335445148382794,0.0008663008951775916,0.5801526717557252
1774,1962,채/Noun,131,59,72,0.0006780037790374569,0.0008218752082454075,0.5496183206106869
1775,1963,일이/Modifier,131,62,69,0.0007113482271868402,0.0007885559430462694,0.5267175572519084
1776,1964,반하다/Adjective,130,112,18,0.0012670890296765588,0.00022212843466092096,0.8615384615384616
1777,1965,점준/Noun,130,23,107,0.00027787040124485944,0.0012105999689020189,0.823076923076923
1778,1966,인지도/Noun,130,26,104,0.00031121484939424253,0.001177280703702881,0.8
1779,1967,x/Alpha,130,34,96,0.0004001333777925976,0.0010884293298385123,0.7384615384615385
1780,1968,루/Noun,130,36,94,0.00042236300989218633,0.0010662164863724202,0.7230769230769231
1781,1969,기발하다/Adjective,130,92,38,0.0010447927086806713,0.0004442568693218419,0.7076923076923077
1782,1970,최강/Noun,130,88,42,0.0010003334444814939,0.0004886825562540262,0.676923076923077
1783,1971,주성치/Noun,130,81,49,0.0009225297321329332,0.0005664275083853486,0.6230769230769231
1784,1972,키우다/Verb,130,60,70,0.0006891185950872514,0.0007996623647793153,0.5384615384615384
1785,1973,배역/Noun,130,62,68,0.0007113482271868402,0.0007774495213132232,0.5230769230769231
1786,1974,악마/Noun,130,62,68,0.0007113482271868402,0.0007774495213132232,0.5230769230769231
1787,1975,안습/Noun,129,16,113,0.0002000666888962988,0.0012772384993002955,0.875968992248062
1788,1976,우려/Noun,129,18,111,0.0002222963209958875,0.0012550256558342032,0.8604651162790697
1789,1977,기만/Noun,129,25,104,0.00030010003334444816,0.001177280703702881,0.8062015503875969
1790,1978,조작/Noun,129,25,104,0.00030010003334444816,0.001177280703702881,0.8062015503875969
1791,1979,고르다/Verb,129,29,100,0.0003445592975436257,0.0011328550167706971,0.7751937984496124
1792,1980,오랫/Modifier,129,97,32,0.0011003667889296432,0.0003776183389235656,0.751937984496124
1793,1981,스트레스/Noun,129,35,94,0.0004112481938423919,0.0010662164863724202,0.7286821705426356
1794,1982,색감/Noun,129,91,38,0.001033677892630877,0.0004442568693218419,0.7054263565891473
1795,1983,결정/Noun,129,55,74,0.0006335445148382794,0.0008440880517114996,0.5736434108527132
1796,1984,자리/Noun,129,74,55,0.0008447260197843727,0.0006330660387836247,0.5736434108527132
1797,1985,놀래다/Adjective,129,56,73,0.0006446593308880737,0.0008329816299784535,0.5658914728682171
1798,1986,본적/Noun,129,70,59,0.0008002667555851951,0.0006774917257158089,0.5426356589147286
1799,1988,공짜/Noun,128,5,123,7.780371234856063e-05,0.0013883027166307562,0.9609375
1800,1989,18/Number,128,28,100,0.0003334444814938313,0.0011328550167706971,0.78125
1801,1990,놀다/Verb,128,36,92,0.00042236300989218633,0.0010440036429063284,0.71875
1802,1991,아무렇다/Adjective,128,37,91,0.0004334778259419807,0.0010328972211732824,0.7109375
1803,1992,데리/Noun,128,41,87,0.0004779370901411582,0.0009884715342410985,0.6796875
1804,1993,포인트/Noun,128,42,86,0.0004890519061909527,0.000977365112508052,0.671875
1805,1994,ㄱ/KoreanParticle,128,45,83,0.0005223963543403357,0.000944045847308914,0.6484375
1806,1995,저러다/Verb,128,45,83,0.0005223963543403357,0.000944045847308914,0.6484375
1807,1996,갑/Noun,128,83,45,0.0009447593642325221,0.0005220018214531642,0.6484375
1808,1997,바다/Noun,128,75,53,0.0008558408358341669,0.0006108531953175326,0.5859375
1809,1998,홍콩영화/Noun,128,59,69,0.0006780037790374569,0.0007885559430462694,0.5390625
1810,1999,교육/Noun,128,61,67,0.0007002334111370457,0.0007663430995801773,0.5234375
1811,2000,어/Noun,128,67,61,0.0007669223074358119,0.0006997045691819009,0.5234375
1812,2001,정신병/Noun,127,21,106,0.00025564076914527065,0.0011994935471689732,0.8346456692913385
1813,2002,깨우다/Verb,127,105,22,0.0011892853173279985,0.00026655412159310506,0.8267716535433071
1814,2003,아예/Noun,127,26,101,0.00031121484939424253,0.0011439614385037428,0.7952755905511811
1815,2004,여러가지/Noun,127,95,32,0.0010781371568300542,0.0003776183389235656,0.7480314960629921
1816,2005,미가/Noun,127,94,33,0.00106702234078026,0.00038872476065661166,0.7401574803149606
1817,2006,넘어가다/Verb,127,40,87,0.0004668222740913638,0.0009884715342410985,0.6850393700787402
1818,2007,김/Noun,127,52,75,0.0006002000666888963,0.0008551944734445456,0.5905511811023622
1819,2008,풍자/Noun,127,75,52,0.0008558408358341669,0.0005997467735844866,0.5905511811023622
1820,2009,냄새/Noun,127,55,72,0.0006335445148382794,0.0008218752082454075,0.5669291338582677
1821,2010,아래/Noun,127,57,70,0.0006557741469378681,0.0007996623647793153,0.5511811023622047
1822,2015,틈/Noun,126,106,20,0.0012004001333777929,0.00024434127812701304,0.8412698412698413
1823,2016,;;;;/Punctuation,126,26,100,0.00031121484939424253,0.0011328550167706971,0.7936507936507936
1824,2017,껏/Noun,126,28,98,0.0003334444814938313,0.0011106421733046046,0.7777777777777778
1825,2018,위로/Noun,126,91,35,0.001033677892630877,0.0004109376041227037,0.7222222222222222
1826,2019,전쟁영화/Noun,126,88,38,0.0010003334444814939,0.0004442568693218419,0.6984126984126984
1827,2020,보고오다/Verb,126,78,48,0.00088918528398355,0.0005553210866523023,0.6190476190476191
1828,2021,잔/Noun,126,49,77,0.0005668556185395131,0.0008774073169106378,0.6111111111111112
1829,2022,녀/Noun,126,51,75,0.000589085250639102,0.0008551944734445456,0.5952380952380952
1830,2023,약/Noun,126,52,74,0.0006002000666888963,0.0008440880517114996,0.5873015873015873
1831,2024,관련/Noun,126,57,69,0.0006557741469378681,0.0007885559430462694,0.5476190476190477
1832,2027,효/Noun,125,24,101,0.0002889852172946538,0.0011439614385037428,0.8079999999999999
1833,2028,용기/Noun,125,98,27,0.0011114816049794377,0.00032208623025833537,0.784
1834,2029,뜨겁다/Adjective,125,97,28,0.0011003667889296432,0.0003331926519913814,0.7759999999999999
1835,2030,패/Noun,125,38,87,0.000444592641991775,0.0009884715342410985,0.696
1836,2031,공포물/Noun,125,40,85,0.0004668222740913638,0.0009662586907750061,0.68
1837,2032,근래/Noun,125,84,41,0.0009558741802823164,0.00047757613452098,0.672
1838,2033,수고/Noun,125,82,43,0.0009336445481827276,0.0004997889779870722,0.6559999999999999
1839,2034,만남/Noun,125,80,45,0.0009114149160831386,0.0005220018214531642,0.64
1840,2035,깜짝/Noun,125,73,52,0.0008336112037345782,0.0005997467735844866,0.584
1841,2036,우주/Noun,125,72,53,0.0008224963876847838,0.0006108531953175326,0.5760000000000001
1842,2037,달리다/Verb,125,55,70,0.0006335445148382794,0.0007996623647793153,0.56
1843,2038,나타나다/Verb,125,58,67,0.0006668889629876625,0.0007663430995801773,0.536
1844,2039,말아먹다/Verb,124,12,112,0.00015560742469712126,0.0012661320775672494,0.9032258064516128
1845,2040,운명/Noun,124,93,31,0.0010559075247304657,0.00036651191719051963,0.75
1846,2041,연인/Noun,124,91,33,0.001033677892630877,0.00038872476065661166,0.7338709677419355
1847,2042,이용/Noun,124,38,86,0.000444592641991775,0.000977365112508052,0.6935483870967742
1848,2043,",./Punctuation",124,41,83,0.0004779370901411582,0.000944045847308914,0.6693548387096774
1849,2044,007/Number,124,79,45,0.0009003001000333445,0.0005220018214531642,0.6370967741935484
1850,2045,DVD/Alpha,124,79,45,0.0009003001000333445,0.0005220018214531642,0.6370967741935484
1851,2046,거짓말/Noun,124,46,78,0.00053351117039013,0.0008885137386436838,0.6290322580645161
1852,2047,영화계/Noun,124,47,77,0.0005446259864399244,0.0008774073169106378,0.6209677419354839
1853,2048,파/Noun,124,68,56,0.0007780371234856063,0.0006441724605166707,0.5483870967741935
1854,2049,심오하다/Adjective,124,68,56,0.0007780371234856063,0.0006441724605166707,0.5483870967741935
1855,2050,물이/Noun,124,58,66,0.0006668889629876625,0.0007552366778471312,0.532258064516129
1856,2051,만은/Josa,124,59,65,0.0006780037790374569,0.0007441302561140852,0.5241935483870968
1857,2053,썩다/Verb,123,33,90,0.00038901856174280313,0.0010217907994402363,0.7317073170731707
1858,2054,확인/Noun,123,35,88,0.0004112481938423919,0.0009995779559741444,0.7154471544715447
1859,2055,해결/Noun,123,42,81,0.0004890519061909527,0.000921833003842822,0.6585365853658537
1860,2056,군/Noun,123,46,77,0.00053351117039013,0.0008774073169106378,0.6260162601626016
1861,2057,캐/Noun,123,50,73,0.0005779704345893076,0.0008329816299784535,0.5934959349593496
1862,2058,만을/Josa,123,54,69,0.0006224296987884852,0.0007885559430462694,0.5609756097560976
1863,2059,리즈/Noun,123,55,68,0.0006335445148382794,0.0007774495213132232,0.5528455284552846
1864,2060,단어/Noun,123,57,66,0.0006557741469378681,0.0007552366778471312,0.5365853658536586
1865,2061,사진/Noun,123,59,64,0.0006780037790374569,0.0007330238343810393,0.5203252032520326
1866,2064,았/Noun,122,13,109,0.00016672224074691566,0.0012328128123681114,0.8934426229508197
1867,2065,번은/Noun,122,102,20,0.0011559408691786152,0.00024434127812701304,0.8360655737704918
1868,2066,설마/Noun,122,22,100,0.000266755585195065,0.0011328550167706971,0.819672131147541
1869,2067,결코/Noun,122,91,31,0.001033677892630877,0.00036651191719051963,0.7459016393442623
1870,2068,원/Noun,122,31,91,0.00036678892964321435,0.0010328972211732824,0.7459016393442623
1871,2069,잖다/Verb,122,34,88,0.0004001333777925976,0.0009995779559741444,0.7213114754098361
1872,2070,갠/Noun,122,84,38,0.0009558741802823164,0.0004442568693218419,0.6885245901639344
1873,2071,갖추다/Verb,122,82,40,0.0009336445481827276,0.000466469712787934,0.6721311475409836
1874,2072,전에/Foreign,122,79,43,0.0009003001000333445,0.0004997889779870722,0.6475409836065574
1875,2073,예능/Noun,122,51,71,0.000589085250639102,0.0008107687865123613,0.5819672131147541
1876,2074,점줌/Noun,122,51,71,0.000589085250639102,0.0008107687865123613,0.5819672131147541
1877,2075,내생/Noun,122,69,53,0.0007891519395354007,0.0006108531953175326,0.5655737704918032
1878,2076,백/Modifier,122,66,56,0.0007558074913860174,0.0006441724605166707,0.5409836065573771
1879,2078,낮추다/Verb,121,16,105,0.0002000666888962988,0.001188387125435927,0.8677685950413223
1880,2079,셈/Noun,121,20,101,0.00024452595309547634,0.0011439614385037428,0.8347107438016529
1881,2080,변태/Noun,121,21,100,0.00025564076914527065,0.0011328550167706971,0.8264462809917356
1882,2081,심지어/Noun,121,31,90,0.00036678892964321435,0.0010217907994402363,0.743801652892562
1883,2082,자르다/Verb,121,40,81,0.0004668222740913638,0.000921833003842822,0.6694214876033058
1884,2083,째/Suffix,121,69,52,0.0007891519395354007,0.0005997467735844866,0.5702479338842975
1885,2084,들어서다/Verb,121,65,56,0.0007446926753362233,0.0006441724605166707,0.5371900826446281
1886,2085,트/Noun,121,63,58,0.0007224630432366343,0.0006663853039827628,0.5206611570247934
1887,2086,잔뜩/Noun,120,15,105,0.00018895187284650438,0.001188387125435927,0.875
1888,2087,5분/Number,120,18,102,0.0002222963209958875,0.001155067860236789,0.85
1889,2088,크리스마스/Noun,120,89,31,0.0010114482605312882,0.00036651191719051963,0.7416666666666667
1890,2089,X/Alpha,120,31,89,0.00036678892964321435,0.0010106843777071904,0.7416666666666667
1891,2090,스런/Josa,120,39,81,0.00045570745804156943,0.000921833003842822,0.675
1892,2091,여러/Noun,120,79,41,0.0009003001000333445,0.00047757613452098,0.6583333333333333
1893,2092,넘기다/Verb,120,43,77,0.0005001667222407468,0.0008774073169106378,0.6416666666666667
1894,2093,편도/Noun,120,77,43,0.0008780704679337558,0.0004997889779870722,0.6416666666666667
1895,2094,이래서/Josa,120,46,74,0.00053351117039013,0.0008440880517114996,0.6166666666666667
1896,2095,스크린/Noun,120,71,49,0.0008113815716349895,0.0005664275083853486,0.5916666666666667
1897,2096,상태/Noun,120,53,67,0.0006113148827386907,0.0007663430995801773,0.5583333333333333
1898,2097,달리/Noun,120,54,66,0.0006224296987884852,0.0007552366778471312,0.55
1899,2098,국가/Noun,120,65,55,0.0007446926753362233,0.0006330660387836247,0.5416666666666666
1900,2099,ㅅ/KoreanParticle,120,56,64,0.0006446593308880737,0.0007330238343810393,0.5333333333333333
1901,2100,전율/Noun,119,110,9,0.00124485939757697,0.00012217063906350652,0.9243697478991596
1902,2101,둘째/Noun,119,14,105,0.00017783705679671002,0.001188387125435927,0.8823529411764706
1903,2102,려고/Noun,119,23,96,0.00027787040124485944,0.0010884293298385123,0.8067226890756303
1904,2103,아동/Noun,119,28,91,0.0003334444814938313,0.0010328972211732824,0.7647058823529411
1905,2104,그립다/Adjective,119,86,33,0.0009781038123819054,0.00038872476065661166,0.7226890756302521
1906,2105,탓/Noun,119,35,84,0.0004112481938423919,0.00095515226904196,0.7058823529411765
1907,2106,뛰어넘다/Verb,119,83,36,0.0009447593642325221,0.0004220440258557498,0.6974789915966386
1908,2107,제외/Noun,119,43,76,0.0005001667222407468,0.0008663008951775916,0.6386554621848739
1909,2108,자주/Noun,119,76,43,0.0008669556518839612,0.0004997889779870722,0.6386554621848739
1910,2109,옷/Noun,119,48,71,0.0005557408024897189,0.0008107687865123613,0.5966386554621849
1911,2110,통/Noun,119,49,70,0.0005668556185395131,0.0007996623647793153,0.5882352941176471
1912,2111,케/Noun,119,51,68,0.000589085250639102,0.0007774495213132232,0.5714285714285714
1913,2112,넘어서다/Verb,119,67,52,0.0007669223074358119,0.0005997467735844866,0.5630252100840336
1914,2113,기법/Noun,119,53,66,0.0006113148827386907,0.0007552366778471312,0.5546218487394958
1915,2114,의하다/Adjective,119,66,53,0.0007558074913860174,0.0006108531953175326,0.5546218487394958
1916,2115,아역/Noun,119,63,56,0.0007224630432366343,0.0006441724605166707,0.5294117647058824
1917,2116,오빠/Suffix,118,106,12,0.0012004001333777929,0.00015548990426264466,0.8983050847457628
1918,2117,작위/Noun,118,17,101,0.00021118150494609317,0.0011439614385037428,0.8559322033898306
1919,2118,대본/Noun,118,24,94,0.0002889852172946538,0.0010662164863724202,0.7966101694915254
1920,2119,부모님/Noun,118,89,29,0.0010114482605312882,0.00034429907372442745,0.7542372881355932
1921,2120,톰/Noun,118,83,35,0.0009447593642325221,0.0004109376041227037,0.7033898305084746
1922,2121,두번째/Noun,118,81,37,0.0009225297321329332,0.0004331504475887958,0.6864406779661016
1923,2122,에나/Josa,118,38,80,0.000444592641991775,0.000910726582109776,0.6779661016949152
1924,2123,짜임새/Noun,118,71,47,0.0008113815716349895,0.0005442146649192564,0.6016949152542372
1925,2124,꼬마/Noun,118,67,51,0.0007669223074358119,0.0005886403518514405,0.5677966101694916
1926,2125,매니아/Noun,118,55,63,0.0006335445148382794,0.0007219174126479931,0.5338983050847458
1927,2126,:)/Punctuation,117,114,3,0.0012893186617761474,5.553210866523024e-05,0.9743589743589745
1928,2127,한개/Modifier,117,10,107,0.0001333777925975325,0.0012105999689020189,0.9145299145299144
1929,2128,애쓰다/Verb,117,25,92,0.00030010003334444816,0.0010440036429063284,0.7863247863247863
1930,2129,하나같이/Adverb,117,28,89,0.0003334444814938313,0.0010106843777071904,0.7606837606837606
1931,2130,가족영화/Noun,117,77,40,0.0008780704679337558,0.000466469712787934,0.6581196581196581
1932,2131,케릭/Noun,117,44,73,0.0005112815382905413,0.0008329816299784535,0.6239316239316239
1933,2132,사상/Noun,117,46,71,0.00053351117039013,0.0008107687865123613,0.6068376068376068
1934,2133,흑인/Noun,117,47,70,0.0005446259864399244,0.0007996623647793153,0.5982905982905983
1935,2134,비밀/Noun,117,51,66,0.000589085250639102,0.0007552366778471312,0.5641025641025641
1936,2135,감정이입/Noun,117,53,64,0.0006113148827386907,0.0007330238343810393,0.5470085470085471
1937,2136,대중/Noun,117,54,63,0.0006224296987884852,0.0007219174126479931,0.5384615384615384
1938,2137,땅/Noun,117,62,55,0.0007113482271868402,0.0006330660387836247,0.5299145299145299
1939,2139,그만/Modifier,116,9,107,0.00012226297654773814,0.0012105999689020189,0.9224137931034484
1940,2140,하자/Noun,116,24,92,0.0002889852172946538,0.0010440036429063284,0.7931034482758621
1941,2141,정작/Noun,116,29,87,0.0003445592975436257,0.0009884715342410985,0.75
1942,2142,거나/Noun,116,33,83,0.00038901856174280313,0.000944045847308914,0.7155172413793104
1943,2143,신의/Noun,116,79,37,0.0009003001000333445,0.0004331504475887958,0.6810344827586207
1944,2144,장가/Noun,116,37,79,0.0004334778259419807,0.0008996201603767299,0.6810344827586207
1945,2145,무료/Noun,116,40,76,0.0004668222740913638,0.0008663008951775916,0.6551724137931034
1946,2146,예/Noun,116,40,76,0.0004668222740913638,0.0008663008951775916,0.6551724137931034
1947,2147,꺼/Suffix,116,40,76,0.0004668222740913638,0.0008663008951775916,0.6551724137931034
1948,2148,워/Noun,116,49,67,0.0005668556185395131,0.0007663430995801773,0.5775862068965517
1949,2149,박/Noun,116,64,52,0.0007335778592864287,0.0005997467735844866,0.5517241379310345
1950,2150,와의/Josa,116,64,52,0.0007335778592864287,0.0005997467735844866,0.5517241379310345
1951,2151,디/Noun,116,61,55,0.0007002334111370457,0.0006330660387836247,0.5258620689655172
1952,2152,대놓고/Adverb,115,17,98,0.00021118150494609317,0.0011106421733046046,0.8521739130434782
1953,2153,ㅠㅜ/KoreanParticle,115,89,26,0.0010114482605312882,0.00031097980852528933,0.7739130434782608
1954,2154,소년/Noun,115,84,31,0.0009558741802823164,0.00036651191719051963,0.7304347826086957
1955,2155,열연/Noun,115,80,35,0.0009114149160831386,0.0004109376041227037,0.6956521739130435
1956,2156,성은/Noun,115,36,79,0.00042236300989218633,0.0008996201603767299,0.6869565217391305
1957,2157,목적/Noun,115,37,78,0.0004334778259419807,0.0008885137386436838,0.6782608695652174
1958,2158,충실하다/Adjective,115,77,38,0.0008780704679337558,0.0004442568693218419,0.6695652173913044
1959,2159,의심/Noun,115,40,75,0.0004668222740913638,0.0008551944734445456,0.6521739130434783
1960,2160,메/Noun,115,75,40,0.0008558408358341669,0.000466469712787934,0.6521739130434783
1961,2161,낫/Noun,115,43,72,0.0005001667222407468,0.0008218752082454075,0.6260869565217392
1962,2162,으리/Noun,115,71,44,0.0008113815716349895,0.0005108953997201182,0.6173913043478261
1963,2163,탄생/Noun,115,63,52,0.0007224630432366343,0.0005997467735844866,0.5478260869565217
1964,2164,무술/Noun,115,53,62,0.0006113148827386907,0.000710810990914947,0.5391304347826087
1965,2166,힘내다/Verb,114,95,19,0.0010781371568300542,0.000233234856393967,0.8333333333333334
1966,2167,겪다/Verb,114,87,27,0.0009892186284316995,0.00032208623025833537,0.7631578947368421
1967,2168,씹다/Verb,114,31,83,0.00036678892964321435,0.000944045847308914,0.7280701754385965
1968,2169,패러디/Noun,114,36,78,0.00042236300989218633,0.0008885137386436838,0.6842105263157895
1969,2170,꿈꾸다/Verb,114,77,37,0.0008780704679337558,0.0004331504475887958,0.6754385964912281
1970,2171,새다/Verb,114,42,72,0.0004890519061909527,0.0008218752082454075,0.631578947368421
1971,2172,the/Alpha,114,71,43,0.0008113815716349895,0.0004997889779870722,0.6228070175438597
1972,2173,구나/Noun,114,44,70,0.0005112815382905413,0.0007996623647793153,0.6140350877192983
1973,2174,15/Number,114,45,69,0.0005223963543403357,0.0007885559430462694,0.6052631578947368
1974,2175,지나가다/Verb,114,68,46,0.0007780371234856063,0.0005331082431862101,0.5964912280701754
1975,2176,화끈하다/Adjective,114,65,49,0.0007446926753362233,0.0005664275083853486,0.5701754385964912
1976,2177,애가/Noun,114,50,64,0.0005779704345893076,0.0007330238343810393,0.5614035087719298
1977,2178,명의/Noun,114,61,53,0.0007002334111370457,0.0006108531953175326,0.5350877192982456
1978,2181,20분/Number,113,18,95,0.0002222963209958875,0.0010773229081054666,0.8407079646017699
1979,2182,ㅜㅜㅜ/KoreanParticle,113,83,30,0.0009447593642325221,0.0003554054954574735,0.7345132743362832
1980,2183,..;;/Punctuation,113,31,82,0.00036678892964321435,0.000932939425575868,0.7256637168141593
1981,2184,무서움/Noun,113,47,66,0.0005446259864399244,0.0007552366778471312,0.584070796460177
1982,2185,브루스/Noun,113,48,65,0.0005557408024897189,0.0007441302561140852,0.5752212389380531
1983,2186,움직이다/Verb,113,59,54,0.0006780037790374569,0.0006219596170505788,0.5221238938053098
1984,2188,명화/Noun,112,90,22,0.0010225630765810826,0.00026655412159310506,0.8035714285714286
1985,2189,값/Noun,112,27,85,0.00032232966544403684,0.0009662586907750061,0.7589285714285714
1986,2190,감각/Noun,112,73,39,0.0008336112037345782,0.000455363291054888,0.6517857142857143
1987,2191,부부/Noun,112,68,44,0.0007780371234856063,0.0005108953997201182,0.6071428571428571
1988,2192,집착/Noun,112,45,67,0.0005223963543403357,0.0007663430995801773,0.5982142857142857
1989,2193,틀/Noun,112,51,61,0.000589085250639102,0.0006997045691819009,0.5446428571428571
1990,2194,주제가/Noun,112,51,61,0.000589085250639102,0.0006997045691819009,0.5446428571428571
1991,2195,골/Noun,112,51,61,0.000589085250639102,0.0006997045691819009,0.5446428571428571
1992,2196,후속작/Noun,112,53,59,0.0006113148827386907,0.0006774917257158089,0.5267857142857143
1993,2198,낚였다/Noun,111,2,109,4.445926419917751e-05,0.0012328128123681114,0.981981981981982
1994,2199,참나/Noun,111,10,101,0.0001333777925975325,0.0011439614385037428,0.90990990990991
1995,2200,오래전/Adverb,111,85,26,0.0009669889963321108,0.00031097980852528933,0.7657657657657657
1996,2201,!!!!!/Punctuation,111,81,30,0.0009225297321329332,0.0003554054954574735,0.7297297297297297
1997,2202,뇌/Noun,111,37,74,0.0004334778259419807,0.0008440880517114996,0.6666666666666666
1998,2203,시기/Noun,111,68,43,0.0007780371234856063,0.0004997889779870722,0.6126126126126126
1999,2204,앉다/Verb,111,44,67,0.0005112815382905413,0.0007663430995801773,0.6036036036036037
2000,2205,피다/Verb,111,48,63,0.0005557408024897189,0.0007219174126479931,0.5675675675675675
2001,2206,어둡다/Adjective,111,49,62,0.0005668556185395131,0.000710810990914947,0.5585585585585585
2002,2207,모험/Noun,111,60,51,0.0006891185950872514,0.0005886403518514405,0.5405405405405406
2003,2208,울컥/Adverb,110,108,2,0.0012226297654773814,4.4425686932184186e-05,0.9818181818181818
2004,2209,짜지다/Verb,110,12,98,0.00015560742469712126,0.0011106421733046046,0.8909090909090909
2005,2210,신파/Noun,110,16,94,0.0002000666888962988,0.0010662164863724202,0.8545454545454545
2006,2211,첫사랑/Noun,110,90,20,0.0010225630765810826,0.00024434127812701304,0.8181818181818182
2007,2212,업다/Verb,110,29,81,0.0003445592975436257,0.000921833003842822,0.7363636363636363
2008,2213,몇몇/Noun,110,33,77,0.00038901856174280313,0.0008774073169106378,0.7
2009,2214,모양/Noun,110,36,74,0.00042236300989218633,0.0008440880517114996,0.6727272727272727
2010,2215,70년/Number,110,37,73,0.0004334778259419807,0.0008329816299784535,0.6636363636363637
2011,2216,담배/Noun,110,40,70,0.0004668222740913638,0.0007996623647793153,0.6363636363636364
2012,2217,할아버지/Noun,110,67,43,0.0007669223074358119,0.0004997889779870722,0.6090909090909091
2013,2218,탑/Noun,110,66,44,0.0007558074913860174,0.0005108953997201182,0.6
2014,2219,물다/Verb,110,51,59,0.000589085250639102,0.0006774917257158089,0.5363636363636364
2015,2221,한숨/Noun,109,12,97,0.00015560742469712126,0.0010995357515715587,0.8899082568807339
2016,2222,시끄럽다/Adjective,109,15,94,0.00018895187284650438,0.0010662164863724202,0.8623853211009175
2017,2223,세련되다/Adjective,109,94,15,0.00106702234078026,0.0001888091694617828,0.8623853211009175
2018,2224,고전/Noun,109,80,29,0.0009114149160831386,0.00034429907372442745,0.7339449541284404
2019,2225,삭제/Noun,109,31,78,0.00036678892964321435,0.0008885137386436838,0.7155963302752294
2020,2226,빵빵/Noun,109,77,32,0.0008780704679337558,0.0003776183389235656,0.7064220183486238
2021,2227,졸/Noun,109,33,76,0.00038901856174280313,0.0008663008951775916,0.6972477064220184
2022,2228,철/Noun,109,35,74,0.0004112481938423919,0.0008440880517114996,0.6788990825688074
2023,2229,적어도/Adverb,109,63,46,0.0007224630432366343,0.0005331082431862101,0.5779816513761468
2024,2230,어쩜/Noun,109,47,62,0.0005446259864399244,0.000710810990914947,0.5688073394495413
2025,2231,거부/Noun,109,49,60,0.0005668556185395131,0.0006885981474488549,0.5504587155963303
2026,2232,11/Number,109,52,57,0.0006002000666888963,0.0006552788822497168,0.5229357798165137
2027,2233,.^^/Punctuation,108,97,11,0.0011003667889296432,0.0001443834825295986,0.8981481481481481
2028,2234,말고는/Josa,108,11,97,0.0001444926086473269,0.0010995357515715587,0.8981481481481481
2029,2235,십/Modifier,108,76,32,0.0008669556518839612,0.0003776183389235656,0.7037037037037037
2030,2236,그만큼/Adverb,108,76,32,0.0008669556518839612,0.0003776183389235656,0.7037037037037037
2031,2237,최대/Noun,108,37,71,0.0004334778259419807,0.0008107687865123613,0.6574074074074074
2032,2238,언니/Noun,108,69,39,0.0007891519395354007,0.000455363291054888,0.6388888888888888
2033,2239,화의/Noun,108,39,69,0.00045570745804156943,0.0007885559430462694,0.6388888888888888
2034,2240,마이/Noun,108,40,68,0.0004668222740913638,0.0007774495213132232,0.6296296296296297
2035,2241,탈/Noun,108,40,68,0.0004668222740913638,0.0007774495213132232,0.6296296296296297
2036,2242,누나/Noun,108,65,43,0.0007446926753362233,0.0004997889779870722,0.6018518518518519
2037,2243,포스/Noun,108,65,43,0.0007446926753362233,0.0004997889779870722,0.6018518518518519
2038,2244,ㅁ/KoreanParticle,108,63,45,0.0007224630432366343,0.0005220018214531642,0.5833333333333334
2039,2245,기독교/Noun,108,46,62,0.00053351117039013,0.000710810990914947,0.5740740740740741
2040,2246,아이디어/Noun,108,49,59,0.0005668556185395131,0.0006774917257158089,0.5462962962962963
2041,2247,sf/Alpha,108,58,50,0.0006668889629876625,0.0005775339301183945,0.5370370370370371
2042,2248,빈약하다/Adjective,107,12,95,0.00015560742469712126,0.0010773229081054666,0.8878504672897196
2043,2249,떨다/Verb,107,36,71,0.00042236300989218633,0.0008107687865123613,0.6635514018691588
2044,2250,여태/Noun,107,63,44,0.0007224630432366343,0.0005108953997201182,0.5887850467289719
2045,2251,하늘/Noun,107,63,44,0.0007224630432366343,0.0005108953997201182,0.5887850467289719
2046,2252,종영/Noun,107,60,47,0.0006891185950872514,0.0005442146649192564,0.5607476635514018
2047,2253,어처구니/Noun,106,11,95,0.0001444926086473269,0.0010773229081054666,0.8962264150943396
2048,2254,..^^/Punctuation,106,92,14,0.0010447927086806713,0.00017770274772873674,0.8679245283018868
2049,2255,중독/Noun,106,87,19,0.0009892186284316995,0.000233234856393967,0.8207547169811321
2050,2256,폐지/Noun,106,30,76,0.00035567411359342004,0.0008663008951775916,0.7169811320754716
2051,2257,치밀하다/Adjective,106,73,33,0.0008336112037345782,0.00038872476065661166,0.6886792452830188
2052,2258,흑/Adverb,106,72,34,0.0008224963876847838,0.00039983118238965764,0.6792452830188679
2053,2259,수많다/Adjective,106,61,45,0.0007002334111370457,0.0005220018214531642,0.5754716981132075
2054,2260,재능/Noun,106,47,59,0.0005446259864399244,0.0006774917257158089,0.5566037735849056
2055,2261,바르다/Verb,106,49,57,0.0005668556185395131,0.0006552788822497168,0.5377358490566038
2056,2263,선동/Noun,105,10,95,0.0001333777925975325,0.0010773229081054666,0.9047619047619048
2057,2264,팔이/Noun,105,11,94,0.0001444926086473269,0.0010662164863724202,0.8952380952380953
2058,2265,여름/Noun,105,85,20,0.0009669889963321108,0.00024434127812701304,0.8095238095238095
2059,2266,안감/Noun,105,22,83,0.000266755585195065,0.000944045847308914,0.7904761904761904
2060,2267,늘어지다/Verb,105,24,81,0.0002889852172946538,0.000921833003842822,0.7714285714285715
2061,2268,또다른/Modifier,105,78,27,0.00088918528398355,0.00032208623025833537,0.7428571428571429
2062,2269,중학교/Noun,105,77,28,0.0008780704679337558,0.0003331926519913814,0.7333333333333333
2063,2270,바탕/Noun,105,73,32,0.0008336112037345782,0.0003776183389235656,0.6952380952380952
2064,2271,목숨/Noun,105,70,35,0.0008002667555851951,0.0004109376041227037,0.6666666666666666
2065,2272,잡/Noun,105,36,69,0.00042236300989218633,0.0007885559430462694,0.6571428571428571
2066,2273,버전/Noun,105,38,67,0.000444592641991775,0.0007663430995801773,0.6380952380952379
2067,2274,보구/Noun,105,62,43,0.0007113482271868402,0.0004997889779870722,0.5904761904761905
2068,2275,대신/Noun,105,44,61,0.0005112815382905413,0.0006997045691819009,0.580952380952381
2069,2276,삼/Noun,105,45,60,0.0005223963543403357,0.0006885981474488549,0.5714285714285714
2070,2277,혹은/Adverb,105,56,49,0.0006446593308880737,0.0005664275083853486,0.5333333333333333
2071,2280,끼우다/Verb,104,10,94,0.0001333777925975325,0.0010662164863724202,0.903846153846154
2072,2281,메이드/Noun,104,91,13,0.001033677892630877,0.0001665963259956907,0.875
2073,2282,캬/Noun,104,89,15,0.0010114482605312882,0.0001888091694617828,0.8557692307692307
2074,2283,어쩌/Noun,104,16,88,0.0002000666888962988,0.0009995779559741444,0.8461538461538461
2075,2284,구리/Noun,104,16,88,0.0002000666888962988,0.0009995779559741444,0.8461538461538461
2076,2285,호구/Noun,104,17,87,0.00021118150494609317,0.0009884715342410985,0.8365384615384616
2077,2286,부터가/Josa,104,22,82,0.000266755585195065,0.000932939425575868,0.7884615384615384
2078,2287,하아/Exclamation,104,23,81,0.00027787040124485944,0.000921833003842822,0.7788461538461539
2079,2288,~!!!/Punctuation,104,79,25,0.0009003001000333445,0.0002998733867922433,0.7596153846153846
2080,2289,반갑다/Adjective,104,73,31,0.0008336112037345782,0.00036651191719051963,0.7019230769230769
2081,2290,장국영/Noun,104,73,31,0.0008336112037345782,0.00036651191719051963,0.7019230769230769
2082,2291,졸리/Noun,104,33,71,0.00038901856174280313,0.0008107687865123613,0.6826923076923077
2083,2292,표현/Modifier,104,68,36,0.0007780371234856063,0.0004220440258557498,0.6538461538461539
2084,2293,야구/Noun,104,66,38,0.0007558074913860174,0.0004442568693218419,0.6346153846153846
2085,2294,틱/Suffix,104,39,65,0.00045570745804156943,0.0007441302561140852,0.625
2086,2295,고등학교/Noun,104,65,39,0.0007446926753362233,0.000455363291054888,0.625
2087,2296,따름/Noun,104,41,63,0.0004779370901411582,0.0007219174126479931,0.6057692307692307
2088,2297,드림/Noun,104,42,62,0.0004890519061909527,0.000710810990914947,0.5961538461538461
2089,2298,재난영화/Noun,104,59,45,0.0006780037790374569,0.0005220018214531642,0.5673076923076923
2090,2299,라이언/Noun,104,57,47,0.0006557741469378681,0.0005442146649192564,0.5480769230769231
2091,2300,매다/Verb,104,48,56,0.0005557408024897189,0.0006441724605166707,0.5384615384615384
2092,2302,내놓다/Verb,103,23,80,0.00027787040124485944,0.000910726582109776,0.7766990291262136
2093,2303,이어서/Josa,103,75,28,0.0008558408358341669,0.0003331926519913814,0.7281553398058253
2094,2304,벌다/Verb,103,29,74,0.0003445592975436257,0.0008440880517114996,0.7184466019417476
2095,2305,로버트/Noun,103,70,33,0.0008002667555851951,0.00038872476065661166,0.6796116504854369
2096,2306,보이지/Noun,103,36,67,0.00042236300989218633,0.0007663430995801773,0.6504854368932039
2097,2307,막다/Verb,103,38,65,0.000444592641991775,0.0007441302561140852,0.6310679611650486
2098,2308,배경음악/Noun,103,64,39,0.0007335778592864287,0.000455363291054888,0.6213592233009708
2099,2309,욕심/Noun,103,39,64,0.00045570745804156943,0.0007330238343810393,0.6213592233009708
2100,2310,웃/Noun,103,64,39,0.0007335778592864287,0.000455363291054888,0.6213592233009708
2101,2311,정확하다/Adjective,103,45,58,0.0005223963543403357,0.0006663853039827628,0.5631067961165048
2102,2312,30년/Number,103,57,46,0.0006557741469378681,0.0005331082431862101,0.5533980582524272
2103,2314,빵점/Noun,102,2,100,4.445926419917751e-05,0.0011328550167706971,0.9803921568627452
2104,2315,하품/Noun,102,2,100,4.445926419917751e-05,0.0011328550167706971,0.9803921568627452
2105,2316,편안하다/Adjective,102,90,12,0.0010225630765810826,0.00015548990426264466,0.8823529411764706
2106,2317,지경/Noun,102,14,88,0.00017783705679671002,0.0009995779559741444,0.8627450980392157
2107,2318,재미나/Noun,102,87,15,0.0009892186284316995,0.0001888091694617828,0.8529411764705882
2108,2319,조화/Noun,102,82,20,0.0009336445481827276,0.00024434127812701304,0.8039215686274509
2109,2320,곡/Noun,102,78,24,0.00088918528398355,0.0002887669650591972,0.7647058823529411
2110,2321,팔/Modifier,102,24,78,0.0002889852172946538,0.0008885137386436838,0.7647058823529411
2111,2322,로코/Noun,102,75,27,0.0008558408358341669,0.00032208623025833537,0.7352941176470589
2112,2323,숨/Noun,102,75,27,0.0008558408358341669,0.00032208623025833537,0.7352941176470589
2113,2324,곱다/Adjective,102,69,33,0.0007891519395354007,0.00038872476065661166,0.6764705882352942
2114,2325,절정/Noun,102,64,38,0.0007335778592864287,0.0004442568693218419,0.6274509803921569
2115,2326,클레멘타인/Noun,102,39,63,0.00045570745804156943,0.0007219174126479931,0.6176470588235294
2116,2327,끊다/Verb,102,39,63,0.00045570745804156943,0.0007219174126479931,0.6176470588235294
2117,2328,헤어지다/Verb,102,62,40,0.0007113482271868402,0.000466469712787934,0.6078431372549019
2118,2329,만약/Noun,102,57,45,0.0006557741469378681,0.0005220018214531642,0.5588235294117647
2119,2332,인내심/Noun,101,8,93,0.00011114816049794375,0.0010551100646393743,0.9207920792079208
2120,2333,잠시/Noun,101,75,26,0.0008558408358341669,0.00031097980852528933,0.7425742574257426
2121,2334,묻히다/Verb,101,68,33,0.0007780371234856063,0.00038872476065661166,0.6732673267326733
2122,2335,사운드/Noun,101,67,34,0.0007669223074358119,0.00039983118238965764,0.6633663366336634
2123,2336,그동안/Noun,101,65,36,0.0007446926753362233,0.0004220440258557498,0.6435643564356436
2124,2337,린다/Noun,101,64,37,0.0007335778592864287,0.0004331504475887958,0.6336633663366337
2125,2338,조니뎁/Noun,101,63,38,0.0007224630432366343,0.0004442568693218419,0.6237623762376238
2126,2339,틴/Noun,101,40,61,0.0004668222740913638,0.0006997045691819009,0.6039603960396039
2127,2340,탈출/Noun,101,56,45,0.0006446593308880737,0.0005220018214531642,0.5544554455445545
2128,2341,된거/Noun,101,55,46,0.0006335445148382794,0.0005331082431862101,0.5445544554455446
2129,2342,가정/Noun,101,55,46,0.0006335445148382794,0.0005331082431862101,0.5445544554455446
2130,2343,사고/Noun,101,55,46,0.0006335445148382794,0.0005331082431862101,0.5445544554455446
2131,2344,승리/Noun,101,54,47,0.0006224296987884852,0.0005442146649192564,0.5346534653465347
2132,2345,공/Noun,101,48,53,0.0005557408024897189,0.0006108531953175326,0.5247524752475248
2133,2351,앞뒤/Noun,100,11,89,0.0001444926086473269,0.0010106843777071904,0.89
2134,2352,울면/Noun,100,87,13,0.0009892186284316995,0.0001665963259956907,0.87
2135,2353,플롯/Noun,100,29,71,0.0003445592975436257,0.0008107687865123613,0.71
2136,2354,일본인/Noun,100,30,70,0.00035567411359342004,0.0007996623647793153,0.7
2137,2355,........./Punctuation,100,31,69,0.00036678892964321435,0.0007885559430462694,0.69
2138,2356,상관없다/Adjective,100,34,66,0.0004001333777925976,0.0007552366778471312,0.66
2139,2357,만이/Noun,100,37,63,0.0004334778259419807,0.0007219174126479931,0.63
2140,2358,딱이다/Adjective,100,59,41,0.0006780037790374569,0.00047757613452098,0.59
2141,2359,그야말로/Adverb,100,59,41,0.0006780037790374569,0.00047757613452098,0.59
2142,2360,나누다/Verb,100,58,42,0.0006668889629876625,0.0004886825562540262,0.58
2143,2361,추리/Noun,100,43,57,0.0005001667222407468,0.0006552788822497168,0.57
2144,2362,배다/Verb,100,45,55,0.0005223963543403357,0.0006330660387836247,0.55
2145,2363,파괴/Noun,100,46,54,0.00053351117039013,0.0006219596170505788,0.54
2146,2364,손색/Noun,99,90,9,0.0010225630765810826,0.00012217063906350652,0.9090909090909092
2147,2365,그만하다/Adjective,99,19,80,0.0002334111370456819,0.000910726582109776,0.8080808080808081
2148,2366,현대/Noun,99,72,27,0.0008224963876847838,0.00032208623025833537,0.7272727272727273
2149,2367,끔찍하다/Adjective,99,28,71,0.0003334444814938313,0.0008107687865123613,0.7171717171717171
2150,2368,꼬/Noun,99,31,68,0.00036678892964321435,0.0007774495213132232,0.6868686868686869
2151,2369,케빈/Noun,99,66,33,0.0007558074913860174,0.00038872476065661166,0.6666666666666666
2152,2370,공간/Noun,99,65,34,0.0007446926753362233,0.00039983118238965764,0.6565656565656566
2153,2371,착각/Noun,99,34,65,0.0004001333777925976,0.0007441302561140852,0.6565656565656566
2154,2372,돼지/Noun,99,35,64,0.0004112481938423919,0.0007330238343810393,0.6464646464646465
2155,2373,임팩트/Noun,99,40,59,0.0004668222740913638,0.0006774917257158089,0.5959595959595959
2156,2374,영화제/Noun,99,58,41,0.0006668889629876625,0.00047757613452098,0.5858585858585859
2157,2375,정이/Noun,99,55,44,0.0006335445148382794,0.0005108953997201182,0.5555555555555556
2158,2376,터미네이터/Noun,99,53,46,0.0006113148827386907,0.0005331082431862101,0.5353535353535354
2159,2381,어디가/Noun,98,16,82,0.0002000666888962988,0.000932939425575868,0.8367346938775511
2160,2382,우뢰매/Noun,98,18,80,0.0002222963209958875,0.000910726582109776,0.8163265306122449
2161,2383,토록/Josa,98,72,26,0.0008224963876847838,0.00031097980852528933,0.7346938775510204
2162,2384,실패하다/Adjective,98,28,70,0.0003334444814938313,0.0007996623647793153,0.7142857142857143
2163,2385,박진/Noun,98,65,33,0.0007446926753362233,0.00038872476065661166,0.6632653061224489
2164,2386,겉/Noun,98,35,63,0.0004112481938423919,0.0007219174126479931,0.6428571428571429
2165,2387,논/Noun,98,41,57,0.0004779370901411582,0.0006552788822497168,0.5816326530612245
2166,2388,도에/Foreign,98,53,45,0.0006113148827386907,0.0005220018214531642,0.5408163265306123
2167,2392,디워/Noun,97,10,87,0.0001333777925975325,0.0009884715342410985,0.8969072164948454
2168,2393,낚시/Noun,97,11,86,0.0001444926086473269,0.000977365112508052,0.8865979381443299
2169,2394,부실하다/Adjective,97,13,84,0.00016672224074691566,0.00095515226904196,0.865979381443299
2170,2395,쓸데없이/Adverb,97,14,83,0.00017783705679671002,0.000944045847308914,0.8556701030927835
2171,2396,사투리/Noun,97,23,74,0.00027787040124485944,0.0008440880517114996,0.7628865979381443
2172,2397,교과서/Noun,97,73,24,0.0008336112037345782,0.0002887669650591972,0.7525773195876289
2173,2398,밝다/Verb,97,71,26,0.0008113815716349895,0.00031097980852528933,0.7319587628865979
2174,2399,이군/Noun,97,33,64,0.00038901856174280313,0.0007330238343810393,0.6597938144329897
2175,2400,인터넷/Noun,97,40,57,0.0004668222740913638,0.0006552788822497168,0.5876288659793815
2176,2401,발상/Noun,97,40,57,0.0004668222740913638,0.0006552788822497168,0.5876288659793815
2177,2402,연극/Noun,97,42,55,0.0004890519061909527,0.0006330660387836247,0.5670103092783505
2178,2403,들리다/Verb,97,51,46,0.000589085250639102,0.0005331082431862101,0.5257731958762887
2179,2404,응/Noun,97,46,51,0.00053351117039013,0.0005886403518514405,0.5257731958762887
2180,2405,자고/Noun,96,11,85,0.0001444926086473269,0.0009662586907750061,0.8854166666666666
2181,2406,심형래/Noun,96,13,83,0.00016672224074691566,0.000944045847308914,0.8645833333333334
2182,2407,여친/Noun,96,23,73,0.00027787040124485944,0.0008329816299784535,0.7604166666666666
2183,2408,제임스/Noun,96,70,26,0.0008002667555851951,0.00031097980852528933,0.7291666666666666
2184,2409,일부러/Noun,96,28,68,0.0003334444814938313,0.0007774495213132232,0.7083333333333334
2185,2410,유덕화/Noun,96,66,30,0.0007558074913860174,0.0003554054954574735,0.6875
2186,2411,호기심/Noun,96,30,66,0.00035567411359342004,0.0007552366778471312,0.6875
2187,2412,너무도/Adverb,96,63,33,0.0007224630432366343,0.00038872476065661166,0.65625
2188,2413,대결/Noun,96,61,35,0.0007002334111370457,0.0004109376041227037,0.6354166666666666
2189,2414,대통령/Noun,96,38,58,0.000444592641991775,0.0006663853039827628,0.6041666666666666
2190,2415,무기/Noun,96,39,57,0.00045570745804156943,0.0006552788822497168,0.59375
2191,2416,고딩/Noun,96,40,56,0.0004668222740913638,0.0006441724605166707,0.5833333333333334
2192,2417,음식/Noun,96,40,56,0.0004668222740913638,0.0006441724605166707,0.5833333333333334
2193,2419,체적/Noun,95,10,85,0.0001333777925975325,0.0009662586907750061,0.8947368421052632
2194,2420,이만/Noun,95,82,13,0.0009336445481827276,0.0001665963259956907,0.8631578947368421
2195,2421,팔/Noun,95,16,79,0.0002000666888962988,0.0008996201603767299,0.8315789473684211
2196,2422,듭니/Noun,95,77,18,0.0008780704679337558,0.00022212843466092096,0.8105263157894737
2197,2423,여자애/Noun,95,21,74,0.00025564076914527065,0.0008440880517114996,0.7789473684210526
2198,2424,던데/Noun,95,26,69,0.00031121484939424253,0.0007885559430462694,0.7263157894736842
2199,2425,당황/Noun,95,26,69,0.00031121484939424253,0.0007885559430462694,0.7263157894736842
2200,2426,꽃/Noun,95,68,27,0.0007780371234856063,0.00032208623025833537,0.7157894736842105
2201,2427,에다/Josa,95,28,67,0.0003334444814938313,0.0007663430995801773,0.7052631578947368
2202,2428,평균/Noun,95,28,67,0.0003334444814938313,0.0007663430995801773,0.7052631578947368
2203,2429,조카/Noun,95,66,29,0.0007558074913860174,0.00034429907372442745,0.6947368421052632
2204,2430,100%/Number,95,62,33,0.0007113482271868402,0.00038872476065661166,0.6526315789473685
2205,2431,겁/Noun,95,33,62,0.00038901856174280313,0.000710810990914947,0.6526315789473685
2206,2432,선정/Noun,95,33,62,0.00038901856174280313,0.000710810990914947,0.6526315789473685
2207,2433,잡고/Noun,95,38,57,0.000444592641991775,0.0006552788822497168,0.6
2208,2434,옛/Adverb,95,54,41,0.0006224296987884852,0.00047757613452098,0.5684210526315789
2209,2435,제니퍼/Noun,95,44,51,0.0005112815382905413,0.0005886403518514405,0.5368421052631579
2210,2436,삼/Modifier,95,45,50,0.0005223963543403357,0.0005775339301183945,0.5263157894736842
2211,2441,겨울/Noun,94,77,17,0.0008780704679337558,0.0002110220129278749,0.8191489361702128
2212,2442,말투/Noun,94,24,70,0.0002889852172946538,0.0007996623647793153,0.7446808510638298
2213,2443,상실/Noun,94,24,70,0.0002889852172946538,0.0007996623647793153,0.7446808510638298
2214,2444,ㅈ/KoreanParticle,94,27,67,0.00032232966544403684,0.0007663430995801773,0.7127659574468085
2215,2445,베드/Noun,94,29,65,0.0003445592975436257,0.0007441302561140852,0.6914893617021277
2216,2446,에게도/Josa,94,65,29,0.0007446926753362233,0.00034429907372442745,0.6914893617021277
2217,2447,루즈/Noun,94,34,60,0.0004001333777925976,0.0006885981474488549,0.6382978723404256
2218,2448,난리/Noun,94,34,60,0.0004001333777925976,0.0006885981474488549,0.6382978723404256
2219,2449,주지/Noun,94,36,58,0.00042236300989218633,0.0006663853039827628,0.6170212765957447
2220,2450,찬/Noun,94,55,39,0.0006335445148382794,0.000455363291054888,0.5851063829787234
2221,2451,링/Noun,94,41,53,0.0004779370901411582,0.0006108531953175326,0.5638297872340425
2222,2452,니콜/Noun,94,41,53,0.0004779370901411582,0.0006108531953175326,0.5638297872340425
2223,2453,드러나다/Verb,94,51,43,0.000589085250639102,0.0004997889779870722,0.5425531914893617
2224,2454,정보/Noun,94,51,43,0.000589085250639102,0.0004997889779870722,0.5425531914893617
2225,2455,류작/Noun,93,5,88,7.780371234856063e-05,0.0009995779559741444,0.946236559139785
2226,2456,도무지/Noun,93,7,86,0.0001000333444481494,0.000977365112508052,0.9247311827956988
2227,2457,I/Alpha,93,76,17,0.0008669556518839612,0.0002110220129278749,0.8172043010752689
2228,2458,녹다/Verb,93,76,17,0.0008669556518839612,0.0002110220129278749,0.8172043010752689
2229,2459,성의/Noun,93,23,70,0.00027787040124485944,0.0007996623647793153,0.7526881720430108
2230,2460,차갑다/Adjective,93,68,25,0.0007780371234856063,0.0002998733867922433,0.7311827956989247
2231,2461,애초/Noun,93,30,63,0.00035567411359342004,0.0007219174126479931,0.6774193548387096
2232,2462,반대/Noun,93,32,61,0.00037790374569300877,0.0006997045691819009,0.6559139784946236
2233,2463,거치다/Verb,93,61,32,0.0007002334111370457,0.0003776183389235656,0.6559139784946236
2234,2464,무난/Noun,93,34,59,0.0004001333777925976,0.0006774917257158089,0.6344086021505376
2235,2465,단체/Noun,93,34,59,0.0004001333777925976,0.0006774917257158089,0.6344086021505376
2236,2466,단순/Noun,93,38,55,0.000444592641991775,0.0006330660387836247,0.5913978494623656
2237,2467,틀어주다/Verb,93,38,55,0.000444592641991775,0.0006330660387836247,0.5913978494623656
2238,2468,레이/Noun,93,54,39,0.0006224296987884852,0.000455363291054888,0.5806451612903226
2239,2469,치고는/Josa,93,40,53,0.0004668222740913638,0.0006108531953175326,0.5698924731182796
2240,2470,주윤발/Noun,93,42,51,0.0004890519061909527,0.0005886403518514405,0.5483870967741935
2241,2471,베다/Verb,93,50,43,0.0005779704345893076,0.0004997889779870722,0.5376344086021505
2242,2473,수입/Noun,92,12,80,0.00015560742469712126,0.000910726582109776,0.8695652173913043
2243,2474,처절하다/Adjective,92,74,18,0.0008447260197843727,0.00022212843466092096,0.8043478260869565
2244,2475,딴/Modifier,92,19,73,0.0002334111370456819,0.0008329816299784535,0.7934782608695652
2245,2476,컨셉/Noun,92,20,72,0.00024452595309547634,0.0008218752082454075,0.7826086956521741
2246,2477,고프다/Adjective,92,71,21,0.0008113815716349895,0.0002554476998600591,0.7717391304347826
2247,2478,절/Noun,92,23,69,0.00027787040124485944,0.0007885559430462694,0.75
2248,2479,드디어/Adverb,92,68,24,0.0007780371234856063,0.0002887669650591972,0.7391304347826086
2249,2480,흥/Noun,92,66,26,0.0007558074913860174,0.00031097980852528933,0.7173913043478259
2250,2481,반드시/Noun,92,65,27,0.0007446926753362233,0.00032208623025833537,0.7065217391304348
2251,2482,진수/Noun,92,64,28,0.0007335778592864287,0.0003331926519913814,0.6956521739130435
2252,2483,쥐다/Verb,92,34,58,0.0004001333777925976,0.0006663853039827628,0.6304347826086957
2253,2484,13/Number,92,34,58,0.0004001333777925976,0.0006663853039827628,0.6304347826086957
2254,2485,대사도/Noun,92,35,57,0.0004112481938423919,0.0006552788822497168,0.6195652173913043
2255,2486,속이다/Verb,92,37,55,0.0004334778259419807,0.0006330660387836247,0.5978260869565217
2256,2487,중심/Noun,92,38,54,0.000444592641991775,0.0006219596170505788,0.5869565217391305
2257,2488,다리/Noun,92,38,54,0.000444592641991775,0.0006219596170505788,0.5869565217391305
2258,2489,어/Eomi,92,38,54,0.000444592641991775,0.0006219596170505788,0.5869565217391305
2259,2490,빵터지다/Adjective,92,40,52,0.0004668222740913638,0.0005997467735844866,0.5652173913043478
2260,2491,푸다/Verb,92,40,52,0.0004668222740913638,0.0005997467735844866,0.5652173913043478
2261,2492,준비/Noun,92,48,44,0.0005557408024897189,0.0005108953997201182,0.5217391304347826
2262,2495,웰/Noun,91,86,5,0.0009781038123819054,7.774495213132233e-05,0.9450549450549449
2263,2496,어우러지다/Verb,91,85,6,0.0009669889963321108,8.885137386436837e-05,0.934065934065934
2264,2497,만드/Noun,91,14,77,0.00017783705679671002,0.0008774073169106378,0.8461538461538461
2265,2498,혐오/Noun,91,15,76,0.00018895187284650438,0.0008663008951775916,0.8351648351648352
2266,2499,명대사/Noun,91,72,19,0.0008224963876847838,0.000233234856393967,0.7912087912087912
2267,2500,살인마/Noun,91,21,70,0.00025564076914527065,0.0007996623647793153,0.7692307692307693
2268,2501,실수/Noun,91,25,66,0.00030010003334444816,0.0007552366778471312,0.7252747252747253
2269,2502,베리/Noun,91,65,26,0.0007446926753362233,0.00031097980852528933,0.7142857142857143
2270,2503,비중/Noun,91,30,61,0.00035567411359342004,0.0006997045691819009,0.6703296703296703
2271,2504,무게/Noun,91,60,31,0.0006891185950872514,0.00036651191719051963,0.6593406593406593
2272,2505,잭/Noun,91,60,31,0.0006891185950872514,0.00036651191719051963,0.6593406593406593
2273,2506,붙다/Verb,91,31,60,0.00036678892964321435,0.0006885981474488549,0.6593406593406593
2274,2507,........../Punctuation,91,34,57,0.0004001333777925976,0.0006552788822497168,0.6263736263736264
2275,2508,영향/Noun,91,56,35,0.0006446593308880737,0.0004109376041227037,0.6153846153846154
2276,2509,키드/Noun,91,39,52,0.00045570745804156943,0.0005997467735844866,0.5714285714285714
2277,2510,화란/Noun,91,39,52,0.00045570745804156943,0.0005997467735844866,0.5714285714285714
2278,2511,론/Noun,91,39,52,0.00045570745804156943,0.0005997467735844866,0.5714285714285714
2279,2512,의사/Noun,91,43,48,0.0005001667222407468,0.0005553210866523023,0.5274725274725275
2280,2514,계기/Noun,90,72,18,0.0008224963876847838,0.00022212843466092096,0.8
2281,2515,논리/Noun,90,20,70,0.00024452595309547634,0.0007996623647793153,0.7777777777777778
2282,2516,최고봉/Noun,90,68,22,0.0007780371234856063,0.00026655412159310506,0.7555555555555555
2283,2517,운/Noun,90,65,25,0.0007446926753362233,0.0002998733867922433,0.7222222222222222
2284,2518,어떻/Modifier,90,25,65,0.00030010003334444816,0.0007441302561140852,0.7222222222222222
2285,2519,레/Noun,90,25,65,0.00030010003334444816,0.0007441302561140852,0.7222222222222222
2286,2520,암/Modifier,90,26,64,0.00031121484939424253,0.0007330238343810393,0.7111111111111111
2287,2521,매일/Noun,90,62,28,0.0007113482271868402,0.0003331926519913814,0.6888888888888889
2288,2522,쿡/Noun,90,30,60,0.00035567411359342004,0.0006885981474488549,0.6666666666666666
2289,2523,깍/Adverb,90,31,59,0.00036678892964321435,0.0006774917257158089,0.6555555555555556
2290,2524,및/Noun,90,31,59,0.00036678892964321435,0.0006774917257158089,0.6555555555555556
2291,2525,데뷔/Noun,90,59,31,0.0006780037790374569,0.00036651191719051963,0.6555555555555556
2292,2526,걱정/Noun,90,58,32,0.0006668889629876625,0.0003776183389235656,0.6444444444444445
2293,2527,다/Noun,90,33,57,0.00038901856174280313,0.0006552788822497168,0.6333333333333333
2294,2528,여자친구/Noun,90,33,57,0.00038901856174280313,0.0006552788822497168,0.6333333333333333
2295,2529,동성애/Noun,90,35,55,0.0004112481938423919,0.0006330660387836247,0.6111111111111112
2296,2530,자동차/Noun,90,40,50,0.0004668222740913638,0.0005775339301183945,0.5555555555555556
2297,2531,앤/Noun,90,50,40,0.0005779704345893076,0.000466469712787934,0.5555555555555556
2298,2532,의지/Noun,90,49,41,0.0005668556185395131,0.00047757613452098,0.5444444444444444
2299,2533,차원/Noun,90,48,42,0.0005557408024897189,0.0004886825562540262,0.5333333333333333
2300,2535,게뭐/Noun,89,7,82,0.0001000333444481494,0.000932939425575868,0.9213483146067416
2301,2536,감사/Noun,89,78,11,0.00088918528398355,0.0001443834825295986,0.8764044943820225
2302,2537,빨갱이/Noun,89,18,71,0.0002222963209958875,0.0008107687865123613,0.797752808988764
2303,2538,ㅉ/KoreanParticle,89,18,71,0.0002222963209958875,0.0008107687865123613,0.797752808988764
2304,2539,강력/Noun,89,70,19,0.0008002667555851951,0.000233234856393967,0.7865168539325843
2305,2540,아무튼/Adverb,89,62,27,0.0007113482271868402,0.00032208623025833537,0.6966292134831461
2306,2541,섞다/Verb,89,28,61,0.0003334444814938313,0.0006997045691819009,0.6853932584269663
2307,2542,박중훈/Noun,89,58,31,0.0006668889629876625,0.00036651191719051963,0.651685393258427
2308,2543,폭발/Noun,89,58,31,0.0006668889629876625,0.00036651191719051963,0.651685393258427
2309,2544,각색/Noun,89,32,57,0.00037790374569300877,0.0006552788822497168,0.6404494382022472
2310,2545,포/Noun,89,33,56,0.00038901856174280313,0.0006441724605166707,0.6292134831460674
2311,2546,dvd/Alpha,89,56,33,0.0006446593308880737,0.00038872476065661166,0.6292134831460674
2312,2547,부작/Noun,89,55,34,0.0006335445148382794,0.00039983118238965764,0.6179775280898876
2313,2548,ㄴ/KoreanParticle,89,34,55,0.0004001333777925976,0.0006330660387836247,0.6179775280898876
2314,2549,필/Noun,89,35,54,0.0004112481938423919,0.0006219596170505788,0.6067415730337079
2315,2550,와도/Josa,89,51,38,0.000589085250639102,0.0004442568693218419,0.5730337078651685
2316,2551,아아/Noun,89,48,41,0.0005557408024897189,0.00047757613452098,0.5393258426966292
2317,2552,ㅏ/KoreanParticle,89,47,42,0.0005446259864399244,0.0004886825562540262,0.5280898876404494
2318,2553,신인/Noun,89,47,42,0.0005446259864399244,0.0004886825562540262,0.5280898876404494
2319,2557,개그맨/Noun,88,4,84,6.668889629876625e-05,0.00095515226904196,0.9545454545454546
2320,2558,마음속/Noun,88,83,5,0.0009447593642325221,7.774495213132233e-05,0.9431818181818182
2321,2559,ㅄ/KoreanParticle,88,15,73,0.00018895187284650438,0.0008329816299784535,0.8295454545454546
2322,2560,동심/Noun,88,64,24,0.0007335778592864287,0.0002887669650591972,0.7272727272727273
2323,2561,폴/Noun,88,64,24,0.0007335778592864287,0.0002887669650591972,0.7272727272727273
2324,2562,피해/Noun,88,24,64,0.0002889852172946538,0.0007330238343810393,0.7272727272727273
2325,2563,에이/Noun,88,26,62,0.00031121484939424253,0.000710810990914947,0.7045454545454546
2326,2564,만화책/Noun,88,26,62,0.00031121484939424253,0.000710810990914947,0.7045454545454546
2327,2565,?.../Punctuation,88,30,58,0.00035567411359342004,0.0006663853039827628,0.6590909090909091
2328,2566,출신/Noun,88,33,55,0.00038901856174280313,0.0006330660387836247,0.625
2329,2567,ㅣ/KoreanParticle,88,34,54,0.0004001333777925976,0.0006219596170505788,0.6136363636363636
2330,2568,끝내/Noun,88,34,54,0.0004001333777925976,0.0006219596170505788,0.6136363636363636
2331,2569,부정/Noun,88,54,34,0.0006224296987884852,0.00039983118238965764,0.6136363636363636
2332,2570,아놀드/Noun,88,52,36,0.0006002000666888963,0.0004220440258557498,0.5909090909090909
2333,2571,조/Suffix,88,52,36,0.0006002000666888963,0.0004220440258557498,0.5909090909090909
2334,2572,극단/Noun,88,37,51,0.0004334778259419807,0.0005886403518514405,0.5795454545454546
2335,2573,유럽/Noun,88,42,46,0.0004890519061909527,0.0005331082431862101,0.5227272727272727
2336,2577,♥♥♥/Foreign,87,86,1,0.0009781038123819054,3.331926519913814e-05,0.9885057471264368
2337,2578,어거지/Noun,87,8,79,0.00011114816049794375,0.0008996201603767299,0.9080459770114944
2338,2579,난잡하다/Adjective,87,8,79,0.00011114816049794375,0.0008996201603767299,0.9080459770114944
2339,2580,발음/Noun,87,17,70,0.00021118150494609317,0.0007996623647793153,0.8045977011494253
2340,2581,듣기/Noun,87,21,66,0.00025564076914527065,0.0007552366778471312,0.7586206896551724
2341,2582,친/Noun,87,25,62,0.00030010003334444816,0.000710810990914947,0.7126436781609196
2342,2583,무한/Noun,87,60,27,0.0006891185950872514,0.00032208623025833537,0.6896551724137931
2343,2584,배신/Noun,87,32,55,0.00037790374569300877,0.0006330660387836247,0.632183908045977
2344,2585,알아보다/Verb,87,33,54,0.00038901856174280313,0.0006219596170505788,0.6206896551724138
2345,2586,하니/Noun,87,34,53,0.0004001333777925976,0.0006108531953175326,0.6091954022988506
2346,2587,역사상/Noun,87,52,35,0.0006002000666888963,0.0004109376041227037,0.5977011494252874
2347,2588,파리/Noun,87,50,37,0.0005779704345893076,0.0004331504475887958,0.5747126436781609
2348,2589,요새/Noun,87,50,37,0.0005779704345893076,0.0004331504475887958,0.5747126436781609
2349,2590,인게/Josa,87,38,49,0.000444592641991775,0.0005664275083853486,0.5632183908045977
2350,2591,///Punctuation,87,47,40,0.0005446259864399244,0.000466469712787934,0.5402298850574713
2351,2592,평소/Noun,87,47,40,0.0005446259864399244,0.000466469712787934,0.5402298850574713
2352,2593,질리다/Verb,87,41,46,0.0004779370901411582,0.0005331082431862101,0.5287356321839081
2353,2594,일반/Noun,87,41,46,0.0004779370901411582,0.0005331082431862101,0.5287356321839081
2354,2596,토나오다/Verb,86,4,82,6.668889629876625e-05,0.000932939425575868,0.9534883720930232
2355,2597,별하나/Noun,86,4,82,6.668889629876625e-05,0.000932939425575868,0.9534883720930232
2356,2598,다세포/Noun,86,8,78,0.00011114816049794375,0.0008885137386436838,0.9069767441860463
2357,2599,개콘/Noun,86,9,77,0.00012226297654773814,0.0008774073169106378,0.8953488372093024
2358,2600,황당/Noun,86,9,77,0.00012226297654773814,0.0008774073169106378,0.8953488372093024
2359,2601,영화감독/Noun,86,14,72,0.00017783705679671002,0.0008218752082454075,0.8372093023255814
2360,2602,언니/Suffix,86,70,16,0.0008002667555851951,0.00019991559119482882,0.813953488372093
2361,2603,최소한/Noun,86,18,68,0.0002222963209958875,0.0007774495213132232,0.7906976744186046
2362,2604,컴퓨터/Noun,86,20,66,0.00024452595309547634,0.0007552366778471312,0.7674418604651163
2363,2605,경우/Noun,86,27,59,0.00032232966544403684,0.0006774917257158089,0.686046511627907
2364,2606,해리포터/Noun,86,57,29,0.0006557741469378681,0.00034429907372442745,0.6627906976744186
2365,2607,추/Noun,86,56,30,0.0006446593308880737,0.0003554054954574735,0.6511627906976745
2366,2608,나레이션/Noun,86,30,56,0.00035567411359342004,0.0006441724605166707,0.6511627906976745
2367,2609,손가락/Noun,86,53,33,0.0006113148827386907,0.00038872476065661166,0.6162790697674418
2368,2610,거장/Noun,86,52,34,0.0006002000666888963,0.00039983118238965764,0.6046511627906976
2369,2611,얼다/Verb,86,36,50,0.00042236300989218633,0.0005775339301183945,0.5813953488372093
2370,2612,판단/Noun,86,49,37,0.0005668556185395131,0.0004331504475887958,0.5697674418604651
2371,2613,배트맨/Noun,86,48,38,0.0005557408024897189,0.0004442568693218419,0.5581395348837209
2372,2614,심다/Verb,86,39,47,0.00045570745804156943,0.0005442146649192564,0.5465116279069767
2373,2615,스티븐/Noun,86,39,47,0.00045570745804156943,0.0005442146649192564,0.5465116279069767
2374,2616,하지원/Noun,86,46,40,0.00053351117039013,0.000466469712787934,0.5348837209302325
2375,2617,인형/Noun,86,41,45,0.0004779370901411582,0.0005220018214531642,0.5232558139534884
2376,2618,한국판/Noun,86,45,41,0.0005223963543403357,0.00047757613452098,0.5232558139534884
2377,2621,겉멋/Noun,85,7,78,0.0001000333444481494,0.0008885137386436838,0.9176470588235294
2378,2622,싫어지다/Adjective,85,9,76,0.00012226297654773814,0.0008663008951775916,0.8941176470588236
2379,2623,압도/Noun,85,75,10,0.0008558408358341669,0.00013327706079655256,0.8823529411764706
2380,2624,담담하다/Adjective,85,71,14,0.0008113815716349895,0.00017770274772873674,0.8352941176470589
2381,2625,누군지/Adverb,85,21,64,0.00025564076914527065,0.0007330238343810393,0.7529411764705882
2382,2626,딱/VerbPrefix,85,23,62,0.00027787040124485944,0.000710810990914947,0.7294117647058823
2383,2627,정말/Exclamation,85,60,25,0.0006891185950872514,0.0002998733867922433,0.7058823529411765
2384,2628,여인/Noun,85,57,28,0.0006557741469378681,0.0003331926519913814,0.6705882352941176
2385,2629,환경/Noun,85,55,30,0.0006335445148382794,0.0003554054954574735,0.6470588235294118
2386,2630,곧/Noun,85,54,31,0.0006224296987884852,0.00036651191719051963,0.6352941176470588
2387,2631,ㄷ/KoreanParticle,85,54,31,0.0006224296987884852,0.00036651191719051963,0.6352941176470588
2388,2632,찌질하다/Adjective,85,33,52,0.00038901856174280313,0.0005997467735844866,0.611764705882353
2389,2633,누르다/Verb,85,34,51,0.0004001333777925976,0.0005886403518514405,0.6
2390,2634,밖/Noun,85,45,40,0.0005223963543403357,0.000466469712787934,0.5294117647058824
2391,2636,깨알/Noun,84,76,8,0.0008669556518839612,0.00011106421733046048,0.9047619047619048
2392,2637,민폐/Noun,84,11,73,0.0001444926086473269,0.0008329816299784535,0.8690476190476191
2393,2638,쓸데없다/Adjective,84,14,70,0.00017783705679671002,0.0007996623647793153,0.8333333333333334
2394,2639,부리다/Verb,84,17,67,0.00021118150494609317,0.0007663430995801773,0.7976190476190477
2395,2640,이루어지다/Verb,84,66,18,0.0007558074913860174,0.00022212843466092096,0.7857142857142857
2396,2641,--/Punctuation,84,19,65,0.0002334111370456819,0.0007441302561140852,0.7738095238095238
2397,2642,어쩌면/Noun,84,62,22,0.0007113482271868402,0.00026655412159310506,0.7380952380952381
2398,2643,임창정/Noun,84,58,26,0.0006668889629876625,0.00031097980852528933,0.6904761904761905
2399,2644,화일/Noun,84,26,58,0.00031121484939424253,0.0006663853039827628,0.6904761904761905
2400,2645,성적/Noun,84,32,52,0.00037790374569300877,0.0005997467735844866,0.6190476190476191
2401,2646,이니까/Josa,84,49,35,0.0005668556185395131,0.0004109376041227037,0.5833333333333334
2402,2647,연/Noun,84,49,35,0.0005668556185395131,0.0004109376041227037,0.5833333333333334
2403,2648,오프닝/Noun,84,48,36,0.0005557408024897189,0.0004220440258557498,0.5714285714285714
2404,2649,".,/Punctuation",84,47,37,0.0005446259864399244,0.0004331504475887958,0.5595238095238095
2405,2650,남성/Noun,84,45,39,0.0005223963543403357,0.000455363291054888,0.5357142857142857
2406,2651,단점/Noun,84,39,45,0.00045570745804156943,0.0005220018214531642,0.5357142857142857
2407,2654,..!/Punctuation,83,74,9,0.0008447260197843727,0.00012217063906350652,0.891566265060241
2408,2655,흉내/Noun,83,11,72,0.0001444926086473269,0.0008218752082454075,0.8674698795180723
2409,2656,달콤하다/Adjective,83,68,15,0.0007780371234856063,0.0001888091694617828,0.8192771084337349
2410,2657,방해/Noun,83,18,65,0.0002222963209958875,0.0007441302561140852,0.7831325301204819
2411,2658,김치/Noun,83,22,61,0.000266755585195065,0.0006997045691819009,0.7349397590361446
2412,2659,분량/Noun,83,25,58,0.00030010003334444816,0.0006663853039827628,0.6987951807228916
2413,2660,향수/Noun,83,57,26,0.0006557741469378681,0.00031097980852528933,0.6867469879518072
2414,2661,코메디/Noun,83,27,56,0.00032232966544403684,0.0006441724605166707,0.6746987951807228
2415,2662,사/Noun,83,56,27,0.0006446593308880737,0.00032208623025833537,0.6746987951807228
2416,2663,매/Noun,83,53,30,0.0006113148827386907,0.0003554054954574735,0.6385542168674698
2417,2664,판이/Noun,83,33,50,0.00038901856174280313,0.0005775339301183945,0.6024096385542169
2418,2665,만화영화/Noun,83,47,36,0.0005446259864399244,0.0004220440258557498,0.5662650602409639
2419,2666,무너지다/Verb,83,36,47,0.00042236300989218633,0.0005442146649192564,0.5662650602409639
2420,2667,쉽다/Adjective,83,37,46,0.0004334778259419807,0.0005331082431862101,0.5542168674698795
2421,2668,전하/Noun,83,38,45,0.000444592641991775,0.0005220018214531642,0.5421686746987951
2422,2672,명복/Noun,82,74,8,0.0008447260197843727,0.00011106421733046048,0.902439024390244
2423,2673,거품/Noun,82,12,70,0.00015560742469712126,0.0007996623647793153,0.8536585365853658
2424,2674,동영상/Noun,82,12,70,0.00015560742469712126,0.0007996623647793153,0.8536585365853658
2425,2675,고뇌/Noun,82,57,25,0.0006557741469378681,0.0002998733867922433,0.6951219512195121
2426,2676,늘리다/Verb,82,25,57,0.00030010003334444816,0.0006552788822497168,0.6951219512195121
2427,2677,능/Noun,82,55,27,0.0006335445148382794,0.00032208623025833537,0.6707317073170732
2428,2678,흡입/Noun,82,53,29,0.0006113148827386907,0.00034429907372442745,0.6463414634146342
2429,2679,윌리스/Noun,82,29,53,0.0003445592975436257,0.0006108531953175326,0.6463414634146342
2430,2680,때매/Noun,82,30,52,0.00035567411359342004,0.0005997467735844866,0.6341463414634146
2431,2681,인도/Noun,82,51,31,0.000589085250639102,0.00036651191719051963,0.6219512195121951
2432,2682,잡히다/Verb,82,31,51,0.00036678892964321435,0.0005886403518514405,0.6219512195121951
2433,2683,매끄럽다/Adjective,82,32,50,0.00037790374569300877,0.0005775339301183945,0.6097560975609756
2434,2684,든지/Josa,82,32,50,0.00037790374569300877,0.0005775339301183945,0.6097560975609756
2435,2685,길이/Noun,82,49,33,0.0005668556185395131,0.00038872476065661166,0.5975609756097561
2436,2686,중년/Noun,82,48,34,0.0005557408024897189,0.00039983118238965764,0.5853658536585366
2437,2687,부족함/Noun,82,35,47,0.0004112481938423919,0.0005442146649192564,0.573170731707317
2438,2688,일으키다/Verb,82,37,45,0.0004334778259419807,0.0005220018214531642,0.5487804878048781
2439,2689,전투/Noun,82,45,37,0.0005223963543403357,0.0004331504475887958,0.5487804878048781
2440,2690,이병헌/Noun,82,39,43,0.00045570745804156943,0.0004997889779870722,0.5243902439024389
2441,2691,슴/Noun,82,39,43,0.00045570745804156943,0.0004997889779870722,0.5243902439024389
2442,2693,탁월하다/Adjective,81,73,8,0.0008336112037345782,0.00011106421733046048,0.9012345679012346
2443,2694,도데/Noun,81,8,73,0.00011114816049794375,0.0008329816299784535,0.9012345679012346
2444,2695,짜리/Foreign,81,12,69,0.00015560742469712126,0.0007885559430462694,0.8518518518518519
2445,2696,속지/Noun,81,13,68,0.00016672224074691566,0.0007774495213132232,0.8395061728395061
2446,2697,역량/Noun,81,13,68,0.00016672224074691566,0.0007774495213132232,0.8395061728395061
2447,2698,배급사/Noun,81,15,66,0.00018895187284650438,0.0007552366778471312,0.8148148148148148
2448,2699,징그럽다/Adjective,81,17,64,0.00021118150494609317,0.0007330238343810393,0.7901234567901234
2449,2700,이해도/Noun,81,17,64,0.00021118150494609317,0.0007330238343810393,0.7901234567901234
2450,2701,염/Noun,81,60,21,0.0006891185950872514,0.0002554476998600591,0.7407407407407407
2451,2702,몽환/Noun,81,59,22,0.0006780037790374569,0.00026655412159310506,0.7283950617283951
2452,2703,박다/Verb,81,22,59,0.000266755585195065,0.0006774917257158089,0.7283950617283951
2453,2704,짜이다/Verb,81,56,25,0.0006446593308880737,0.0002998733867922433,0.6913580246913579
2454,2705,약/Modifier,81,26,55,0.00031121484939424253,0.0006330660387836247,0.6790123456790124
2455,2706,그렇지만/Conjunction,81,55,26,0.0006335445148382794,0.00031097980852528933,0.6790123456790124
2456,2707,옴/Noun,81,26,55,0.00031121484939424253,0.0006330660387836247,0.6790123456790124
2457,2708,실험/Noun,81,29,52,0.0003445592975436257,0.0005997467735844866,0.6419753086419753
2458,2709,극복/Noun,81,51,30,0.000589085250639102,0.0003554054954574735,0.6296296296296297
2459,2710,사용/Noun,81,31,50,0.00036678892964321435,0.0005775339301183945,0.6172839506172839
2460,2711,1회/Number,81,49,32,0.0005668556185395131,0.0003776183389235656,0.6049382716049383
2461,2712,이소룡/Noun,81,48,33,0.0005557408024897189,0.00038872476065661166,0.5925925925925926
2462,2713,왕/Suffix,81,33,48,0.00038901856174280313,0.0005553210866523023,0.5925925925925926
2463,2714,스포/Noun,81,47,34,0.0005446259864399244,0.00039983118238965764,0.5802469135802469
2464,2715,화장실/Noun,81,34,47,0.0004001333777925976,0.0005442146649192564,0.5802469135802469
2465,2716,d/Alpha,81,35,46,0.0004112481938423919,0.0005331082431862101,0.5679012345679012
2466,2717,도시/Noun,81,46,35,0.00053351117039013,0.0004109376041227037,0.5679012345679012
2467,2718,멍/Noun,81,36,45,0.00042236300989218633,0.0005220018214531642,0.5555555555555556
2468,2722,담백하다/Adjective,80,75,5,0.0008558408358341669,7.774495213132233e-05,0.9375
2469,2723,삶다/Verb,80,68,12,0.0007780371234856063,0.00015548990426264466,0.85
2470,2724,가히/Adverb,80,68,12,0.0007780371234856063,0.00015548990426264466,0.85
2471,2725,지리다/Verb,80,63,17,0.0007224630432366343,0.0002110220129278749,0.7875
2472,2726,킬링/Noun,80,22,58,0.000266755585195065,0.0006663853039827628,0.725
2473,2727,장점/Noun,80,23,57,0.00027787040124485944,0.0006552788822497168,0.7125
2474,2728,등록/Noun,80,23,57,0.00027787040124485944,0.0006552788822497168,0.7125
2475,2729,망가지다/Verb,80,26,54,0.00031121484939424253,0.0006219596170505788,0.675
2476,2730,하정우/Noun,80,53,27,0.0006113148827386907,0.00032208623025833537,0.6625
2477,2731,미녀/Noun,80,30,50,0.00035567411359342004,0.0005775339301183945,0.625
2478,2732,독일/Noun,80,48,32,0.0005557408024897189,0.0003776183389235656,0.6
2479,2733,가리다/Verb,80,33,47,0.00038901856174280313,0.0005442146649192564,0.5875
2480,2734,마약/Noun,80,33,47,0.00038901856174280313,0.0005442146649192564,0.5875
2481,2735,은/Foreign,80,33,47,0.00038901856174280313,0.0005442146649192564,0.5875
2482,2736,군인/Noun,80,34,46,0.0004001333777925976,0.0005331082431862101,0.575
2483,2737,에서만/Josa,80,35,45,0.0004112481938423919,0.0005220018214531642,0.5625
2484,2738,버튼/Noun,80,45,35,0.0005223963543403357,0.0004109376041227037,0.5625
2485,2739,액션씬/Noun,80,42,38,0.0004890519061909527,0.0004442568693218419,0.525
2486,2744,완벽/Noun,79,71,8,0.0008113815716349895,0.00011106421733046048,0.8987341772151899
2487,2745,그럴듯하다/Adjective,79,8,71,0.00011114816049794375,0.0008107687865123613,0.8987341772151899
2488,2746,의외/Noun,79,65,14,0.0007446926753362233,0.00017770274772873674,0.8227848101265823
2489,2747,딱/Modifier,79,16,63,0.0002000666888962988,0.0007219174126479931,0.7974683544303798
2490,2748,분장/Noun,79,17,62,0.00021118150494609317,0.000710810990914947,0.7848101265822784
2491,2749,언젠가/Adverb,79,59,20,0.0006780037790374569,0.00024434127812701304,0.7468354430379747
2492,2750,파다/Verb,79,24,55,0.0002889852172946538,0.0006330660387836247,0.6962025316455697
2493,2751,샘/Noun,79,53,26,0.0006113148827386907,0.00031097980852528933,0.6708860759493671
2494,2752,중딩/Noun,79,27,52,0.00032232966544403684,0.0005997467735844866,0.6582278481012658
2495,2753,정상/Noun,79,27,52,0.00032232966544403684,0.0005997467735844866,0.6582278481012658
2496,2754,에다가/Josa,79,29,50,0.0003445592975436257,0.0005775339301183945,0.6329113924050633
2497,2755,라기/Josa,79,30,49,0.00035567411359342004,0.0005664275083853486,0.620253164556962
2498,2756,미도/Noun,79,48,31,0.0005557408024897189,0.00036651191719051963,0.6075949367088608
2499,2757,of/Alpha,79,48,31,0.0005557408024897189,0.00036651191719051963,0.6075949367088608
2500,2758,순/Modifier,79,45,34,0.0005223963543403357,0.00039983118238965764,0.569620253164557
2501,2759,후회되다/Adjective,79,35,44,0.0004112481938423919,0.0005108953997201182,0.5569620253164557
2502,2762,위트/Noun,78,66,12,0.0007558074913860174,0.00015548990426264466,0.8461538461538461
2503,2763,치유/Noun,78,66,12,0.0007558074913860174,0.00015548990426264466,0.8461538461538461
2504,2764,아치/Noun,78,14,64,0.00017783705679671002,0.0007330238343810393,0.8205128205128205
2505,2765,만도/Josa,78,15,63,0.00018895187284650438,0.0007219174126479931,0.8076923076923077
2506,2766,애절하다/Adjective,78,62,16,0.0007113482271868402,0.00019991559119482882,0.7948717948717948
2507,2767,알려지다/Verb,78,58,20,0.0006668889629876625,0.00024434127812701304,0.7435897435897436
2508,2768,이구만/Josa,78,20,58,0.00024452595309547634,0.0006663853039827628,0.7435897435897436
2509,2769,왜곡/Noun,78,22,56,0.000266755585195065,0.0006441724605166707,0.7179487179487181
2510,2770,상어/Noun,78,25,53,0.00030010003334444816,0.0006108531953175326,0.6794871794871795
2511,2771,절망/Noun,78,53,25,0.0006113148827386907,0.0002998733867922433,0.6794871794871795
2512,2772,서부/Noun,78,50,28,0.0005779704345893076,0.0003331926519913814,0.6410256410256411
2513,2773,허허/Adverb,78,29,49,0.0003445592975436257,0.0005664275083853486,0.6282051282051282
2514,2774,계시다/Adjective,78,49,29,0.0005668556185395131,0.00034429907372442745,0.6282051282051282
2515,2775,칠/Modifier,78,29,49,0.0003445592975436257,0.0005664275083853486,0.6282051282051282
2516,2776,라스트/Noun,78,48,30,0.0005557408024897189,0.0003554054954574735,0.6153846153846154
2517,2777,컷/Noun,78,30,48,0.00035567411359342004,0.0005553210866523023,0.6153846153846154
2518,2778,무리/Noun,78,30,48,0.00035567411359342004,0.0005553210866523023,0.6153846153846154
2519,2779,한순간/Noun,78,48,30,0.0005557408024897189,0.0003554054954574735,0.6153846153846154
2520,2780,서도/Noun,78,47,31,0.0005446259864399244,0.00036651191719051963,0.6025641025641025
2521,2781,최소/Noun,78,47,31,0.0005446259864399244,0.00036651191719051963,0.6025641025641025
2522,2782,절로/Noun,78,45,33,0.0005223963543403357,0.00038872476065661166,0.5769230769230769
2523,2783,랑은/Josa,78,35,43,0.0004112481938423919,0.0004997889779870722,0.5512820512820513
2524,2784,들어주다/Verb,78,36,42,0.00042236300989218633,0.0004886825562540262,0.5384615384615384
2525,2785,뒤죽박죽/Noun,77,9,68,0.00012226297654773814,0.0007774495213132232,0.8831168831168831
2526,2786,절제/Noun,77,64,13,0.0007335778592864287,0.0001665963259956907,0.8311688311688312
2527,2787,소화/Noun,77,62,15,0.0007113482271868402,0.0001888091694617828,0.8051948051948052
2528,2788,떠올리다/Verb,77,62,15,0.0007113482271868402,0.0001888091694617828,0.8051948051948052
2529,2789,찬양/Noun,77,19,58,0.0002334111370456819,0.0006663853039827628,0.7532467532467533
2530,2790,내일/Noun,77,56,21,0.0006446593308880737,0.0002554476998600591,0.7272727272727273
2531,2791,닥/Noun,77,21,56,0.00025564076914527065,0.0006441724605166707,0.7272727272727273
2532,2792,난무/Noun,77,22,55,0.000266755585195065,0.0006330660387836247,0.7142857142857143
2533,2793,낼/Noun,77,53,24,0.0006113148827386907,0.0002887669650591972,0.6883116883116883
2534,2794,동네/Noun,77,29,48,0.0003445592975436257,0.0005553210866523023,0.6233766233766234
2535,2795,향연/Noun,77,32,45,0.00037790374569300877,0.0005220018214531642,0.5844155844155844
2536,2796,2년/Number,77,45,32,0.0005223963543403357,0.0003776183389235656,0.5844155844155844
2537,2797,안해/Noun,77,32,45,0.00037790374569300877,0.0005220018214531642,0.5844155844155844
2538,2798,에가/Josa,77,34,43,0.0004001333777925976,0.0004997889779870722,0.5584415584415584
2539,2799,선생/Noun,77,34,43,0.0004001333777925976,0.0004997889779870722,0.5584415584415584
2540,2800,똑같이/Adverb,77,34,43,0.0004001333777925976,0.0004997889779870722,0.5584415584415584
2541,2801,우선/Noun,77,36,41,0.00042236300989218633,0.00047757613452098,0.5324675324675324
2542,2806,매미/Noun,76,4,72,6.668889629876625e-05,0.0008218752082454075,0.9473684210526316
2543,2807,뜬금없이/Adverb,76,4,72,6.668889629876625e-05,0.0008218752082454075,0.9473684210526316
2544,2808,미스/Noun,76,13,63,0.00016672224074691566,0.0007219174126479931,0.8289473684210527
2545,2809,욕먹다/Verb,76,13,63,0.00016672224074691566,0.0007219174126479931,0.8289473684210527
2546,2810,보임/Noun,76,16,60,0.0002000666888962988,0.0006885981474488549,0.7894736842105263
2547,2811,버티다/Verb,76,17,59,0.00021118150494609317,0.0006774917257158089,0.7763157894736842
2548,2812,전성기/Noun,76,59,17,0.0006780037790374569,0.0002110220129278749,0.7763157894736842
2549,2813,ㅎㄷㄷ/KoreanParticle,76,55,21,0.0006335445148382794,0.0002554476998600591,0.7236842105263158
2550,2814,범/Noun,76,22,54,0.000266755585195065,0.0006219596170505788,0.7105263157894737
2551,2815,달라지다/Verb,76,53,23,0.0006113148827386907,0.00027766054332615115,0.6973684210526315
2552,2816,리가/Noun,76,24,52,0.0002889852172946538,0.0005997467735844866,0.6842105263157895
2553,2817,년도/Noun,76,25,51,0.00030010003334444816,0.0005886403518514405,0.6710526315789473
2554,2818,각자/Noun,76,50,26,0.0005779704345893076,0.00031097980852528933,0.6578947368421053
2555,2819,그대/Noun,76,50,26,0.0005779704345893076,0.00031097980852528933,0.6578947368421053
2556,2820,하라/Noun,76,28,48,0.0003334444814938313,0.0005553210866523023,0.631578947368421
2557,2821,글자/Noun,76,28,48,0.0003334444814938313,0.0005553210866523023,0.631578947368421
2558,2822,하고는/Josa,76,29,47,0.0003445592975436257,0.0005442146649192564,0.618421052631579
2559,2823,절대로/Noun,76,29,47,0.0003445592975436257,0.0005442146649192564,0.618421052631579
2560,2824,끼치다/Verb,76,46,30,0.00053351117039013,0.0003554054954574735,0.6052631578947368
2561,2825,형식/Noun,76,30,46,0.00035567411359342004,0.0005331082431862101,0.6052631578947368
2562,2826,변신/Noun,76,32,44,0.00037790374569300877,0.0005108953997201182,0.5789473684210527
2563,2827,케이/Noun,76,32,44,0.00037790374569300877,0.0005108953997201182,0.5789473684210527
2564,2828,각/Modifier,76,35,41,0.0004112481938423919,0.00047757613452098,0.5394736842105263
2565,2829,튀다/Verb,76,35,41,0.0004112481938423919,0.00047757613452098,0.5394736842105263
2566,2830,박히다/Verb,76,40,36,0.0004668222740913638,0.0004220440258557498,0.5263157894736842
2567,2831,서울/Noun,76,40,36,0.0004668222740913638,0.0004220440258557498,0.5263157894736842
2568,2834,과대/Noun,75,5,70,7.780371234856063e-05,0.0007996623647793153,0.9333333333333332
2569,2835,도중/Noun,75,7,68,0.0001000333444481494,0.0007774495213132232,0.9066666666666666
2570,2836,따분하다/Adjective,75,8,67,0.00011114816049794375,0.0007663430995801773,0.8933333333333333
2571,2837,여신/Noun,75,61,14,0.0007002334111370457,0.00017770274772873674,0.8133333333333334
2572,2838,낭만/Noun,75,57,18,0.0006557741469378681,0.00022212843466092096,0.76
2573,2839,선사/Noun,75,54,21,0.0006224296987884852,0.0002554476998600591,0.72
2574,2840,꺼지다/Verb,75,24,51,0.0002889852172946538,0.0005886403518514405,0.68
2575,2841,폭풍/Noun,75,51,24,0.000589085250639102,0.0002887669650591972,0.68
2576,2842,공룡/Noun,75,26,49,0.00031121484939424253,0.0005664275083853486,0.6533333333333333
2577,2843,급하다/Adjective,75,26,49,0.00031121484939424253,0.0005664275083853486,0.6533333333333333
2578,2844,잔혹하다/Adjective,75,48,27,0.0005557408024897189,0.00032208623025833537,0.64
2579,2845,빠/Noun,75,27,48,0.00032232966544403684,0.0005553210866523023,0.64
2580,2846,소통/Noun,75,47,28,0.0005446259864399244,0.0003331926519913814,0.6266666666666667
2581,2847,추가/Noun,75,28,47,0.0003334444814938313,0.0005442146649192564,0.6266666666666667
2582,2848,년전/Noun,75,45,30,0.0005223963543403357,0.0003554054954574735,0.6
2583,2849,식이/Noun,75,30,45,0.00035567411359342004,0.0005220018214531642,0.6
2584,2850,1년/Number,75,45,30,0.0005223963543403357,0.0003554054954574735,0.6
2585,2851,축구/Noun,75,30,45,0.00035567411359342004,0.0005220018214531642,0.6
2586,2852,아만다/Noun,75,44,31,0.0005112815382905413,0.00036651191719051963,0.5866666666666667
2587,2853,부활/Noun,75,44,31,0.0005112815382905413,0.00036651191719051963,0.5866666666666667
2588,2854,모이다/Verb,75,32,43,0.00037790374569300877,0.0004997889779870722,0.5733333333333334
2589,2855,용다/Verb,75,43,32,0.0005001667222407468,0.0003776183389235656,0.5733333333333334
2590,2856,직업/Noun,75,34,41,0.0004001333777925976,0.00047757613452098,0.5466666666666666
2591,2857,예측/Noun,75,36,39,0.00042236300989218633,0.000455363291054888,0.52
2592,2858,바닥/Noun,74,9,65,0.00012226297654773814,0.0007441302561140852,0.8783783783783784
2593,2859,졸업/Noun,74,14,60,0.00017783705679671002,0.0006885981474488549,0.8108108108108109
2594,2860,어지럽다/Adjective,74,16,58,0.0002000666888962988,0.0006663853039827628,0.7837837837837838
2595,2861,EBS/Alpha,74,57,17,0.0006557741469378681,0.0002110220129278749,0.7702702702702703
2596,2862,끊기다/Verb,74,17,57,0.00021118150494609317,0.0006552788822497168,0.7702702702702703
2597,2863,웬/Noun,74,19,55,0.0002334111370456819,0.0006330660387836247,0.7432432432432432
2598,2864,지나/Noun,74,53,21,0.0006113148827386907,0.0002554476998600591,0.7162162162162162
2599,2865,딸리다/Verb,74,22,52,0.000266755585195065,0.0005997467735844866,0.7027027027027027
2600,2866,드니/Noun,74,51,23,0.000589085250639102,0.00027766054332615115,0.6891891891891891
2601,2867,한가지/Noun,74,23,51,0.00027787040124485944,0.0005886403518514405,0.6891891891891891
2602,2868,거짓/Noun,74,24,50,0.0002889852172946538,0.0005775339301183945,0.6756756756756757
2603,2869,송강호/Noun,74,50,24,0.0005779704345893076,0.0002887669650591972,0.6756756756756757
2604,2870,재난/Noun,74,25,49,0.00030010003334444816,0.0005664275083853486,0.6621621621621622
2605,2871,워낙/Noun,74,49,25,0.0005668556185395131,0.0002998733867922433,0.6621621621621622
2606,2872,a/Alpha,74,48,26,0.0005557408024897189,0.00031097980852528933,0.6486486486486487
2607,2873,가나/Noun,74,27,47,0.00032232966544403684,0.0005442146649192564,0.6351351351351351
2608,2874,일주일/Noun,74,47,27,0.0005446259864399244,0.00032208623025833537,0.6351351351351351
2609,2875,범죄자/Noun,74,28,46,0.0003334444814938313,0.0005331082431862101,0.6216216216216216
2610,2876,부탁/Noun,74,29,45,0.0003445592975436257,0.0005220018214531642,0.6081081081081081
2611,2877,이안/Noun,74,29,45,0.0003445592975436257,0.0005220018214531642,0.6081081081081081
2612,2878,캐릭/Noun,74,29,45,0.0003445592975436257,0.0005220018214531642,0.6081081081081081
2613,2879,생명/Noun,74,45,29,0.0005223963543403357,0.00034429907372442745,0.6081081081081081
2614,2880,나타내다/Verb,74,44,30,0.0005112815382905413,0.0003554054954574735,0.5945945945945946
2615,2881,트리/Noun,74,31,43,0.00036678892964321435,0.0004997889779870722,0.581081081081081
2616,2882,류승범/Noun,74,42,32,0.0004890519061909527,0.0003776183389235656,0.5675675675675675
2617,2883,높이다/Verb,74,42,32,0.0004890519061909527,0.0003776183389235656,0.5675675675675675
2618,2884,극적/Noun,74,39,35,0.00045570745804156943,0.0004109376041227037,0.527027027027027
2619,2885,이구나/Josa,74,39,35,0.00045570745804156943,0.0004109376041227037,0.527027027027027
2620,2886,흔/Modifier,74,35,39,0.0004112481938423919,0.000455363291054888,0.527027027027027
2621,2889,애잔하다/Adjective,73,69,4,0.0007891519395354007,6.663853039827628e-05,0.9452054794520548
2622,2890,애매하다/Adjective,73,12,61,0.00015560742469712126,0.0006997045691819009,0.8356164383561644
2623,2891,이별/Noun,73,57,16,0.0006557741469378681,0.00019991559119482882,0.7808219178082192
2624,2892,쟁이/Suffix,73,19,54,0.0002334111370456819,0.0006219596170505788,0.7397260273972602
2625,2893,쌍/Noun,73,21,52,0.00025564076914527065,0.0005997467735844866,0.7123287671232876
2626,2894,부인/Noun,73,21,52,0.00025564076914527065,0.0005997467735844866,0.7123287671232876
2627,2895,원숭이/Noun,73,22,51,0.000266755585195065,0.0005886403518514405,0.6986301369863014
2628,2896,단편/Noun,73,22,51,0.000266755585195065,0.0005886403518514405,0.6986301369863014
2629,2897,시종일관/Noun,73,22,51,0.000266755585195065,0.0005886403518514405,0.6986301369863014
2630,2898,깡패/Noun,73,23,50,0.00027787040124485944,0.0005775339301183945,0.6849315068493149
2631,2899,신하균/Noun,73,50,23,0.0005779704345893076,0.00027766054332615115,0.6849315068493149
2632,2900,본격/Noun,73,23,50,0.00027787040124485944,0.0005775339301183945,0.6849315068493149
2633,2901,에서나/Josa,73,24,49,0.0002889852172946538,0.0005664275083853486,0.6712328767123288
2634,2902,광기/Noun,73,49,24,0.0005668556185395131,0.0002887669650591972,0.6712328767123288
2635,2903,처리/Noun,73,25,48,0.00030010003334444816,0.0005553210866523023,0.6575342465753424
2636,2904,만세/Noun,73,48,25,0.0005557408024897189,0.0002998733867922433,0.6575342465753424
2637,2905,낮/Noun,73,47,26,0.0005446259864399244,0.00031097980852528933,0.6438356164383562
2638,2906,블랙코미디/Noun,73,46,27,0.00053351117039013,0.00032208623025833537,0.6301369863013698
2639,2907,솔/Noun,73,27,46,0.00032232966544403684,0.0005331082431862101,0.6301369863013698
2640,2908,로움/Noun,73,44,29,0.0005112815382905413,0.00034429907372442745,0.6027397260273972
2641,2909,바치다/Verb,73,43,30,0.0005001667222407468,0.0003554054954574735,0.589041095890411
2642,2910,스타워즈/Noun,73,43,30,0.0005001667222407468,0.0003554054954574735,0.589041095890411
2643,2911,중학생/Noun,73,42,31,0.0004890519061909527,0.00036651191719051963,0.5753424657534246
2644,2912,50/Number,73,41,32,0.0004779370901411582,0.0003776183389235656,0.5616438356164384
2645,2913,매번/Noun,73,41,32,0.0004779370901411582,0.0003776183389235656,0.5616438356164384
2646,2914,녀석/Noun,73,33,40,0.00038901856174280313,0.000466469712787934,0.547945205479452
2647,2915,흔들다/Verb,73,39,34,0.00045570745804156943,0.00039983118238965764,0.5342465753424658
2648,2916,풀리다/Verb,73,39,34,0.00045570745804156943,0.00039983118238965764,0.5342465753424658
2649,2917,갈리다/Verb,73,38,35,0.000444592641991775,0.0004109376041227037,0.5205479452054794
2650,2921,답답/Noun,72,2,70,4.445926419917751e-05,0.0007996623647793153,0.9722222222222222
2651,2922,Good/Alpha,72,69,3,0.0007891519395354007,5.553210866523024e-05,0.9583333333333334
2652,2923,어색/Noun,72,3,69,5.5574080248971876e-05,0.0007885559430462694,0.9583333333333334
2653,2924,명불허전/Noun,72,64,8,0.0007335778592864287,0.00011106421733046048,0.8888888888888888
2654,2925,비록/Noun,72,64,8,0.0007335778592864287,0.00011106421733046048,0.8888888888888888
2655,2926,애틋하다/Adjective,72,61,11,0.0007002334111370457,0.0001443834825295986,0.8472222222222222
2656,2927,광구/Noun,72,12,60,0.00015560742469712126,0.0006885981474488549,0.8333333333333334
2657,2928,쓴다/Verb,72,12,60,0.00015560742469712126,0.0006885981474488549,0.8333333333333334
2658,2929,짜릿하다/Adjective,72,59,13,0.0006780037790374569,0.0001665963259956907,0.8194444444444444
2659,2930,땀/Noun,72,58,14,0.0006668889629876625,0.00017770274772873674,0.8055555555555556
2660,2931,배꼽/Noun,72,58,14,0.0006668889629876625,0.00017770274772873674,0.8055555555555556
2661,2932,뎅/Noun,72,57,15,0.0006557741469378681,0.0001888091694617828,0.7916666666666666
2662,2933,누나/Suffix,72,56,16,0.0006446593308880737,0.00019991559119482882,0.7777777777777778
2663,2934,아무나/Noun,72,17,55,0.00021118150494609317,0.0006330660387836247,0.7638888888888888
2664,2935,기획/Noun,72,22,50,0.000266755585195065,0.0005775339301183945,0.6944444444444444
2665,2936,호흡/Noun,72,49,23,0.0005668556185395131,0.00027766054332615115,0.6805555555555556
2666,2937,고전/Modifier,72,49,23,0.0005668556185395131,0.00027766054332615115,0.6805555555555556
2667,2938,대부/Noun,72,46,26,0.00053351117039013,0.00031097980852528933,0.6388888888888888
2668,2939,일지/Noun,72,46,26,0.00053351117039013,0.00031097980852528933,0.6388888888888888
2669,2940,못자다/Verb,72,26,46,0.00031121484939424253,0.0005331082431862101,0.6388888888888888
2670,2941,구분/Noun,72,27,45,0.00032232966544403684,0.0005220018214531642,0.625
2671,2942,이지/Noun,72,27,45,0.00032232966544403684,0.0005220018214531642,0.625
2672,2943,수록/Noun,72,44,28,0.0005112815382905413,0.0003331926519913814,0.6111111111111112
2673,2944,풀/Noun,72,28,44,0.0003334444814938313,0.0005108953997201182,0.6111111111111112
2674,2945,본질/Noun,72,44,28,0.0005112815382905413,0.0003331926519913814,0.6111111111111112
2675,2946,찾아가다/Verb,72,42,30,0.0004890519061909527,0.0003554054954574735,0.5833333333333334
2676,2947,객관/Noun,72,30,42,0.00035567411359342004,0.0004886825562540262,0.5833333333333334
2677,2948,혼란/Noun,72,33,39,0.00038901856174280313,0.000455363291054888,0.5416666666666666
2678,2949,말씀/Noun,72,38,34,0.000444592641991775,0.00039983118238965764,0.5277777777777778
2679,2950,하얗다/Adjective,72,38,34,0.000444592641991775,0.00039983118238965764,0.5277777777777778
2680,2953,아마추어/Noun,71,5,66,7.780371234856063e-05,0.0007552366778471312,0.9295774647887324
2681,2954,케미/Noun,71,66,5,0.0007558074913860174,7.774495213132233e-05,0.9295774647887324
2682,2955,오글오글/Adverb,71,6,65,8.891852839835501e-05,0.0007441302561140852,0.9154929577464788
2683,2956,...^^/Punctuation,71,65,6,0.0007446926753362233,8.885137386436837e-05,0.9154929577464788
2684,2957,쓸쓸하다/Adjective,71,63,8,0.0007224630432366343,0.00011106421733046048,0.8873239436619719
2685,2958,15년/Number,71,60,11,0.0006891185950872514,0.0001443834825295986,0.8450704225352113
2686,2959,고인/Noun,71,60,11,0.0006891185950872514,0.0001443834825295986,0.8450704225352113
2687,2960,데리다/Verb,71,12,59,0.00015560742469712126,0.0006774917257158089,0.8309859154929577
2688,2961,제작자/Noun,71,12,59,0.00015560742469712126,0.0006774917257158089,0.8309859154929577
2689,2962,정점/Noun,71,55,16,0.0006335445148382794,0.00019991559119482882,0.7746478873239436
2690,2963,상식/Noun,71,16,55,0.0002000666888962988,0.0006330660387836247,0.7746478873239436
2691,2964,명장/Noun,71,52,19,0.0006002000666888963,0.000233234856393967,0.7323943661971831
2692,2965,ㅜㅠ/KoreanParticle,71,50,21,0.0005779704345893076,0.0002554476998600591,0.7042253521126759
2693,2966,고증/Noun,71,21,50,0.00025564076914527065,0.0005775339301183945,0.7042253521126759
2694,2967,괴롭다/Adjective,71,22,49,0.000266755585195065,0.0005664275083853486,0.6901408450704225
2695,2968,살이/Noun,71,45,26,0.0005223963543403357,0.00031097980852528933,0.6338028169014085
2696,2969,회사/Noun,71,26,45,0.00031121484939424253,0.0005220018214531642,0.6338028169014085
2697,2970,커버/Noun,71,44,27,0.0005112815382905413,0.00032208623025833537,0.6197183098591549
2698,2971,별거/Noun,71,28,43,0.0003334444814938313,0.0004997889779870722,0.6056338028169014
2699,2972,합/Noun,71,28,43,0.0003334444814938313,0.0004997889779870722,0.6056338028169014
2700,2973,돌/Noun,71,29,42,0.0003445592975436257,0.0004886825562540262,0.5915492957746479
2701,2974,안기다/Verb,71,42,29,0.0004890519061909527,0.00034429907372442745,0.5915492957746479
2702,2975,공유/Noun,71,42,29,0.0004890519061909527,0.00034429907372442745,0.5915492957746479
2703,2976,두운/Noun,71,42,29,0.0004890519061909527,0.00034429907372442745,0.5915492957746479
2704,2977,님/Noun,71,40,31,0.0004668222740913638,0.00036651191719051963,0.5633802816901409
2705,2978,기괴하다/Adjective,71,40,31,0.0004668222740913638,0.00036651191719051963,0.5633802816901409
2706,2979,노인/Noun,71,31,40,0.00036678892964321435,0.000466469712787934,0.5633802816901409
2707,2980,받아들이다/Verb,71,38,33,0.000444592641991775,0.00038872476065661166,0.5352112676056338
2708,2981,스릴러물/Noun,71,38,33,0.000444592641991775,0.00038872476065661166,0.5352112676056338
2709,2982,잔인함/Noun,71,37,34,0.0004334778259419807,0.00039983118238965764,0.5211267605633803
2710,2984,진창/Noun,70,4,66,6.668889629876625e-05,0.0007552366778471312,0.9428571428571428
2711,2985,돌려주다/Verb,70,6,64,8.891852839835501e-05,0.0007330238343810393,0.9142857142857144
2712,2986,찬사/Noun,70,61,9,0.0007002334111370457,0.00012217063906350652,0.8714285714285714
2713,2987,you/Alpha,70,59,11,0.0006780037790374569,0.0001443834825295986,0.8428571428571429
2714,2988,일반인/Noun,70,11,59,0.0001444926086473269,0.0006774917257158089,0.8428571428571429
2715,2989,의심스럽다/Adjective,70,11,59,0.0001444926086473269,0.0006774917257158089,0.8428571428571429
2716,2990,티나/Noun,70,14,56,0.00017783705679671002,0.0006441724605166707,0.8
2717,2991,피아노/Noun,70,56,14,0.0006446593308880737,0.00017770274772873674,0.8
2718,2992,이기도/Josa,70,55,15,0.0006335445148382794,0.0001888091694617828,0.7857142857142857
2719,2993,90분/Number,70,15,55,0.00018895187284650438,0.0006330660387836247,0.7857142857142857
2720,2994,미스터리/Noun,70,17,53,0.00021118150494609317,0.0006108531953175326,0.7571428571428571
2721,2995,믿음/Noun,70,52,18,0.0006002000666888963,0.00022212843466092096,0.7428571428571429
2722,2996,디테일/Noun,70,50,20,0.0005779704345893076,0.00024434127812701304,0.7142857142857143
2723,2997,닥치고/Noun,70,49,21,0.0005668556185395131,0.0002554476998600591,0.7
2724,2998,위험하다/Adjective,70,22,48,0.000266755585195065,0.0005553210866523023,0.6857142857142857
2725,2999,멜로영화/Noun,70,46,24,0.00053351117039013,0.0002887669650591972,0.6571428571428571
2726,3000,오로지/Adverb,70,24,46,0.0002889852172946538,0.0005331082431862101,0.6571428571428571
2727,3001,스필버그/Noun,70,46,24,0.00053351117039013,0.0002887669650591972,0.6571428571428571
2728,3002,놀란/Noun,70,46,24,0.00053351117039013,0.0002887669650591972,0.6571428571428571
2729,3003,업/Noun,70,26,44,0.00031121484939424253,0.0005108953997201182,0.6285714285714286
2730,3004,남자배우/Noun,70,28,42,0.0003334444814938313,0.0004886825562540262,0.6
2731,3005,본능/Noun,70,41,29,0.0004779370901411582,0.00034429907372442745,0.5857142857142857
2732,3006,고등학생/Noun,70,40,30,0.0004668222740913638,0.0003554054954574735,0.5714285714285714
2733,3007,가르치다/Verb,70,39,31,0.00045570745804156943,0.00036651191719051963,0.5571428571428572
2734,3008,만큼이나/Josa,70,39,31,0.00045570745804156943,0.00036651191719051963,0.5571428571428572
2735,3009,아누/Noun,70,38,32,0.000444592641991775,0.0003776183389235656,0.5428571428571428
2736,3010,다해/Noun,70,32,38,0.00037790374569300877,0.0004442568693218419,0.5428571428571428
2737,3011,권상우/Noun,70,38,32,0.000444592641991775,0.0003776183389235656,0.5428571428571428
2738,3012,그치다/Verb,70,37,33,0.0004334778259419807,0.00038872476065661166,0.5285714285714286
2739,3013,가야/Noun,70,33,37,0.00038901856174280313,0.0004331504475887958,0.5285714285714286
2740,3014,실/Noun,70,37,33,0.0004334778259419807,0.00038872476065661166,0.5285714285714286
2741,3015,1등/Number,70,33,37,0.00038901856174280313,0.0004331504475887958,0.5285714285714286
2742,3018,수면제/Noun,69,3,66,5.5574080248971876e-05,0.0007552366778471312,0.9565217391304348
2743,3019,짬뽕/Noun,69,4,65,6.668889629876625e-05,0.0007441302561140852,0.9420289855072465
2744,3020,비호감/Noun,69,7,62,0.0001000333444481494,0.000710810990914947,0.8985507246376812
2745,3021,명연기/Noun,69,61,8,0.0007002334111370457,0.00011106421733046048,0.8840579710144928
2746,3022,꿀/Noun,69,61,8,0.0007002334111370457,0.00011106421733046048,0.8840579710144928
2747,3023,국어/Noun,69,9,60,0.00012226297654773814,0.0006885981474488549,0.8695652173913043
2748,3024,전문/Noun,69,13,56,0.00016672224074691566,0.0006441724605166707,0.8115942028985508
2749,3025,많아지다/Verb,69,55,14,0.0006335445148382794,0.00017770274772873674,0.7971014492753623
2750,3026,순수/Noun,69,54,15,0.0006224296987884852,0.0001888091694617828,0.7826086956521741
2751,3027,초월/Noun,69,53,16,0.0006113148827386907,0.00019991559119482882,0.7681159420289855
2752,3028,연관/Noun,69,16,53,0.0002000666888962988,0.0006108531953175326,0.7681159420289855
2753,3029,출연자/Noun,69,17,52,0.00021118150494609317,0.0005997467735844866,0.7536231884057971
2754,3030,저지르다/Verb,69,18,51,0.0002222963209958875,0.0005886403518514405,0.7391304347826086
2755,3031,혁명/Noun,69,50,19,0.0005779704345893076,0.000233234856393967,0.7246376811594203
2756,3032,하나님/Noun,69,48,21,0.0005557408024897189,0.0002554476998600591,0.6956521739130435
2757,3033,마찬가지/Noun,69,21,48,0.00025564076914527065,0.0005553210866523023,0.6956521739130435
2758,3034,스포츠/Noun,69,47,22,0.0005446259864399244,0.00026655412159310506,0.6811594202898551
2759,3035,가까이/Noun,69,47,22,0.0005446259864399244,0.00026655412159310506,0.6811594202898551
2760,3036,빌다/Verb,69,46,23,0.00053351117039013,0.00027766054332615115,0.6666666666666666
2761,3037,엽기/Noun,69,26,43,0.00031121484939424253,0.0004997889779870722,0.6231884057971014
2762,3038,계/Noun,69,26,43,0.00031121484939424253,0.0004997889779870722,0.6231884057971014
2763,3039,선수/Noun,69,42,27,0.0004890519061909527,0.00032208623025833537,0.6086956521739131
2764,3040,홀로/Noun,69,42,27,0.0004890519061909527,0.00032208623025833537,0.6086956521739131
2765,3041,애정/Noun,69,41,28,0.0004779370901411582,0.0003331926519913814,0.5942028985507246
2766,3042,정리/Noun,69,28,41,0.0003334444814938313,0.00047757613452098,0.5942028985507246
2767,3043,민족/Noun,69,40,29,0.0004668222740913638,0.00034429907372442745,0.5797101449275363
2768,3044,2000년/Number,69,29,40,0.0003445592975436257,0.000466469712787934,0.5797101449275363
2769,3045,뎀/Noun,69,38,31,0.000444592641991775,0.00036651191719051963,0.5507246376811594
2770,3046,부터는/Josa,69,32,37,0.00037790374569300877,0.0004331504475887958,0.5362318840579711
2771,3047,무어/Noun,69,32,37,0.00037790374569300877,0.0004331504475887958,0.5362318840579711
2772,3048,밀/Noun,69,37,32,0.0004334778259419807,0.0003776183389235656,0.5362318840579711
2773,3049,잃어버리다/Verb,69,32,37,0.00037790374569300877,0.0004331504475887958,0.5362318840579711
2774,3050,교회/Noun,69,36,33,0.00042236300989218633,0.00038872476065661166,0.5217391304347826
2775,3051,가능성/Noun,69,36,33,0.00042236300989218633,0.00038872476065661166,0.5217391304347826
2776,3052,~~^^/Punctuation,68,65,3,0.0007446926753362233,5.553210866523024e-05,0.9558823529411764
2777,3053,유아/Noun,68,8,60,0.00011114816049794375,0.0006885981474488549,0.8823529411764706
2778,3054,게스트/Noun,68,10,58,0.0001333777925975325,0.0006663853039827628,0.8529411764705882
2779,3055,대박나다/Verb,68,58,10,0.0006668889629876625,0.00013327706079655256,0.8529411764705882
2780,3056,알파/Noun,68,56,12,0.0006446593308880737,0.00015548990426264466,0.8235294117647058
2781,3057,세대/Noun,68,54,14,0.0006224296987884852,0.00017770274772873674,0.7941176470588235
2782,3058,즐거움/Noun,68,53,15,0.0006113148827386907,0.0001888091694617828,0.7794117647058824
2783,3059,고문/Noun,68,15,53,0.00018895187284650438,0.0006108531953175326,0.7794117647058824
2784,3060,연습/Noun,68,16,52,0.0002000666888962988,0.0005997467735844866,0.7647058823529411
2785,3061,40분/Number,68,16,52,0.0002000666888962988,0.0005997467735844866,0.7647058823529411
2786,3062,숨막히다/Adjective,68,52,16,0.0006002000666888963,0.00019991559119482882,0.7647058823529411
2787,3063,무식하다/Adjective,68,17,51,0.00021118150494609317,0.0005886403518514405,0.75
2788,3064,떡/Noun,68,19,49,0.0002334111370456819,0.0005664275083853486,0.7205882352941176
2789,3065,농담/Noun,68,19,49,0.0002334111370456819,0.0005664275083853486,0.7205882352941176
2790,3066,미스테리/Noun,68,19,49,0.0002334111370456819,0.0005664275083853486,0.7205882352941176
2791,3067,로빈/Noun,68,48,20,0.0005557408024897189,0.00024434127812701304,0.7058823529411765
2792,3068,미학/Noun,68,48,20,0.0005557408024897189,0.00024434127812701304,0.7058823529411765
2793,3069,뺏다/Verb,68,20,48,0.00024452595309547634,0.0005553210866523023,0.7058823529411765
2794,3070,쏟다/Verb,68,46,22,0.00053351117039013,0.00026655412159310506,0.6764705882352942
2795,3071,타란티노/Noun,68,45,23,0.0005223963543403357,0.00027766054332615115,0.6617647058823529
2796,3072,반영/Noun,68,44,24,0.0005112815382905413,0.0002887669650591972,0.6470588235294118
2797,3073,자세하다/Adjective,68,44,24,0.0005112815382905413,0.0002887669650591972,0.6470588235294118
2798,3074,세트/Noun,68,25,43,0.00030010003334444816,0.0004997889779870722,0.6323529411764706
2799,3075,위주/Noun,68,25,43,0.00030010003334444816,0.0004997889779870722,0.6323529411764706
2800,3076,다른사람/Noun,68,25,43,0.00030010003334444816,0.0004997889779870722,0.6323529411764706
2801,3077,쭉/Noun,68,43,25,0.0005001667222407468,0.0002998733867922433,0.6323529411764706
2802,3078,스텝/Noun,68,28,40,0.0003334444814938313,0.000466469712787934,0.5882352941176471
2803,3079,상이/Noun,68,40,28,0.0004668222740913638,0.0003331926519913814,0.5882352941176471
2804,3080,소개/Noun,68,30,38,0.00035567411359342004,0.0004442568693218419,0.5588235294117647
2805,3081,?../Punctuation,68,30,38,0.00035567411359342004,0.0004442568693218419,0.5588235294117647
2806,3082,춤추다/Verb,68,36,32,0.00042236300989218633,0.0003776183389235656,0.5294117647058824
2807,3087,굿굿굿/Noun,67,67,0,0.0007669223074358119,2.2212843466092093e-05,1.0
2808,3088,부자연스럽다/Adjective,67,8,59,0.00011114816049794375,0.0006774917257158089,0.8805970149253731
2809,3089,~~!!/Punctuation,67,55,12,0.0006335445148382794,0.00015548990426264466,0.8208955223880597
2810,3090,강간/Noun,67,12,55,0.00015560742469712126,0.0006330660387836247,0.8208955223880597
2811,3091,뭣/Noun,67,15,52,0.00018895187284650438,0.0005997467735844866,0.7761194029850746
2812,3092,한동안/Adverb,67,51,16,0.000589085250639102,0.00019991559119482882,0.7611940298507462
2813,3093,까지만/Josa,67,16,51,0.0002000666888962988,0.0005886403518514405,0.7611940298507462
2814,3094,간지/Noun,67,50,17,0.0005779704345893076,0.0002110220129278749,0.746268656716418
2815,3095,외국인/Noun,67,18,49,0.0002222963209958875,0.0005664275083853486,0.7313432835820896
2816,3096,ㅈㄴ/KoreanParticle,67,18,49,0.0002222963209958875,0.0005664275083853486,0.7313432835820896
2817,3097,s/Alpha,67,47,20,0.0005446259864399244,0.00024434127812701304,0.7014925373134329
2818,3098,마저도/Josa,67,21,46,0.00025564076914527065,0.0005331082431862101,0.6865671641791045
2819,3099,칭찬/Noun,67,22,45,0.000266755585195065,0.0005220018214531642,0.6716417910447762
2820,3100,리도/Noun,67,22,45,0.000266755585195065,0.0005220018214531642,0.6716417910447762
2821,3101,유치원/Noun,67,22,45,0.000266755585195065,0.0005220018214531642,0.6716417910447762
2822,3102,권력/Noun,67,44,23,0.0005112815382905413,0.00027766054332615115,0.6567164179104478
2823,3103,데이빗/Noun,67,43,24,0.0005001667222407468,0.0002887669650591972,0.6417910447761194
2824,3104,원/Suffix,67,25,42,0.00030010003334444816,0.0004886825562540262,0.6268656716417911
2825,3105,능가/Noun,67,42,25,0.0004890519061909527,0.0002998733867922433,0.6268656716417911
2826,3106,우린/Noun,67,42,25,0.0004890519061909527,0.0002998733867922433,0.6268656716417911
2827,3107,데이/Noun,67,42,25,0.0004890519061909527,0.0002998733867922433,0.6268656716417911
2828,3108,문/Noun,67,26,41,0.00031121484939424253,0.00047757613452098,0.6119402985074627
2829,3109,나로/Noun,67,26,41,0.00031121484939424253,0.00047757613452098,0.6119402985074627
2830,3110,지식/Noun,67,40,27,0.0004668222740913638,0.00032208623025833537,0.5970149253731343
2831,3111,베일/Noun,67,38,29,0.000444592641991775,0.00034429907372442745,0.5671641791044776
2832,3112,박보영/Noun,67,36,31,0.00042236300989218633,0.00036651191719051963,0.5373134328358209
2833,3113,쯤/Noun,67,35,32,0.0004112481938423919,0.0003776183389235656,0.5223880597014925
2834,3114,성과/Noun,67,35,32,0.0004112481938423919,0.0003776183389235656,0.5223880597014925
2835,3115,떨어뜨리다/Verb,66,4,62,6.668889629876625e-05,0.000710810990914947,0.9393939393939394
2836,3116,칠하다/Adjective,66,8,58,0.00011114816049794375,0.0006663853039827628,0.8787878787878788
2837,3117,영구/Noun,66,10,56,0.0001333777925975325,0.0006441724605166707,0.8484848484848485
2838,3118,디카프리오/Noun,66,56,10,0.0006446593308880737,0.00013327706079655256,0.8484848484848485
2839,3119,콩/Noun,66,10,56,0.0001333777925975325,0.0006441724605166707,0.8484848484848485
2840,3120,화중/Noun,66,54,12,0.0006224296987884852,0.00015548990426264466,0.8181818181818182
2841,3121,한석규/Noun,66,54,12,0.0006224296987884852,0.00015548990426264466,0.8181818181818182
2842,3122,외롭다/Adjective,66,49,17,0.0005668556185395131,0.0002110220129278749,0.7424242424242424
2843,3123,머릿속/Noun,66,47,19,0.0005446259864399244,0.000233234856393967,0.7121212121212122
2844,3124,상징/Noun,66,45,21,0.0005223963543403357,0.0002554476998600591,0.6818181818181818
2845,3125,커서/Noun,66,44,22,0.0005112815382905413,0.00026655412159310506,0.6666666666666666
2846,3126,이따/Noun,66,23,43,0.00027787040124485944,0.0004997889779870722,0.6515151515151515
2847,3127,억울하다/Adjective,66,23,43,0.00027787040124485944,0.0004997889779870722,0.6515151515151515
2848,3128,견디다/Verb,66,24,42,0.0002889852172946538,0.0004886825562540262,0.6363636363636364
2849,3129,포함/Noun,66,24,42,0.0002889852172946538,0.0004886825562540262,0.6363636363636364
2850,3130,강아지/Noun,66,41,25,0.0004779370901411582,0.0002998733867922433,0.6212121212121212
2851,3131,호불호/Noun,66,41,25,0.0004779370901411582,0.0002998733867922433,0.6212121212121212
2852,3132,드네/Noun,66,39,27,0.00045570745804156943,0.00032208623025833537,0.5909090909090909
2853,3133,장애인/Noun,66,38,28,0.000444592641991775,0.0003331926519913814,0.5757575757575758
2854,3134,반응/Noun,66,28,38,0.0003334444814938313,0.0004442568693218419,0.5757575757575758
2855,3135,부산/Noun,66,38,28,0.000444592641991775,0.0003331926519913814,0.5757575757575758
2856,3136,너희/Noun,66,29,37,0.0003445592975436257,0.0004331504475887958,0.5606060606060606
2857,3137,당장/Noun,66,36,30,0.00042236300989218633,0.0003554054954574735,0.5454545454545454
2858,3138,옳다/Adjective,66,30,36,0.00035567411359342004,0.0004220440258557498,0.5454545454545454
2859,3139,해봤다/Verb,66,35,31,0.0004112481938423919,0.00036651191719051963,0.5303030303030303
2860,3140,니콜라스/Noun,66,31,35,0.00036678892964321435,0.0004109376041227037,0.5303030303030303
2861,3142,빠순이/Noun,65,5,60,7.780371234856063e-05,0.0006885981474488549,0.9230769230769232
2862,3143,적당/Noun,65,9,56,0.00012226297654773814,0.0006441724605166707,0.8615384615384616
2863,3144,아우/Noun,65,10,55,0.0001333777925975325,0.0006330660387836247,0.8461538461538461
2864,3145,다시금/Noun,65,54,11,0.0006224296987884852,0.0001443834825295986,0.8307692307692308
2865,3146,마누라/Noun,65,12,53,0.00015560742469712126,0.0006108531953175326,0.8153846153846154
2866,3147,미스캐스팅/Noun,65,12,53,0.00015560742469712126,0.0006108531953175326,0.8153846153846154
2867,3148,올려주다/Verb,65,51,14,0.000589085250639102,0.00017770274772873674,0.7846153846153846
2868,3149,시체/Noun,65,16,49,0.0002000666888962988,0.0005664275083853486,0.7538461538461538
2869,3150,죄송하다/Adjective,65,17,48,0.00021118150494609317,0.0005553210866523023,0.7384615384615385
2870,3151,거임/Noun,65,18,47,0.0002222963209958875,0.0005442146649192564,0.7230769230769231
2871,3152,마다/Noun,65,45,20,0.0005223963543403357,0.00024434127812701304,0.6923076923076923
2872,3153,안쓰럽다/Adjective,65,22,43,0.000266755585195065,0.0004997889779870722,0.6615384615384615
2873,3154,차승원/Noun,65,43,22,0.0005001667222407468,0.00026655412159310506,0.6615384615384615
2874,3155,백인/Noun,65,22,43,0.000266755585195065,0.0004997889779870722,0.6615384615384615
2875,3156,도와주다/Verb,65,23,42,0.00027787040124485944,0.0004886825562540262,0.6461538461538462
2876,3157,구만/Noun,65,23,42,0.00027787040124485944,0.0004886825562540262,0.6461538461538462
2877,3158,.........../Punctuation,65,24,41,0.0002889852172946538,0.00047757613452098,0.6307692307692307
2878,3159,인식/Noun,65,26,39,0.00031121484939424253,0.000455363291054888,0.6
2879,3160,어쨌든/Noun,65,38,27,0.000444592641991775,0.00032208623025833537,0.5846153846153846
2880,3161,동감/Noun,65,27,38,0.00032232966544403684,0.0004442568693218419,0.5846153846153846
2881,3162,일부/Noun,65,29,36,0.0003445592975436257,0.0004220440258557498,0.5538461538461539
2882,3163,어차피/Noun,65,29,36,0.0003445592975436257,0.0004220440258557498,0.5538461538461539
2883,3164,공주/Noun,65,36,29,0.00042236300989218633,0.00034429907372442745,0.5538461538461539
2884,3165,이드/Noun,65,35,30,0.0004112481938423919,0.0003554054954574735,0.5384615384615384
2885,3168,역작/Noun,64,59,5,0.0006780037790374569,7.774495213132233e-05,0.921875
2886,3169,싱겁다/Adjective,64,7,57,0.0001000333444481494,0.0006552788822497168,0.890625
2887,3170,치노/Noun,64,53,11,0.0006113148827386907,0.0001443834825295986,0.828125
2888,3171,잘나가다/Verb,64,11,53,0.0001444926086473269,0.0006108531953175326,0.828125
2889,3172,뒤늦다/Adjective,64,52,12,0.0006002000666888963,0.00015548990426264466,0.8125
2890,3173,납득/Noun,64,12,52,0.00015560742469712126,0.0005997467735844866,0.8125
2891,3174,조차/Noun,64,13,51,0.00016672224074691566,0.0005886403518514405,0.796875
2892,3175,사람과/Noun,64,51,13,0.000589085250639102,0.0001665963259956907,0.796875
2893,3176,클래식/Noun,64,50,14,0.0005779704345893076,0.00017770274772873674,0.78125
2894,3177,...!/Punctuation,64,48,16,0.0005557408024897189,0.00019991559119482882,0.75
2895,3178,재방/Noun,64,48,16,0.0005557408024897189,0.00019991559119482882,0.75
2896,3179,우드/Noun,64,48,16,0.0005557408024897189,0.00019991559119482882,0.75
2897,3180,두렵다/Adjective,64,48,16,0.0005557408024897189,0.00019991559119482882,0.75
2898,3181,떨리다/Verb,64,47,17,0.0005446259864399244,0.0002110220129278749,0.734375
2899,3182,차리다/Verb,64,17,47,0.00021118150494609317,0.0005442146649192564,0.734375
2900,3183,!!!!!!/Punctuation,64,47,17,0.0005446259864399244,0.0002110220129278749,0.734375
2901,3184,찍/Noun,64,18,46,0.0002222963209958875,0.0005331082431862101,0.71875
2902,3185,신화/Noun,64,46,18,0.00053351117039013,0.00022212843466092096,0.71875
2903,3186,난후/Noun,64,44,20,0.0005112815382905413,0.00024434127812701304,0.6875
2904,3187,발랄하다/Adjective,64,44,20,0.0005112815382905413,0.00024434127812701304,0.6875
2905,3188,스펙/Noun,64,43,21,0.0005001667222407468,0.0002554476998600591,0.671875
2906,3189,인걸/Josa,64,22,42,0.000266755585195065,0.0004886825562540262,0.65625
2907,3190,세계관/Noun,64,22,42,0.000266755585195065,0.0004886825562540262,0.65625
2908,3191,찌르다/Verb,64,22,42,0.000266755585195065,0.0004886825562540262,0.65625
2909,3192,화질/Noun,64,23,41,0.00027787040124485944,0.00047757613452098,0.640625
2910,3193,설/Noun,64,24,40,0.0002889852172946538,0.000466469712787934,0.625
2911,3194,화하다/Adjective,64,27,37,0.00032232966544403684,0.0004331504475887958,0.578125
2912,3195,추격/Noun,64,36,28,0.00042236300989218633,0.0003331926519913814,0.5625
2913,3196,리암/Noun,64,36,28,0.00042236300989218633,0.0003331926519913814,0.5625
2914,3197,도르다/Verb,64,29,35,0.0003445592975436257,0.0004109376041227037,0.546875
2915,3198,각/Noun,64,34,30,0.0004001333777925976,0.0003554054954574735,0.53125
2916,3199,구조/Noun,64,30,34,0.00035567411359342004,0.00039983118238965764,0.53125
2917,3200,열다/Verb,64,34,30,0.0004001333777925976,0.0003554054954574735,0.53125
2918,3201,한지/Noun,64,30,34,0.00035567411359342004,0.00039983118238965764,0.53125
2919,3204,4.44/Number,63,9,54,0.00012226297654773814,0.0006219596170505788,0.8571428571428571
2920,3205,-_-;;/Punctuation,63,9,54,0.00012226297654773814,0.0006219596170505788,0.8571428571428571
2921,3206,재앙/Noun,63,10,53,0.0001333777925975325,0.0006108531953175326,0.8412698412698413
2922,3207,해지/Noun,63,51,12,0.000589085250639102,0.00015548990426264466,0.8095238095238095
2923,3208,다치다/Verb,63,16,47,0.0002000666888962988,0.0005442146649192564,0.7460317460317459
2924,3209,허무/Noun,63,16,47,0.0002000666888962988,0.0005442146649192564,0.7460317460317459
2925,3210,앙/Adverb,63,45,18,0.0005223963543403357,0.00022212843466092096,0.7142857142857143
2926,3211,승부/Noun,63,18,45,0.0002222963209958875,0.0005220018214531642,0.7142857142857143
2927,3212,김희선/Noun,63,20,43,0.00024452595309547634,0.0004997889779870722,0.6825396825396826
2928,3213,벌어지다/Verb,63,42,21,0.0004890519061909527,0.0002554476998600591,0.6666666666666666
2929,3214,첨으로/Adverb,63,22,41,0.000266755585195065,0.00047757613452098,0.6507936507936508
2930,3215,만화가/Noun,63,22,41,0.000266755585195065,0.00047757613452098,0.6507936507936508
2931,3216,작화/Noun,63,40,23,0.0004668222740913638,0.00027766054332615115,0.6349206349206349
2932,3217,거듭/Noun,63,40,23,0.0004668222740913638,0.00027766054332615115,0.6349206349206349
2933,3218,메이/Noun,63,40,23,0.0004668222740913638,0.00027766054332615115,0.6349206349206349
2934,3219,오직/Noun,63,24,39,0.0002889852172946538,0.000455363291054888,0.6190476190476191
2935,3220,강동원/Noun,63,39,24,0.00045570745804156943,0.0002887669650591972,0.6190476190476191
2936,3221,장진/Noun,63,26,37,0.00031121484939424253,0.0004331504475887958,0.5873015873015873
2937,3222,비쥬/Noun,63,26,37,0.00031121484939424253,0.0004331504475887958,0.5873015873015873
2938,3223,3시간/Number,63,36,27,0.00042236300989218633,0.00032208623025833537,0.5714285714285714
2939,3224,섬/Noun,63,36,27,0.00042236300989218633,0.00032208623025833537,0.5714285714285714
2940,3225,깜놀/Noun,63,36,27,0.00042236300989218633,0.00032208623025833537,0.5714285714285714
2941,3226,주가/Noun,63,28,35,0.0003334444814938313,0.0004109376041227037,0.5555555555555556
2942,3227,슈퍼맨/Noun,63,28,35,0.0003334444814938313,0.0004109376041227037,0.5555555555555556
2943,3228,열자/Noun,63,28,35,0.0003334444814938313,0.0004109376041227037,0.5555555555555556
2944,3229,오해/Noun,63,34,29,0.0004001333777925976,0.00034429907372442745,0.5396825396825397
2945,3231,bb/Alpha,62,59,3,0.0006780037790374569,5.553210866523024e-05,0.9516129032258064
2946,3232,에로물/Noun,62,6,56,8.891852839835501e-05,0.0006441724605166707,0.9032258064516128
2947,3233,살때/Noun,62,54,8,0.0006224296987884852,0.00011106421733046048,0.8709677419354839
2948,3234,알바생/Noun,62,8,54,0.00011114816049794375,0.0006219596170505788,0.8709677419354839
2949,3235,벅차다/Adjective,62,53,9,0.0006113148827386907,0.00012217063906350652,0.8548387096774194
2950,3236,로운/Josa,62,51,11,0.000589085250639102,0.0001443834825295986,0.8225806451612904
2951,3237,^-^/Punctuation,62,50,12,0.0005779704345893076,0.00015548990426264466,0.8064516129032258
2952,3238,꼽/Noun,62,49,13,0.0005668556185395131,0.0001665963259956907,0.7903225806451613
2953,3239,관대하다/Adjective,62,14,48,0.00017783705679671002,0.0005553210866523023,0.7741935483870968
2954,3240,뿌리다/Verb,62,14,48,0.00017783705679671002,0.0005553210866523023,0.7741935483870968
2955,3241,페이크/Noun,62,14,48,0.00017783705679671002,0.0005553210866523023,0.7741935483870968
2956,3242,망치/Noun,62,16,46,0.0002000666888962988,0.0005331082431862101,0.7419354838709677
2957,3243,올레/Noun,62,16,46,0.0002000666888962988,0.0005331082431862101,0.7419354838709677
2958,3244,강요/Noun,62,16,46,0.0002000666888962988,0.0005331082431862101,0.7419354838709677
2959,3245,밀다/Verb,62,17,45,0.00021118150494609317,0.0005220018214531642,0.7258064516129032
2960,3246,다섯/Determiner,62,45,17,0.0005223963543403357,0.0002110220129278749,0.7258064516129032
2961,3247,짜내다/Verb,62,18,44,0.0002222963209958875,0.0005108953997201182,0.7096774193548387
2962,3248,가짜/Noun,62,19,43,0.0002334111370456819,0.0004997889779870722,0.6935483870967742
2963,3249,소품/Noun,62,20,42,0.00024452595309547634,0.0004886825562540262,0.6774193548387096
2964,3250,아담/Noun,62,42,20,0.0004890519061909527,0.00024434127812701304,0.6774193548387096
2965,3251,다녀오다/Verb,62,42,20,0.0004890519061909527,0.00024434127812701304,0.6774193548387096
2966,3252,만난/Noun,62,41,21,0.0004779370901411582,0.0002554476998600591,0.6612903225806451
2967,3253,원조/Noun,62,41,21,0.0004779370901411582,0.0002554476998600591,0.6612903225806451
2968,3254,구석/Noun,62,21,41,0.00025564076914527065,0.00047757613452098,0.6612903225806451
2969,3255,드러내다/Verb,62,40,22,0.0004668222740913638,0.00026655412159310506,0.6451612903225806
2970,3256,섬뜩하다/Adjective,62,39,23,0.00045570745804156943,0.00027766054332615115,0.6290322580645161
2971,3257,흑백/Noun,62,38,24,0.000444592641991775,0.0002887669650591972,0.6129032258064516
2972,3258,가라/Noun,62,24,38,0.0002889852172946538,0.0004442568693218419,0.6129032258064516
2973,3259,행/Noun,62,38,24,0.000444592641991775,0.0002887669650591972,0.6129032258064516
2974,3260,철저하다/Adjective,62,24,38,0.0002889852172946538,0.0004442568693218419,0.6129032258064516
2975,3261,지지/Noun,62,24,38,0.0002889852172946538,0.0004442568693218419,0.6129032258064516
2976,3262,곤/Noun,62,25,37,0.00030010003334444816,0.0004331504475887958,0.5967741935483871
2977,3263,파워/Noun,62,26,36,0.00031121484939424253,0.0004220440258557498,0.5806451612903226
2978,3264,대에/Foreign,62,26,36,0.00031121484939424253,0.0004220440258557498,0.5806451612903226
2979,3265,옥/Noun,62,36,26,0.00042236300989218633,0.00031097980852528933,0.5806451612903226
2980,3266,외면/Noun,62,35,27,0.0004112481938423919,0.00032208623025833537,0.5645161290322581
2981,3267,갓/Noun,62,28,34,0.0003334444814938313,0.00039983118238965764,0.5483870967741935
2982,3268,최민수/Noun,62,33,29,0.00038901856174280313,0.00034429907372442745,0.532258064516129
2983,3273,두고두고/Noun,61,55,6,0.0006335445148382794,8.885137386436837e-05,0.9016393442622952
2984,3274,짱짱맨/Noun,61,52,9,0.0006002000666888963,0.00012217063906350652,0.8524590163934426
2985,3275,관리/Noun,61,11,50,0.0001444926086473269,0.0005775339301183945,0.819672131147541
2986,3276,창피하다/Adjective,61,12,49,0.00015560742469712126,0.0005664275083853486,0.8032786885245902
2987,3277,과도/Noun,61,15,46,0.00018895187284650438,0.0005331082431862101,0.7540983606557377
2988,3278,싸하다/Adjective,61,15,46,0.00018895187284650438,0.0005331082431862101,0.7540983606557377
2989,3279,남친/Noun,61,16,45,0.0002000666888962988,0.0005220018214531642,0.7377049180327869
2990,3280,공연/Noun,61,45,16,0.0005223963543403357,0.00019991559119482882,0.7377049180327869
2991,3281,떠들다/Verb,61,17,44,0.00021118150494609317,0.0005108953997201182,0.7213114754098361
2992,3282,방황/Noun,61,43,18,0.0005001667222407468,0.00022212843466092096,0.7049180327868853
2993,3283,덩어리/Noun,61,18,43,0.0002222963209958875,0.0004997889779870722,0.7049180327868853
2994,3284,태국/Noun,61,18,43,0.0002222963209958875,0.0004997889779870722,0.7049180327868853
2995,3285,밝혀지다/Verb,61,19,42,0.0002334111370456819,0.0004886825562540262,0.6885245901639344
2996,3286,톤/Noun,61,20,41,0.00024452595309547634,0.00047757613452098,0.6721311475409836
2997,3287,타인/Noun,61,41,20,0.0004779370901411582,0.00024434127812701304,0.6721311475409836
2998,3288,음향/Noun,61,20,41,0.00024452595309547634,0.00047757613452098,0.6721311475409836
2999,3289,볼라/Noun,61,21,40,0.00025564076914527065,0.000466469712787934,0.6557377049180327
3000,3290,지내다/Verb,61,40,21,0.0004668222740913638,0.0002554476998600591,0.6557377049180327
3001,3291,택시/Noun,61,23,38,0.00027787040124485944,0.0004442568693218419,0.6229508196721312
3002,3292,특집/Noun,61,23,38,0.00027787040124485944,0.0004442568693218419,0.6229508196721312
3003,3293,여지/Noun,61,37,24,0.0004334778259419807,0.0002887669650591972,0.6065573770491803
3004,3294,층/Noun,61,25,36,0.00030010003334444816,0.0004220440258557498,0.5901639344262295
3005,3295,띄다/Verb,61,25,36,0.00030010003334444816,0.0004220440258557498,0.5901639344262295
3006,3296,엄정화/Noun,61,36,25,0.00042236300989218633,0.0002998733867922433,0.5901639344262295
3007,3297,포드/Noun,61,35,26,0.0004112481938423919,0.00031097980852528933,0.5737704918032787
3008,3298,밝히다/Verb,61,26,35,0.00031121484939424253,0.0004109376041227037,0.5737704918032787
3009,3299,해오다/Verb,61,34,27,0.0004001333777925976,0.00032208623025833537,0.5573770491803278
3010,3300,언어/Noun,61,34,27,0.0004001333777925976,0.00032208623025833537,0.5573770491803278
3011,3301,킬러/Noun,61,27,34,0.00032232966544403684,0.00039983118238965764,0.5573770491803278
3012,3302,정선/Noun,61,33,28,0.00038901856174280313,0.0003331926519913814,0.5409836065573771
3013,3303,찬란하다/Adjective,61,29,32,0.0003445592975436257,0.0003776183389235656,0.5245901639344263
3014,3304,복선/Noun,61,29,32,0.0003445592975436257,0.0003776183389235656,0.5245901639344263
3015,3305,종/Noun,61,29,32,0.0003445592975436257,0.0003776183389235656,0.5245901639344263
3016,3307,OOOO/Alpha,60,2,58,4.445926419917751e-05,0.0006663853039827628,0.9666666666666668
3017,3308,쯧쯧/Noun,60,3,57,5.5574080248971876e-05,0.0006552788822497168,0.95
3018,3309,모욕/Noun,60,4,56,6.668889629876625e-05,0.0006441724605166707,0.9333333333333332
3019,3310,홧팅/Noun,60,56,4,0.0006446593308880737,6.663853039827628e-05,0.9333333333333332
3020,3311,심사/Noun,60,5,55,7.780371234856063e-05,0.0006330660387836247,0.9166666666666666
3021,3312,울림/Noun,60,55,5,0.0006335445148382794,7.774495213132233e-05,0.9166666666666666
3022,3313,고독/Noun,60,51,9,0.000589085250639102,0.00012217063906350652,0.85
3023,3314,깨달음/Noun,60,49,11,0.0005668556185395131,0.0001443834825295986,0.8166666666666667
3024,3315,어째/Noun,60,12,48,0.00015560742469712126,0.0005553210866523023,0.8
3025,3316,상큼/Noun,60,48,12,0.0005557408024897189,0.00015548990426264466,0.8
3026,3317,..!!/Punctuation,60,47,13,0.0005446259864399244,0.0001665963259956907,0.7833333333333333
3027,3318,젊은이/Noun,60,47,13,0.0005446259864399244,0.0001665963259956907,0.7833333333333333
3028,3319,자랑/Noun,60,14,46,0.00017783705679671002,0.0005331082431862101,0.7666666666666667
3029,3320,맙시/Noun,60,15,45,0.00018895187284650438,0.0005220018214531642,0.75
3030,3321,짙다/Adjective,60,44,16,0.0005112815382905413,0.00019991559119482882,0.7333333333333333
3031,3322,ㅂ/KoreanParticle,60,18,42,0.0002222963209958875,0.0004886825562540262,0.7
3032,3323,사과/Noun,60,18,42,0.0002222963209958875,0.0004886825562540262,0.7
3033,3324,떄/Noun,60,41,19,0.0004779370901411582,0.000233234856393967,0.6833333333333333
3034,3325,신비/Noun,60,41,19,0.0004779370901411582,0.000233234856393967,0.6833333333333333
3035,3326,백배/Noun,60,40,20,0.0004668222740913638,0.00024434127812701304,0.6666666666666666
3036,3327,다이하드/Noun,60,21,39,0.00025564076914527065,0.000455363291054888,0.65
3037,3328,에바/Noun,60,22,38,0.000266755585195065,0.0004442568693218419,0.6333333333333333
3038,3329,유익하다/Adjective,60,37,23,0.0004334778259419807,0.00027766054332615115,0.6166666666666667
3039,3330,애니매이션/Noun,60,37,23,0.0004334778259419807,0.00027766054332615115,0.6166666666666667
3040,3331,김혜수/Noun,60,36,24,0.00042236300989218633,0.0002887669650591972,0.6
3041,3332,덮다/Verb,60,24,36,0.0002889852172946538,0.0004220440258557498,0.6
3042,3333,슨/Noun,60,36,24,0.00042236300989218633,0.0002887669650591972,0.6
3043,3334,박하다/Adjective,60,35,25,0.0004112481938423919,0.0002998733867922433,0.5833333333333334
3044,3335,넹/Noun,60,25,35,0.00030010003334444816,0.0004109376041227037,0.5833333333333334
3045,3336,무간도/Noun,60,25,35,0.00030010003334444816,0.0004109376041227037,0.5833333333333334
3046,3337,조선/Noun,60,25,35,0.00030010003334444816,0.0004109376041227037,0.5833333333333334
3047,3338,주위/Noun,60,34,26,0.0004001333777925976,0.00031097980852528933,0.5666666666666667
3048,3339,인권/Noun,60,34,26,0.0004001333777925976,0.00031097980852528933,0.5666666666666667
3049,3340,집다/Verb,60,26,34,0.00031121484939424253,0.00039983118238965764,0.5666666666666667
3050,3341,도둑/Noun,60,27,33,0.00032232966544403684,0.00038872476065661166,0.55
3051,3342,자본/Noun,60,28,32,0.0003334444814938313,0.0003776183389235656,0.5333333333333333
3052,3343,혹/Noun,60,28,32,0.0003334444814938313,0.0003776183389235656,0.5333333333333333
3053,3344,차별/Noun,60,32,28,0.00037790374569300877,0.0003331926519913814,0.5333333333333333
3054,3345,침/Noun,60,28,32,0.0003334444814938313,0.0003776183389235656,0.5333333333333333
3055,3350,볼일/Noun,59,3,56,5.5574080248971876e-05,0.0006441724605166707,0.9491525423728814
3056,3351,미달/Noun,59,4,55,6.668889629876625e-05,0.0006330660387836247,0.9322033898305084
3057,3352,거북하다/Adjective,59,5,54,7.780371234856063e-05,0.0006219596170505788,0.9152542372881356
3058,3353,군더더기/Noun,59,54,5,0.0006224296987884852,7.774495213132233e-05,0.9152542372881356
3059,3354,bad/Alpha,59,5,54,7.780371234856063e-05,0.0006219596170505788,0.9152542372881356
3060,3355,모독/Noun,59,7,52,0.0001000333444481494,0.0005997467735844866,0.8813559322033898
3061,3356,폼/Noun,59,11,48,0.0001444926086473269,0.0005553210866523023,0.8135593220338984
3062,3357,먹기/Noun,59,11,48,0.0001444926086473269,0.0005553210866523023,0.8135593220338984
3063,3358,천사/Noun,59,48,11,0.0005557408024897189,0.0001443834825295986,0.8135593220338984
3064,3359,부담/Noun,59,46,13,0.00053351117039013,0.0001665963259956907,0.7796610169491526
3065,3360,엔딩크레딧/Noun,59,46,13,0.00053351117039013,0.0001665963259956907,0.7796610169491526
3066,3361,누님/Noun,59,45,14,0.0005223963543403357,0.00017770274772873674,0.7627118644067796
3067,3362,칠/Noun,59,14,45,0.00017783705679671002,0.0005220018214531642,0.7627118644067796
3068,3363,짓/VerbPrefix,59,15,44,0.00018895187284650438,0.0005108953997201182,0.7457627118644068
3069,3364,반감/Noun,59,15,44,0.00018895187284650438,0.0005108953997201182,0.7457627118644068
3070,3365,성형/Noun,59,16,43,0.0002000666888962988,0.0004997889779870722,0.7288135593220338
3071,3366,뉴스/Noun,59,17,42,0.00021118150494609317,0.0004886825562540262,0.7118644067796609
3072,3367,떡밥/Noun,59,18,41,0.0002222963209958875,0.00047757613452098,0.6949152542372882
3073,3368,인연/Noun,59,40,19,0.0004668222740913638,0.000233234856393967,0.6779661016949152
3074,3369,고작/Noun,59,19,40,0.0002334111370456819,0.000466469712787934,0.6779661016949152
3075,3370,눈치/Noun,59,19,40,0.0002334111370456819,0.000466469712787934,0.6779661016949152
3076,3371,찾아오다/Verb,59,38,21,0.000444592641991775,0.0002554476998600591,0.6440677966101694
3077,3372,토니/Noun,59,37,22,0.0004334778259419807,0.00026655412159310506,0.6271186440677966
3078,3373,스콧/Noun,59,37,22,0.0004334778259419807,0.00026655412159310506,0.6271186440677966
3079,3374,테이큰/Noun,59,36,23,0.00042236300989218633,0.00027766054332615115,0.6101694915254238
3080,3375,리기/Noun,59,36,23,0.00042236300989218633,0.00027766054332615115,0.6101694915254238
3081,3376,밖에는/Josa,59,24,35,0.0002889852172946538,0.0004109376041227037,0.5932203389830508
3082,3377,스파이더맨/Noun,59,35,24,0.0004112481938423919,0.0002887669650591972,0.5932203389830508
3083,3378,나루토/Noun,59,35,24,0.0004112481938423919,0.0002887669650591972,0.5932203389830508
3084,3379,그려지다/Verb,59,35,24,0.0004112481938423919,0.0002887669650591972,0.5932203389830508
3085,3380,아이유/Noun,59,34,25,0.0004001333777925976,0.0002998733867922433,0.576271186440678
3086,3381,뒤지다/Verb,59,25,34,0.00030010003334444816,0.00039983118238965764,0.576271186440678
3087,3382,박평/Noun,59,34,25,0.0004001333777925976,0.0002998733867922433,0.576271186440678
3088,3383,기사/Noun,59,25,34,0.00030010003334444816,0.00039983118238965764,0.576271186440678
3089,3384,버스/Noun,59,33,26,0.00038901856174280313,0.00031097980852528933,0.559322033898305
3090,3385,흔들리다/Verb,59,26,33,0.00031121484939424253,0.00038872476065661166,0.559322033898305
3091,3386,불가능하다/Adjective,59,26,33,0.00031121484939424253,0.00038872476065661166,0.559322033898305
3092,3387,쓰이다/Verb,59,27,32,0.00032232966544403684,0.0003776183389235656,0.5423728813559322
3093,3388,징/Noun,59,27,32,0.00032232966544403684,0.0003776183389235656,0.5423728813559322
3094,3389,클라스/Noun,59,32,27,0.00037790374569300877,0.00032208623025833537,0.5423728813559322
3095,3390,던/Noun,59,27,32,0.00032232966544403684,0.0003776183389235656,0.5423728813559322
3096,3391,가하다/Verb,59,28,31,0.0003334444814938313,0.00036651191719051963,0.5254237288135594
3097,3395,새록새록/Noun,58,57,1,0.0006557741469378681,3.331926519913814e-05,0.9827586206896552
3098,3396,우롱/Noun,58,3,55,5.5574080248971876e-05,0.0006330660387836247,0.9482758620689656
3099,3397,개똥/Noun,58,4,54,6.668889629876625e-05,0.0006219596170505788,0.9310344827586208
3100,3398,진영화/Noun,58,53,5,0.0006113148827386907,7.774495213132233e-05,0.913793103448276
3101,3399,아기자기하다/Adjective,58,51,7,0.000589085250639102,9.995779559741441e-05,0.8793103448275862
3102,3400,렉/Noun,58,8,50,0.00011114816049794375,0.0005775339301183945,0.8620689655172413
3103,3401,기쁘다/Adjective,58,49,9,0.0005668556185395131,0.00012217063906350652,0.8448275862068966
3104,3402,남고/Noun,58,48,10,0.0005557408024897189,0.00013327706079655256,0.8275862068965517
3105,3403,문득/Noun,58,47,11,0.0005446259864399244,0.0001443834825295986,0.8103448275862069
3106,3404,성장하다/Adjective,58,44,14,0.0005112815382905413,0.00017770274772873674,0.7586206896551724
3107,3405,향기/Noun,58,44,14,0.0005112815382905413,0.00017770274772873674,0.7586206896551724
3108,3406,왕조현/Noun,58,43,15,0.0005001667222407468,0.0001888091694617828,0.7413793103448276
3109,3407,타이틀/Noun,58,15,43,0.00018895187284650438,0.0004997889779870722,0.7413793103448276
3110,3408,사이코/Noun,58,15,43,0.00018895187284650438,0.0004997889779870722,0.7413793103448276
3111,3409,벌/Noun,58,16,42,0.0002000666888962988,0.0004886825562540262,0.7241379310344828
3112,3410,기승/Noun,58,16,42,0.0002000666888962988,0.0004886825562540262,0.7241379310344828
3113,3411,습/Noun,58,41,17,0.0004779370901411582,0.0002110220129278749,0.7068965517241379
3114,3412,레이첼/Noun,58,40,18,0.0004668222740913638,0.00022212843466092096,0.6896551724137931
3115,3413,영활/Noun,58,18,40,0.0002222963209958875,0.000466469712787934,0.6896551724137931
3116,3414,".""/Punctuation",58,40,18,0.0004668222740913638,0.00022212843466092096,0.6896551724137931
3117,3415,디테/Noun,58,39,19,0.00045570745804156943,0.000233234856393967,0.6724137931034483
3118,3416,썩/Noun,58,19,39,0.0002334111370456819,0.000455363291054888,0.6724137931034483
3119,3417,피곤하다/Adjective,58,20,38,0.00024452595309547634,0.0004442568693218419,0.6551724137931034
3120,3418,어떠하다/Adjective,58,38,20,0.000444592641991775,0.00024434127812701304,0.6551724137931034
3121,3419,양/Suffix,58,37,21,0.0004334778259419807,0.0002554476998600591,0.6379310344827587
3122,3420,...(/Punctuation,58,21,37,0.00025564076914527065,0.0004331504475887958,0.6379310344827587
3123,3421,지켜보다/Verb,58,37,21,0.0004334778259419807,0.0002554476998600591,0.6379310344827587
3124,3422,평화/Noun,58,36,22,0.00042236300989218633,0.00026655412159310506,0.6206896551724138
3125,3423,합치다/Verb,58,23,35,0.00027787040124485944,0.0004109376041227037,0.603448275862069
3126,3424,황정민/Noun,58,35,23,0.0004112481938423919,0.00027766054332615115,0.603448275862069
3127,3425,시골/Noun,58,34,24,0.0004001333777925976,0.0002887669650591972,0.5862068965517241
3128,3426,해외/Noun,58,25,33,0.00030010003334444816,0.00038872476065661166,0.5689655172413793
3129,3427,김수현/Noun,58,32,26,0.00037790374569300877,0.00031097980852528933,0.5517241379310345
3130,3428,까맣다/Adjective,58,32,26,0.00037790374569300877,0.00031097980852528933,0.5517241379310345
3131,3429,손예진/Noun,58,27,31,0.00032232966544403684,0.00036651191719051963,0.5344827586206896
3132,3430,한효주/Noun,58,27,31,0.00032232966544403684,0.00036651191719051963,0.5344827586206896
3133,3431,제시카/Noun,58,27,31,0.00032232966544403684,0.00036651191719051963,0.5344827586206896
3134,3432,맺다/Verb,58,31,27,0.00036678892964321435,0.00032208623025833537,0.5344827586206896
3135,3436,반도/Noun,57,2,55,4.445926419917751e-05,0.0006330660387836247,0.9649122807017544
3136,3437,커녕/Noun,57,3,54,5.5574080248971876e-05,0.0006219596170505788,0.9473684210526316
3137,3438,헛웃음/Noun,57,4,53,6.668889629876625e-05,0.0006108531953175326,0.9298245614035088
3138,3439,차분하다/Adjective,57,48,9,0.0005557408024897189,0.00012217063906350652,0.8421052631578947
3139,3440,어지간하다/Adjective,57,11,46,0.0001444926086473269,0.0005331082431862101,0.8070175438596491
3140,3441,압/Noun,57,46,11,0.00053351117039013,0.0001443834825295986,0.8070175438596491
3141,3442,학창시절/Noun,57,44,13,0.0005112815382905413,0.0001665963259956907,0.7719298245614035
3142,3443,더욱더/Noun,57,44,13,0.0005112815382905413,0.0001665963259956907,0.7719298245614035
3143,3444,주온/Noun,57,14,43,0.00017783705679671002,0.0004997889779870722,0.7543859649122807
3144,3445,적극/Noun,57,42,15,0.0004890519061909527,0.0001888091694617828,0.7368421052631579
3145,3446,새삼/Noun,57,41,16,0.0004779370901411582,0.00019991559119482882,0.7192982456140351
3146,3447,환자/Noun,57,18,39,0.0002222963209958875,0.000455363291054888,0.6842105263157895
3147,3448,쎄다/Adjective,57,18,39,0.0002222963209958875,0.000455363291054888,0.6842105263157895
3148,3449,미장센/Noun,57,38,19,0.000444592641991775,0.000233234856393967,0.6666666666666666
3149,3450,각각/Noun,57,38,19,0.000444592641991775,0.000233234856393967,0.6666666666666666
3150,3451,대학생/Noun,57,20,37,0.00024452595309547634,0.0004331504475887958,0.6491228070175439
3151,3452,겨울왕국/Noun,57,37,20,0.0004334778259419807,0.00024434127812701304,0.6491228070175439
3152,3453,내려가다/Verb,57,20,37,0.00024452595309547634,0.0004331504475887958,0.6491228070175439
3153,3454,청년/Noun,57,37,20,0.0004334778259419807,0.00024434127812701304,0.6491228070175439
3154,3455,5년/Number,57,36,21,0.00042236300989218633,0.0002554476998600591,0.631578947368421
3155,3456,T/Alpha,57,36,21,0.00042236300989218633,0.0002554476998600591,0.631578947368421
3156,3457,스파이/Noun,57,36,21,0.00042236300989218633,0.0002554476998600591,0.631578947368421
3157,3458,오지/Noun,57,22,35,0.000266755585195065,0.0004109376041227037,0.6140350877192983
3158,3459,신세계/Noun,57,35,22,0.0004112481938423919,0.00026655412159310506,0.6140350877192983
3159,3460,송승헌/Noun,57,23,34,0.00027787040124485944,0.00039983118238965764,0.5964912280701754
3160,3461,쿨하다/Adjective,57,34,23,0.0004001333777925976,0.00027766054332615115,0.5964912280701754
3161,3462,색깔/Noun,57,34,23,0.0004001333777925976,0.00027766054332615115,0.5964912280701754
3162,3463,질문/Noun,57,33,24,0.00038901856174280313,0.0002887669650591972,0.5789473684210527
3163,3464,대학/Noun,57,24,33,0.0002889852172946538,0.00038872476065661166,0.5789473684210527
3164,3465,이정재/Noun,57,33,24,0.00038901856174280313,0.0002887669650591972,0.5789473684210527
3165,3466,이나/Foreign,57,25,32,0.00030010003334444816,0.0003776183389235656,0.5614035087719298
3166,3467,장애/Noun,57,25,32,0.00030010003334444816,0.0003776183389235656,0.5614035087719298
3167,3468,무리다/Adjective,57,25,32,0.00030010003334444816,0.0003776183389235656,0.5614035087719298
3168,3469,60년/Number,57,26,31,0.00031121484939424253,0.00036651191719051963,0.543859649122807
3169,3470,롱/Noun,57,31,26,0.00036678892964321435,0.00031097980852528933,0.543859649122807
3170,3471,재현/Noun,57,31,26,0.00036678892964321435,0.00031097980852528933,0.543859649122807
3171,3472,자라다/Verb,57,31,26,0.00036678892964321435,0.00031097980852528933,0.543859649122807
3172,3473,래야/Noun,57,26,31,0.00031121484939424253,0.00036651191719051963,0.543859649122807
3173,3474,설경구/Noun,57,30,27,0.00035567411359342004,0.00032208623025833537,0.5263157894736842
3174,3475,완젼/Noun,57,30,27,0.00035567411359342004,0.00032208623025833537,0.5263157894736842
3175,3478,원주율/Noun,56,2,54,4.445926419917751e-05,0.0006219596170505788,0.9642857142857144
3176,3479,난국/Noun,56,2,54,4.445926419917751e-05,0.0006219596170505788,0.9642857142857144
3177,3480,묵직하다/Adjective,56,49,7,0.0005668556185395131,9.995779559741441e-05,0.875
3178,3481,오랫동안/Adverb,56,49,7,0.0005668556185395131,9.995779559741441e-05,0.875
3179,3482,손꼽다/Verb,56,45,11,0.0005223963543403357,0.0001443834825295986,0.8035714285714286
3180,3483,절반/Noun,56,11,45,0.0001444926086473269,0.0005220018214531642,0.8035714285714286
3181,3484,비싸다/Adjective,56,11,45,0.0001444926086473269,0.0005220018214531642,0.8035714285714286
3182,3485,아이고/Exclamation,56,12,44,0.00015560742469712126,0.0005108953997201182,0.7857142857142857
3183,3486,에드/Noun,56,44,12,0.0005112815382905413,0.00015548990426264466,0.7857142857142857
3184,3487,!~/Punctuation,56,43,13,0.0005001667222407468,0.0001665963259956907,0.7678571428571429
3185,3488,의견/Noun,56,15,41,0.00018895187284650438,0.00047757613452098,0.7321428571428571
3186,3489,덤/Noun,56,40,16,0.0004668222740913638,0.00019991559119482882,0.7142857142857143
3187,3490,싸이코패스/Noun,56,16,40,0.0002000666888962988,0.000466469712787934,0.7142857142857143
3188,3491,집안/Noun,56,16,40,0.0002000666888962988,0.000466469712787934,0.7142857142857143
3189,3492,귀찮다/Adjective,56,17,39,0.00021118150494609317,0.000455363291054888,0.6964285714285714
3190,3493,유행/Noun,56,17,39,0.00021118150494609317,0.000455363291054888,0.6964285714285714
3191,3494,공식/Noun,56,17,39,0.00021118150494609317,0.000455363291054888,0.6964285714285714
3192,3495,사장/Noun,56,18,38,0.0002222963209958875,0.0004442568693218419,0.6785714285714286
3193,3496,빼놓다/Verb,56,38,18,0.000444592641991775,0.00022212843466092096,0.6785714285714286
3194,3497,방향/Noun,56,18,38,0.0002222963209958875,0.0004442568693218419,0.6785714285714286
3195,3498,영웅본색/Noun,56,19,37,0.0002334111370456819,0.0004331504475887958,0.6607142857142857
3196,3499,대하/Noun,56,37,19,0.0004334778259419807,0.000233234856393967,0.6607142857142857
3197,3500,크레딧/Noun,56,37,19,0.0004334778259419807,0.000233234856393967,0.6607142857142857
3198,3501,펼치다/Verb,56,37,19,0.0004334778259419807,0.000233234856393967,0.6607142857142857
3199,3502,추악하다/Adjective,56,36,20,0.00042236300989218633,0.00024434127812701304,0.6428571428571429
3200,3503,사무라이/Noun,56,20,36,0.00024452595309547634,0.0004220440258557498,0.6428571428571429
3201,3504,잘나다/Adjective,56,20,36,0.00024452595309547634,0.0004220440258557498,0.6428571428571429
3202,3505,주관/Noun,56,20,36,0.00024452595309547634,0.0004220440258557498,0.6428571428571429
3203,3506,고해/Noun,56,20,36,0.00024452595309547634,0.0004220440258557498,0.6428571428571429
3204,3507,유혹/Noun,56,20,36,0.00024452595309547634,0.0004220440258557498,0.6428571428571429
3205,3508,적나라하다/Adjective,56,35,21,0.0004112481938423919,0.0002554476998600591,0.625
3206,3509,장혁/Noun,56,35,21,0.0004112481938423919,0.0002554476998600591,0.625
3207,3510,콜린/Noun,56,35,21,0.0004112481938423919,0.0002554476998600591,0.625
3208,3511,옮기다/Verb,56,22,34,0.000266755585195065,0.00039983118238965764,0.6071428571428571
3209,3512,전지현/Noun,56,22,34,0.000266755585195065,0.00039983118238965764,0.6071428571428571
3210,3513,눕다/Verb,56,22,34,0.000266755585195065,0.00039983118238965764,0.6071428571428571
3211,3514,박찬욱/Noun,56,22,34,0.000266755585195065,0.00039983118238965764,0.6071428571428571
3212,3515,따지다/Verb,56,33,23,0.00038901856174280313,0.00027766054332615115,0.5892857142857143
3213,3516,훔치다/Verb,56,23,33,0.00027787040124485944,0.00038872476065661166,0.5892857142857143
3214,3517,지대/Noun,56,23,33,0.00027787040124485944,0.00038872476065661166,0.5892857142857143
3215,3518,걸이/Noun,56,23,33,0.00027787040124485944,0.00038872476065661166,0.5892857142857143
3216,3519,명/Suffix,56,24,32,0.0002889852172946538,0.0003776183389235656,0.5714285714285714
3217,3520,아바타/Noun,56,32,24,0.00037790374569300877,0.0002887669650591972,0.5714285714285714
3218,3521,회상/Noun,56,31,25,0.00036678892964321435,0.0002998733867922433,0.5535714285714286
3219,3522,공허하다/Adjective,56,31,25,0.00036678892964321435,0.0002998733867922433,0.5535714285714286
3220,3523,애인/Noun,56,26,30,0.00031121484939424253,0.0003554054954574735,0.5357142857142857
3221,3524,엑스맨/Noun,56,30,26,0.00035567411359342004,0.00031097980852528933,0.5357142857142857
3222,3525,왕자/Noun,56,30,26,0.00035567411359342004,0.00031097980852528933,0.5357142857142857
3223,3526,섹시/Noun,56,30,26,0.00035567411359342004,0.00031097980852528933,0.5357142857142857
3224,3532,따스하다/Adjective,55,54,1,0.0006224296987884852,3.331926519913814e-05,0.9818181818181818
3225,3533,만족스럽다/Adjective,55,50,5,0.0005779704345893076,7.774495213132233e-05,0.9090909090909092
3226,3534,흠잡다/Adjective,55,50,5,0.0005779704345893076,7.774495213132233e-05,0.9090909090909092
3227,3535,투성이/Noun,55,6,49,8.891852839835501e-05,0.0005664275083853486,0.8909090909090909
3228,3536,어정쩡하다/Adjective,55,6,49,8.891852839835501e-05,0.0005664275083853486,0.8909090909090909
3229,3537,정화/Noun,55,47,8,0.0005446259864399244,0.00011106421733046048,0.8545454545454545
3230,3538,도망가다/Verb,55,9,46,0.00012226297654773814,0.0005331082431862101,0.8363636363636363
3231,3539,멀쩡하다/Adjective,55,11,44,0.0001444926086473269,0.0005108953997201182,0.8
3232,3540,출현/Noun,55,13,42,0.00016672224074691566,0.0004886825562540262,0.7636363636363637
3233,3541,덜하다/Adjective,55,41,14,0.0004779370901411582,0.00017770274772873674,0.7454545454545455
3234,3542,꼬이다/Adjective,55,15,40,0.00018895187284650438,0.000466469712787934,0.7272727272727273
3235,3543,촌/Noun,55,38,17,0.000444592641991775,0.0002110220129278749,0.6909090909090909
3236,3544,러셀/Noun,55,38,17,0.000444592641991775,0.0002110220129278749,0.6909090909090909
3237,3545,..;/Punctuation,55,17,38,0.00021118150494609317,0.0004442568693218419,0.6909090909090909
3238,3546,하고프다/Verb,55,37,18,0.0004334778259419807,0.00022212843466092096,0.6727272727272727
3239,3547,지독하다/Adjective,55,37,18,0.0004334778259419807,0.00022212843466092096,0.6727272727272727
3240,3548,is/Alpha,55,37,18,0.0004334778259419807,0.00022212843466092096,0.6727272727272727
3241,3549,가식/Noun,55,20,35,0.00024452595309547634,0.0004109376041227037,0.6363636363636364
3242,3550,재방송/Noun,55,35,20,0.0004112481938423919,0.00024434127812701304,0.6363636363636364
3243,3551,다크나이트/Noun,55,35,20,0.0004112481938423919,0.00024434127812701304,0.6363636363636364
3244,3552,끝판/Noun,55,20,35,0.00024452595309547634,0.0004109376041227037,0.6363636363636364
3245,3553,신부/Noun,55,35,20,0.0004112481938423919,0.00024434127812701304,0.6363636363636364
3246,3554,번역/Noun,55,20,35,0.00024452595309547634,0.0004109376041227037,0.6363636363636364
3247,3555,작년/Noun,55,35,20,0.0004112481938423919,0.00024434127812701304,0.6363636363636364
3248,3556,스피드/Noun,55,23,32,0.00027787040124485944,0.0003776183389235656,0.5818181818181818
3249,3557,조지/Noun,55,31,24,0.00036678892964321435,0.0002887669650591972,0.5636363636363636
3250,3558,어딘가/Noun,55,31,24,0.00036678892964321435,0.0002887669650591972,0.5636363636363636
3251,3559,기타/Noun,55,30,25,0.00035567411359342004,0.0002998733867922433,0.5454545454545454
3252,3560,폰/Noun,55,25,30,0.00030010003334444816,0.0003554054954574735,0.5454545454545454
3253,3561,대상/Noun,55,25,30,0.00030010003334444816,0.0003554054954574735,0.5454545454545454
3254,3562,마디/Noun,55,25,30,0.00030010003334444816,0.0003554054954574735,0.5454545454545454
3255,3563,픽션/Noun,55,25,30,0.00030010003334444816,0.0003554054954574735,0.5454545454545454
3256,3564,람보/Noun,55,30,25,0.00035567411359342004,0.0002998733867922433,0.5454545454545454
3257,3565,지극히/Adverb,55,29,26,0.0003445592975436257,0.00031097980852528933,0.5272727272727272
3258,3568,외로움/Noun,54,52,2,0.0006002000666888963,4.4425686932184186e-05,0.9629629629629628
3259,3569,흑역사/Noun,54,2,52,4.445926419917751e-05,0.0005997467735844866,0.9629629629629628
3260,3570,개꿀잼/Noun,54,51,3,0.000589085250639102,5.553210866523024e-05,0.9444444444444444
3261,3571,쪽팔리다/Verb,54,6,48,8.891852839835501e-05,0.0005553210866523023,0.8888888888888888
3262,3572,3분/Number,54,8,46,0.00011114816049794375,0.0005331082431862101,0.8518518518518519
3263,3573,주행/Noun,54,46,8,0.00053351117039013,0.00011106421733046048,0.8518518518518519
3264,3574,온갖/Noun,54,9,45,0.00012226297654773814,0.0005220018214531642,0.8333333333333334
3265,3575,대역/Noun,54,10,44,0.0001333777925975325,0.0005108953997201182,0.8148148148148148
3266,3576,색채/Noun,54,43,11,0.0005001667222407468,0.0001443834825295986,0.7962962962962963
3267,3577,개발/Noun,54,12,42,0.00015560742469712126,0.0004886825562540262,0.7777777777777778
3268,3578,전라도/Noun,54,12,42,0.00015560742469712126,0.0004886825562540262,0.7777777777777778
3269,3579,차마/Noun,54,13,41,0.00016672224074691566,0.00047757613452098,0.7592592592592593
3270,3580,구경/Noun,54,13,41,0.00016672224074691566,0.00047757613452098,0.7592592592592593
3271,3581,관람객/Noun,54,14,40,0.00017783705679671002,0.000466469712787934,0.7407407407407407
3272,3582,혀/Noun,54,14,40,0.00017783705679671002,0.000466469712787934,0.7407407407407407
3273,3583,일찍/Noun,54,39,15,0.00045570745804156943,0.0001888091694617828,0.7222222222222222
3274,3584,피디/Noun,54,15,39,0.00018895187284650438,0.000455363291054888,0.7222222222222222
3275,3585,본성/Noun,54,38,16,0.000444592641991775,0.00019991559119482882,0.7037037037037037
3276,3586,말리다/Verb,54,16,38,0.0002000666888962988,0.0004442568693218419,0.7037037037037037
3277,3587,절절/Noun,54,38,16,0.000444592641991775,0.00019991559119482882,0.7037037037037037
3278,3588,기용/Noun,54,16,38,0.0002000666888962988,0.0004442568693218419,0.7037037037037037
3279,3589,살기/Noun,54,38,16,0.000444592641991775,0.00019991559119482882,0.7037037037037037
3280,3590,크리스/Noun,54,38,16,0.000444592641991775,0.00019991559119482882,0.7037037037037037
3281,3591,팍팍/Adverb,54,17,37,0.00021118150494609317,0.0004331504475887958,0.6851851851851852
3282,3592,거야/Eomi,54,17,37,0.00021118150494609317,0.0004331504475887958,0.6851851851851852
3283,3593,차태현/Noun,54,37,17,0.0004334778259419807,0.0002110220129278749,0.6851851851851852
3284,3594,그나저나/Adverb,54,35,19,0.0004112481938423919,0.000233234856393967,0.6481481481481481
3285,3595,권/Noun,54,35,19,0.0004112481938423919,0.000233234856393967,0.6481481481481481
3286,3596,가기/Noun,54,20,34,0.00024452595309547634,0.00039983118238965764,0.6296296296296297
3287,3597,잭슨/Noun,54,34,20,0.0004001333777925976,0.00024434127812701304,0.6296296296296297
3288,3598,거대하다/Adjective,54,34,20,0.0004001333777925976,0.00024434127812701304,0.6296296296296297
3289,3599,버그/Noun,54,34,20,0.0004001333777925976,0.00024434127812701304,0.6296296296296297
3290,3600,밟다/Verb,54,21,33,0.00025564076914527065,0.00038872476065661166,0.6111111111111112
3291,3601,상관/Noun,54,21,33,0.00025564076914527065,0.00038872476065661166,0.6111111111111112
3292,3602,격/Noun,54,21,33,0.00025564076914527065,0.00038872476065661166,0.6111111111111112
3293,3603,다운로드/Noun,54,21,33,0.00025564076914527065,0.00038872476065661166,0.6111111111111112
3294,3604,밀리다/Verb,54,22,32,0.000266755585195065,0.0003776183389235656,0.5925925925925926
3295,3605,가안/Noun,54,22,32,0.000266755585195065,0.0003776183389235656,0.5925925925925926
3296,3606,호감/Noun,54,32,22,0.00037790374569300877,0.00026655412159310506,0.5925925925925926
3297,3607,마블/Noun,54,31,23,0.00036678892964321435,0.00027766054332615115,0.5740740740740741
3298,3608,막상/Noun,54,24,30,0.0002889852172946538,0.0003554054954574735,0.5555555555555556
3299,3609,픽사/Noun,54,25,29,0.00030010003334444816,0.00034429907372442745,0.5370370370370371
3300,3610,만큼의/Josa,54,29,25,0.0003445592975436257,0.0002998733867922433,0.5370370370370371
3301,3617,헛/Noun,53,5,48,7.780371234856063e-05,0.0005553210866523023,0.9056603773584906
3302,3618,팝콘/Noun,53,6,47,8.891852839835501e-05,0.0005442146649192564,0.8867924528301887
3303,3619,흐지부지/Noun,53,6,47,8.891852839835501e-05,0.0005442146649192564,0.8867924528301887
3304,3620,납치/Noun,53,7,46,0.0001000333444481494,0.0005331082431862101,0.8679245283018868
3305,3621,오유/Noun,53,7,46,0.0001000333444481494,0.0005331082431862101,0.8679245283018868
3306,3622,서정/Noun,53,45,8,0.0005223963543403357,0.00011106421733046048,0.8490566037735849
3307,3623,c/Alpha,53,8,45,0.00011114816049794375,0.0005220018214531642,0.8490566037735849
3308,3624,^^*/Punctuation,53,45,8,0.0005223963543403357,0.00011106421733046048,0.8490566037735849
3309,3625,클라라/Noun,53,9,44,0.00012226297654773814,0.0005108953997201182,0.8301886792452831
3310,3626,최민식/Noun,53,42,11,0.0004890519061909527,0.0001443834825295986,0.7924528301886793
3311,3627,벌리다/Verb,53,11,42,0.0001444926086473269,0.0004886825562540262,0.7924528301886793
3312,3628,살인자/Noun,53,11,42,0.0001444926086473269,0.0004886825562540262,0.7924528301886793
3313,3629,옛/Modifier,53,41,12,0.0004779370901411582,0.00015548990426264466,0.7735849056603774
3314,3630,나머진/Noun,53,12,41,0.00015560742469712126,0.00047757613452098,0.7735849056603774
3315,3631,눈요기/Noun,53,12,41,0.00015560742469712126,0.00047757613452098,0.7735849056603774
3316,3632,깨끗하다/Adjective,53,40,13,0.0004668222740913638,0.0001665963259956907,0.7547169811320755
3317,3633,재치/Noun,53,39,14,0.00045570745804156943,0.00017770274772873674,0.7358490566037735
3318,3634,한국어/Noun,53,14,39,0.00017783705679671002,0.000455363291054888,0.7358490566037735
3319,3635,께서/Josa,53,38,15,0.000444592641991775,0.0001888091694617828,0.7169811320754716
3320,3636,이외/Noun,53,15,38,0.00018895187284650438,0.0004442568693218419,0.7169811320754716
3321,3637,조차도/Josa,53,15,38,0.00018895187284650438,0.0004442568693218419,0.7169811320754716
3322,3638,정석/Noun,53,37,16,0.0004334778259419807,0.00019991559119482882,0.6981132075471698
3323,3639,movie/Alpha,53,37,16,0.0004334778259419807,0.00019991559119482882,0.6981132075471698
3324,3640,틀림없다/Adjective,53,37,16,0.0004334778259419807,0.00019991559119482882,0.6981132075471698
3325,3641,네/Modifier,53,16,37,0.0002000666888962988,0.0004331504475887958,0.6981132075471698
3326,3642,예고/Noun,53,16,37,0.0002000666888962988,0.0004331504475887958,0.6981132075471698
3327,3643,저렇다/Adjective,53,16,37,0.0002000666888962988,0.0004331504475887958,0.6981132075471698
3328,3644,멘탈/Noun,53,16,37,0.0002000666888962988,0.0004331504475887958,0.6981132075471698
3329,3645,1분/Number,53,17,36,0.00021118150494609317,0.0004220440258557498,0.6792452830188679
3330,3646,무의미하다/Adjective,53,17,36,0.00021118150494609317,0.0004220440258557498,0.6792452830188679
3331,3647,★/Foreign,53,35,18,0.0004112481938423919,0.00022212843466092096,0.660377358490566
3332,3648,잘알다/Verb,53,35,18,0.0004112481938423919,0.00022212843466092096,0.660377358490566
3333,3649,부터/Foreign,53,35,18,0.0004112481938423919,0.00022212843466092096,0.660377358490566
3334,3650,레옹/Noun,53,18,35,0.0002222963209958875,0.0004109376041227037,0.660377358490566
3335,3651,신도/Noun,53,18,35,0.0002222963209958875,0.0004109376041227037,0.660377358490566
3336,3652,볼걸/Noun,53,18,35,0.0002222963209958875,0.0004109376041227037,0.660377358490566
3337,3653,일리/Noun,53,34,19,0.0004001333777925976,0.000233234856393967,0.6415094339622641
3338,3654,긴박/Noun,53,19,34,0.0002334111370456819,0.00039983118238965764,0.6415094339622641
3339,3655,이의/Noun,53,33,20,0.00038901856174280313,0.00024434127812701304,0.6226415094339622
3340,3656,꼽히다/Verb,53,33,20,0.00038901856174280313,0.00024434127812701304,0.6226415094339622
3341,3657,태도/Noun,53,20,33,0.00024452595309547634,0.00038872476065661166,0.6226415094339622
3342,3658,감옥/Noun,53,21,32,0.00025564076914527065,0.0003776183389235656,0.6037735849056604
3343,3659,할배/Noun,53,21,32,0.00025564076914527065,0.0003776183389235656,0.6037735849056604
3344,3660,사귀다/Verb,53,21,32,0.00025564076914527065,0.0003776183389235656,0.6037735849056604
3345,3661,신데렐라/Noun,53,22,31,0.000266755585195065,0.00036651191719051963,0.5849056603773585
3346,3662,꺼내다/Verb,53,31,22,0.00036678892964321435,0.00026655412159310506,0.5849056603773585
3347,3663,작전/Noun,53,22,31,0.000266755585195065,0.00036651191719051963,0.5849056603773585
3348,3664,공원/Noun,53,22,31,0.000266755585195065,0.00036651191719051963,0.5849056603773585
3349,3665,어서/Noun,53,31,22,0.00036678892964321435,0.00026655412159310506,0.5849056603773585
3350,3666,프리/Noun,53,31,22,0.00036678892964321435,0.00026655412159310506,0.5849056603773585
3351,3667,당/Noun,53,30,23,0.00035567411359342004,0.00027766054332615115,0.5660377358490566
3352,3668,꾸미다/Verb,53,30,23,0.00035567411359342004,0.00027766054332615115,0.5660377358490566
3353,3669,늑대/Noun,53,24,29,0.0002889852172946538,0.00034429907372442745,0.5471698113207547
3354,3670,마법/Noun,53,29,24,0.0003445592975436257,0.0002887669650591972,0.5471698113207547
3355,3671,반지/Noun,53,29,24,0.0003445592975436257,0.0002887669650591972,0.5471698113207547
3356,3672,함부로/Noun,53,25,28,0.00030010003334444816,0.0003331926519913814,0.5283018867924528
3357,3673,외치다/Verb,53,25,28,0.00030010003334444816,0.0003331926519913814,0.5283018867924528
3358,3674,러브스토리/Noun,53,28,25,0.0003334444814938313,0.0002998733867922433,0.5283018867924528
3359,3679,...;;/Punctuation,52,4,48,6.668889629876625e-05,0.0005553210866523023,0.9230769230769232
3360,3680,ㅗ/KoreanParticle,52,7,45,0.0001000333444481494,0.0005220018214531642,0.8653846153846154
3361,3681,엉터리/Noun,52,7,45,0.0001000333444481494,0.0005220018214531642,0.8653846153846154
3362,3682,성찰/Noun,52,43,9,0.0005001667222407468,0.00012217063906350652,0.8269230769230769
3363,3683,모방/Noun,52,10,42,0.0001333777925975325,0.0004886825562540262,0.8076923076923077
3364,3684,매주/Adverb,52,42,10,0.0004890519061909527,0.00013327706079655256,0.8076923076923077
3365,3685,파라/Noun,52,11,41,0.0001444926086473269,0.00047757613452098,0.7884615384615384
3366,3686,더니/Noun,52,11,41,0.0001444926086473269,0.00047757613452098,0.7884615384615384
3367,3687,안남/Noun,52,13,39,0.00016672224074691566,0.000455363291054888,0.75
3368,3688,어쩌다/Adverb,52,13,39,0.00016672224074691566,0.000455363291054888,0.75
3369,3689,노튼/Noun,52,38,14,0.000444592641991775,0.00017770274772873674,0.7307692307692307
3370,3690,베이/Noun,52,38,14,0.000444592641991775,0.00017770274772873674,0.7307692307692307
3371,3691,!?/Punctuation,52,15,37,0.00018895187284650438,0.0004331504475887958,0.7115384615384616
3372,3692,펼쳐지다/Verb,52,37,15,0.0004334778259419807,0.0001888091694617828,0.7115384615384616
3373,3693,고어/Noun,52,16,36,0.0002000666888962988,0.0004220440258557498,0.6923076923076923
3374,3694,어딜/Adverb,52,17,35,0.00021118150494609317,0.0004109376041227037,0.6730769230769231
3375,3695,빨갛다/Adjective,52,35,17,0.0004112481938423919,0.0002110220129278749,0.6730769230769231
3376,3696,수없이/Adverb,52,17,35,0.00021118150494609317,0.0004109376041227037,0.6730769230769231
3377,3697,몇개/Noun,52,18,34,0.0002222963209958875,0.00039983118238965764,0.6538461538461539
3378,3698,조명/Noun,52,34,18,0.0004001333777925976,0.00022212843466092096,0.6538461538461539
3379,3699,주네/Noun,52,34,18,0.0004001333777925976,0.00022212843466092096,0.6538461538461539
3380,3700,금지/Noun,52,19,33,0.0002334111370456819,0.00038872476065661166,0.6346153846153846
3381,3701,예수/Noun,52,19,33,0.0002334111370456819,0.00038872476065661166,0.6346153846153846
3382,3702,커피/Noun,52,33,19,0.00038901856174280313,0.000233234856393967,0.6346153846153846
3383,3703,불만/Noun,52,20,32,0.00024452595309547634,0.0003776183389235656,0.6153846153846154
3384,3704,장이/Suffix,52,20,32,0.00024452595309547634,0.0003776183389235656,0.6153846153846154
3385,3705,헉/Adverb,52,20,32,0.00024452595309547634,0.0003776183389235656,0.6153846153846154
3386,3706,MBC/Alpha,52,20,32,0.00024452595309547634,0.0003776183389235656,0.6153846153846154
3387,3707,성유리/Noun,52,32,20,0.00037790374569300877,0.00024434127812701304,0.6153846153846154
3388,3708,일수/Noun,52,31,21,0.00036678892964321435,0.0002554476998600591,0.5961538461538461
3389,3709,님들/Noun,52,21,31,0.00025564076914527065,0.00036651191719051963,0.5961538461538461
3390,3710,여유/Noun,52,31,21,0.00036678892964321435,0.0002554476998600591,0.5961538461538461
3391,3711,국제/Noun,52,30,22,0.00035567411359342004,0.00026655412159310506,0.5769230769230769
3392,3712,인도영화/Noun,52,30,22,0.00035567411359342004,0.00026655412159310506,0.5769230769230769
3393,3713,라스/Noun,52,29,23,0.0003445592975436257,0.00027766054332615115,0.5576923076923077
3394,3714,경악/Noun,52,23,29,0.00027787040124485944,0.00034429907372442745,0.5576923076923077
3395,3715,극본/Noun,52,23,29,0.00027787040124485944,0.00034429907372442745,0.5576923076923077
3396,3716,또는/Adverb,52,24,28,0.0002889852172946538,0.0003331926519913814,0.5384615384615384
3397,3717,실상/Noun,52,24,28,0.0002889852172946538,0.0003331926519913814,0.5384615384615384
3398,3718,비참하다/Adjective,52,28,24,0.0003334444814938313,0.0002887669650591972,0.5384615384615384
3399,3721,어수선하다/Adjective,51,3,48,5.5574080248971876e-05,0.0005553210866523023,0.9411764705882352
3400,3722,저급하다/Adjective,51,5,46,7.780371234856063e-05,0.0005331082431862101,0.9019607843137256
3401,3723,씨발/Noun,51,5,46,7.780371234856063e-05,0.0005331082431862101,0.9019607843137256
3402,3724,가관/Noun,51,6,45,8.891852839835501e-05,0.0005220018214531642,0.8823529411764706
3403,3725,불필요하다/Adjective,51,7,44,0.0001000333444481494,0.0005108953997201182,0.8627450980392157
3404,3726,.!/Punctuation,51,44,7,0.0005112815382905413,9.995779559741441e-05,0.8627450980392157
3405,3727,양반/Noun,51,8,43,0.00011114816049794375,0.0004997889779870722,0.8431372549019608
3406,3728,파이팅/Noun,51,42,9,0.0004890519061909527,0.00012217063906350652,0.8235294117647058
3407,3729,뚝뚝/Noun,51,9,42,0.00012226297654773814,0.0004886825562540262,0.8235294117647058
3408,3730,땡/Noun,51,9,42,0.00012226297654773814,0.0004886825562540262,0.8235294117647058
3409,3731,모두/Modifier,51,40,11,0.0004668222740913638,0.0001443834825295986,0.7843137254901961
3410,3732,잠자다/Verb,51,11,40,0.0001444926086473269,0.000466469712787934,0.7843137254901961
3411,3733,덜덜/Noun,51,40,11,0.0004668222740913638,0.0001443834825295986,0.7843137254901961
3412,3734,먼지/Noun,51,12,39,0.00015560742469712126,0.000455363291054888,0.7647058823529411
3413,3735,임청하/Noun,51,39,12,0.00045570745804156943,0.00015548990426264466,0.7647058823529411
3414,3736,다니엘/Noun,51,39,12,0.00045570745804156943,0.00015548990426264466,0.7647058823529411
3415,3737,불과하다/Adjective,51,14,37,0.00017783705679671002,0.0004331504475887958,0.7254901960784313
3416,3738,피식/Adverb,51,15,36,0.00018895187284650438,0.0004220440258557498,0.7058823529411765
3417,3739,텐데/Eomi,51,16,35,0.0002000666888962988,0.0004109376041227037,0.6862745098039216
3418,3740,마틴/Noun,51,35,16,0.0004112481938423919,0.00019991559119482882,0.6862745098039216
3419,3741,첩보/Noun,51,35,16,0.0004112481938423919,0.00019991559119482882,0.6862745098039216
3420,3742,취급/Noun,51,17,34,0.00021118150494609317,0.00039983118238965764,0.6666666666666666
3421,3743,허구/Noun,51,18,33,0.0002222963209958875,0.00038872476065661166,0.6470588235294118
3422,3744,vs/Alpha,51,18,33,0.0002222963209958875,0.00038872476065661166,0.6470588235294118
3423,3745,흔적/Noun,51,18,33,0.0002222963209958875,0.00038872476065661166,0.6470588235294118
3424,3746,7.5/Number,51,33,18,0.00038901856174280313,0.00022212843466092096,0.6470588235294118
3425,3747,리스/Noun,51,32,19,0.00037790374569300877,0.000233234856393967,0.6274509803921569
3426,3748,이은주/Noun,51,32,19,0.00037790374569300877,0.000233234856393967,0.6274509803921569
3427,3749,7년/Number,51,31,20,0.00036678892964321435,0.00024434127812701304,0.6078431372549019
3428,3750,생기/Noun,51,20,31,0.00024452595309547634,0.00036651191719051963,0.6078431372549019
3429,3751,와중/Noun,51,20,31,0.00024452595309547634,0.00036651191719051963,0.6078431372549019
3430,3752,장치/Noun,51,30,21,0.00035567411359342004,0.0002554476998600591,0.5882352941176471
3431,3753,밖엔/Josa,51,21,30,0.00025564076914527065,0.0003554054954574735,0.5882352941176471
3432,3754,후기/Noun,51,21,30,0.00025564076914527065,0.0003554054954574735,0.5882352941176471
3433,3755,체험/Noun,51,21,30,0.00025564076914527065,0.0003554054954574735,0.5882352941176471
3434,3756,파악/Noun,51,21,30,0.00025564076914527065,0.0003554054954574735,0.5882352941176471
3435,3757,간/Foreign,51,22,29,0.000266755585195065,0.00034429907372442745,0.5686274509803921
3436,3758,특/Noun,51,29,22,0.0003445592975436257,0.00026655412159310506,0.5686274509803921
3437,3759,누/Noun,51,22,29,0.000266755585195065,0.00034429907372442745,0.5686274509803921
3438,3760,장동건/Noun,51,22,29,0.000266755585195065,0.00034429907372442745,0.5686274509803921
3439,3761,활동/Noun,51,22,29,0.000266755585195065,0.00034429907372442745,0.5686274509803921
3440,3762,답지/Noun,51,24,27,0.0002889852172946538,0.00032208623025833537,0.5294117647058824
3441,3766,어중간하다/Adjective,50,2,48,4.445926419917751e-05,0.0005553210866523023,0.96
3442,3767,어쩌라고/Adverb,50,3,47,5.5574080248971876e-05,0.0005442146649192564,0.94
3443,3768,극혐/Noun,50,5,45,7.780371234856063e-05,0.0005220018214531642,0.9
3444,3769,전해지다/Verb,50,43,7,0.0005001667222407468,9.995779559741441e-05,0.86
3445,3770,재수없다/Adjective,50,8,42,0.00011114816049794375,0.0004886825562540262,0.84
3446,3771,위원회/Noun,50,8,42,0.00011114816049794375,0.0004886825562540262,0.84
3447,3772,어의/Noun,50,9,41,0.00012226297654773814,0.00047757613452098,0.82
3448,3773,절묘하다/Adjective,50,39,11,0.00045570745804156943,0.0001443834825295986,0.78
3449,3774,먹히다/Verb,50,12,38,0.00015560742469712126,0.0004442568693218419,0.76
3450,3775,연주/Noun,50,38,12,0.000444592641991775,0.00015548990426264466,0.76
3451,3776,이연희/Noun,50,37,13,0.0004334778259419807,0.0001665963259956907,0.74
3452,3777,생존/Noun,50,36,14,0.00042236300989218633,0.00017770274772873674,0.72
3453,3778,망설이다/Verb,50,36,14,0.00042236300989218633,0.00017770274772873674,0.72
3454,3779,원피스/Noun,50,36,14,0.00042236300989218633,0.00017770274772873674,0.72
3455,3780,역다/Adjective,50,14,36,0.00017783705679671002,0.0004220440258557498,0.72
3456,3781,여기저기/Noun,50,14,36,0.00017783705679671002,0.0004220440258557498,0.72
3457,3782,에드워드/Noun,50,35,15,0.0004112481938423919,0.0001888091694617828,0.7
3458,3783,고스/Noun,50,35,15,0.0004112481938423919,0.0001888091694617828,0.7
3459,3784,강력하다/Adjective,50,34,16,0.0004001333777925976,0.00019991559119482882,0.68
3460,3785,오우삼/Noun,50,17,33,0.00021118150494609317,0.00038872476065661166,0.66
3461,3786,안성기/Noun,50,33,17,0.00038901856174280313,0.0002110220129278749,0.66
3462,3787,까지/Foreign,50,17,33,0.00021118150494609317,0.00038872476065661166,0.66
3463,3788,전도연/Noun,50,33,17,0.00038901856174280313,0.0002110220129278749,0.66
3464,3789,엿보다/Verb,50,33,17,0.00038901856174280313,0.0002110220129278749,0.66
3465,3790,영광/Noun,50,33,17,0.00038901856174280313,0.0002110220129278749,0.66
3466,3791,바쁘다/Adjective,50,17,33,0.00021118150494609317,0.00038872476065661166,0.66
3467,3792,전화/Noun,50,17,33,0.00021118150494609317,0.00038872476065661166,0.66
3468,3793,닷/Noun,50,33,17,0.00038901856174280313,0.0002110220129278749,0.66
3469,3794,증명/Noun,50,18,32,0.0002222963209958875,0.0003776183389235656,0.64
3470,3795,구도/Noun,50,18,32,0.0002222963209958875,0.0003776183389235656,0.64
3471,3796,종합/Noun,50,18,32,0.0002222963209958875,0.0003776183389235656,0.64
3472,3797,검사/Noun,50,19,31,0.0002334111370456819,0.00036651191719051963,0.62
3473,3798,소지섭/Noun,50,31,19,0.00036678892964321435,0.000233234856393967,0.62
3474,3799,추구/Noun,50,31,19,0.00036678892964321435,0.000233234856393967,0.62
3475,3800,로버츠/Noun,50,30,20,0.00035567411359342004,0.00024434127812701304,0.6
3476,3801,카메론/Noun,50,30,20,0.00035567411359342004,0.00024434127812701304,0.6
3477,3802,장근석/Noun,50,20,30,0.00024452595309547634,0.0003554054954574735,0.6
3478,3803,언론/Noun,50,30,20,0.00035567411359342004,0.00024434127812701304,0.6
3479,3804,구혜선/Noun,50,20,30,0.00024452595309547634,0.0003554054954574735,0.6
3480,3805,나니/Noun,50,29,21,0.0003445592975436257,0.0002554476998600591,0.58
3481,3806,유의/Noun,50,29,21,0.0003445592975436257,0.0002554476998600591,0.58
3482,3807,역활/Noun,50,22,28,0.000266755585195065,0.0003331926519913814,0.56
3483,3808,죽지/Noun,50,28,22,0.0003334444814938313,0.00026655412159310506,0.56
3484,3809,심정/Noun,50,22,28,0.000266755585195065,0.0003331926519913814,0.56
3485,3810,멤버/Noun,50,28,22,0.0003334444814938313,0.00026655412159310506,0.56
3486,3811,댄스/Noun,50,22,28,0.000266755585195065,0.0003331926519913814,0.56
3487,3812,지적/Noun,50,28,22,0.0003334444814938313,0.00026655412159310506,0.56
3488,3813,출발/Noun,50,23,27,0.00027787040124485944,0.00032208623025833537,0.54
3489,3814,단역/Noun,50,24,26,0.0002889852172946538,0.00031097980852528933,0.52
3490,3815,스페인/Noun,50,26,24,0.00031121484939424253,0.0002887669650591972,0.52
3491,3816,서양/Noun,50,24,26,0.0002889852172946538,0.00031097980852528933,0.52
3492,3817,곰/Noun,50,26,24,0.00031121484939424253,0.0002887669650591972,0.52
3493,3819,2.22/Number,49,0,49,2.2229632099588756e-05,0.0005664275083853486,1.0
3494,3820,선율/Noun,49,47,2,0.0005446259864399244,4.4425686932184186e-05,0.9591836734693876
3495,3821,접함/Noun,49,3,46,5.5574080248971876e-05,0.0005331082431862101,0.9387755102040816
3496,3822,김구라/Noun,49,3,46,5.5574080248971876e-05,0.0005331082431862101,0.9387755102040816
3497,3823,지저분하다/Adjective,49,3,46,5.5574080248971876e-05,0.0005331082431862101,0.9387755102040816
3498,3824,배속/Noun,49,4,45,6.668889629876625e-05,0.0005220018214531642,0.9183673469387756
3499,3825,유쾌/Noun,49,45,4,0.0005223963543403357,6.663853039827628e-05,0.9183673469387756
3500,3826,전락/Noun,49,5,44,7.780371234856063e-05,0.0005108953997201182,0.8979591836734694
3501,3827,뽕짝/Noun,49,5,44,7.780371234856063e-05,0.0005108953997201182,0.8979591836734694
3502,3828,부드럽다/Adjective,49,43,6,0.0005001667222407468,8.885137386436837e-05,0.8775510204081632
3503,3829,사기꾼/Noun,49,6,43,8.891852839835501e-05,0.0004997889779870722,0.8775510204081632
3504,3830,스킵/Noun,49,6,43,8.891852839835501e-05,0.0004997889779870722,0.8775510204081632
3505,3831,무리수/Noun,49,6,43,8.891852839835501e-05,0.0004997889779870722,0.8775510204081632
3506,3832,두려움/Noun,49,43,6,0.0005001667222407468,8.885137386436837e-05,0.8775510204081632
3507,3833,재주/Noun,49,8,41,0.00011114816049794375,0.00047757613452098,0.8367346938775511
3508,3834,감기/Noun,49,9,40,0.00012226297654773814,0.000466469712787934,0.8163265306122449
3509,3835,애로/Noun,49,9,40,0.00012226297654773814,0.000466469712787934,0.8163265306122449
3510,3836,시스/Noun,49,40,9,0.0004668222740913638,0.00012217063906350652,0.8163265306122449
3511,3837,록키/Noun,49,39,10,0.00045570745804156943,0.00013327706079655256,0.7959183673469388
3512,3838,The/Alpha,49,39,10,0.00045570745804156943,0.00013327706079655256,0.7959183673469388
3513,3839,스키/Noun,49,38,11,0.000444592641991775,0.0001443834825295986,0.7755102040816326
3514,3840,한두/Modifier,49,11,38,0.0001444926086473269,0.0004442568693218419,0.7755102040816326
3515,3841,흉내내/Noun,49,12,37,0.00015560742469712126,0.0004331504475887958,0.7551020408163265
3516,3842,뜯다/Verb,49,12,37,0.00015560742469712126,0.0004331504475887958,0.7551020408163265
3517,3843,튀어나오다/Verb,49,12,37,0.00015560742469712126,0.0004331504475887958,0.7551020408163265
3518,3844,경의/Noun,49,36,13,0.00042236300989218633,0.0001665963259956907,0.7346938775510204
3519,3845,간직/Noun,49,36,13,0.00042236300989218633,0.0001665963259956907,0.7346938775510204
3520,3846,무색/Noun,49,15,34,0.00018895187284650438,0.00039983118238965764,0.6938775510204082
3521,3847,이탈리아/Noun,49,33,16,0.00038901856174280313,0.00019991559119482882,0.6734693877551021
3522,3848,고치다/Verb,49,16,33,0.0002000666888962988,0.00038872476065661166,0.6734693877551021
3523,3849,충/Noun,49,16,33,0.0002000666888962988,0.00038872476065661166,0.6734693877551021
3524,3850,목사/Noun,49,32,17,0.00037790374569300877,0.0002110220129278749,0.6530612244897959
3525,3851,이웃/Noun,49,17,32,0.00021118150494609317,0.0003776183389235656,0.6530612244897959
3526,3852,셋/Noun,49,17,32,0.00021118150494609317,0.0003776183389235656,0.6530612244897959
3527,3853,일생/Noun,49,32,17,0.00037790374569300877,0.0002110220129278749,0.6530612244897959
3528,3854,홍/Noun,49,18,31,0.0002222963209958875,0.00036651191719051963,0.6326530612244898
3529,3855,학살/Noun,49,18,31,0.0002222963209958875,0.00036651191719051963,0.6326530612244898
3530,3856,저절로/Noun,49,30,19,0.00035567411359342004,0.000233234856393967,0.6122448979591837
3531,3857,로망/Noun,49,30,19,0.00035567411359342004,0.000233234856393967,0.6122448979591837
3532,3858,품/Noun,49,29,20,0.0003445592975436257,0.00024434127812701304,0.5918367346938775
3533,3859,왕가위/Noun,49,29,20,0.0003445592975436257,0.00024434127812701304,0.5918367346938775
3534,3860,아시/Noun,49,29,20,0.0003445592975436257,0.00024434127812701304,0.5918367346938775
3535,3861,락/Noun,49,20,29,0.00024452595309547634,0.00034429907372442745,0.5918367346938775
3536,3862,도로/Noun,49,20,29,0.00024452595309547634,0.00034429907372442745,0.5918367346938775
3537,3863,예술가/Noun,49,29,20,0.0003445592975436257,0.00024434127812701304,0.5918367346938775
3538,3864,초기/Noun,49,20,29,0.00024452595309547634,0.00034429907372442745,0.5918367346938775
3539,3865,직/Noun,49,20,29,0.00024452595309547634,0.00034429907372442745,0.5918367346938775
3540,3866,비슷/Noun,49,21,28,0.00025564076914527065,0.0003331926519913814,0.5714285714285714
3541,3867,말르다/Adjective,49,21,28,0.00025564076914527065,0.0003331926519913814,0.5714285714285714
3542,3868,양조위/Noun,49,28,21,0.0003334444814938313,0.0002554476998600591,0.5714285714285714
3543,3869,월/Noun,49,28,21,0.0003334444814938313,0.0002554476998600591,0.5714285714285714
3544,3870,.(/Punctuation,49,22,27,0.000266755585195065,0.00032208623025833537,0.5510204081632653
3545,3871,채다/Verb,49,22,27,0.000266755585195065,0.00032208623025833537,0.5510204081632653
3546,3872,모순/Noun,49,27,22,0.00032232966544403684,0.00026655412159310506,0.5510204081632653
3547,3873,ㅇㅇㅇ/KoreanParticle,49,26,23,0.00031121484939424253,0.00027766054332615115,0.5306122448979592
3548,3874,올라오다/Verb,49,26,23,0.00031121484939424253,0.00027766054332615115,0.5306122448979592
3549,3875,자아/Noun,49,23,26,0.00027787040124485944,0.00031097980852528933,0.5306122448979592
3550,3876,테/Noun,49,26,23,0.00031121484939424253,0.00027766054332615115,0.5306122448979592
3551,3877,양/Noun,49,23,26,0.00027787040124485944,0.00031097980852528933,0.5306122448979592
3552,3880,내보내다/Verb,48,1,47,3.334444814938313e-05,0.0005442146649192564,0.9791666666666666
3553,3881,주옥/Noun,48,47,1,0.0005446259864399244,3.331926519913814e-05,0.9791666666666666
3554,3882,파워레인저/Noun,48,5,43,7.780371234856063e-05,0.0004997889779870722,0.8958333333333334
3555,3883,엉엉/Noun,48,41,7,0.0004779370901411582,9.995779559741441e-05,0.8541666666666666
3556,3884,이예/Noun,48,40,8,0.0004668222740913638,0.00011106421733046048,0.8333333333333334
3557,3885,그땐/Noun,48,40,8,0.0004668222740913638,0.00011106421733046048,0.8333333333333334
3558,3886,이혼/Noun,48,8,40,0.00011114816049794375,0.000466469712787934,0.8333333333333334
3559,3887,나빠지다/Verb,48,9,39,0.00012226297654773814,0.000455363291054888,0.8125
3560,3888,과잉/Noun,48,9,39,0.00012226297654773814,0.000455363291054888,0.8125
3561,3889,카피/Noun,48,9,39,0.00012226297654773814,0.000455363291054888,0.8125
3562,3890,노골/Noun,48,11,37,0.0001444926086473269,0.0004331504475887958,0.7708333333333334
3563,3891,젖다/Verb,48,36,12,0.00042236300989218633,0.00015548990426264466,0.75
3564,3892,8.5/Number,48,36,12,0.00042236300989218633,0.00015548990426264466,0.75
3565,3893,미국인/Noun,48,13,35,0.00016672224074691566,0.0004109376041227037,0.7291666666666666
3566,3894,품다/Verb,48,35,13,0.0004112481938423919,0.0001665963259956907,0.7291666666666666
3567,3895,려/Noun,48,13,35,0.00016672224074691566,0.0004109376041227037,0.7291666666666666
3568,3896,대고/Noun,48,14,34,0.00017783705679671002,0.00039983118238965764,0.7083333333333334
3569,3897,화판/Noun,48,14,34,0.00017783705679671002,0.00039983118238965764,0.7083333333333334
3570,3898,대감/Noun,48,14,34,0.00017783705679671002,0.00039983118238965764,0.7083333333333334
3571,3899,흥분/Noun,48,34,14,0.0004001333777925976,0.00017770274772873674,0.7083333333333334
3572,3900,마케팅/Noun,48,15,33,0.00018895187284650438,0.00038872476065661166,0.6875
3573,3901,한정/Noun,48,32,16,0.00037790374569300877,0.00019991559119482882,0.6666666666666666
3574,3902,아이러니/Noun,48,31,17,0.00036678892964321435,0.0002110220129278749,0.6458333333333334
3575,3903,따라오다/Verb,48,31,17,0.00036678892964321435,0.0002110220129278749,0.6458333333333334
3576,3904,송혜교/Noun,48,17,31,0.00021118150494609317,0.00036651191719051963,0.6458333333333334
3577,3905,신세경/Noun,48,17,31,0.00021118150494609317,0.00036651191719051963,0.6458333333333334
3578,3906,위기/Noun,48,17,31,0.00021118150494609317,0.00036651191719051963,0.6458333333333334
3579,3907,침묵/Noun,48,30,18,0.00035567411359342004,0.00022212843466092096,0.625
3580,3908,송지효/Noun,48,30,18,0.00035567411359342004,0.00022212843466092096,0.625
3581,3909,일요일/Noun,48,30,18,0.00035567411359342004,0.00022212843466092096,0.625
3582,3910,주원/Noun,48,30,18,0.00035567411359342004,0.00022212843466092096,0.625
3583,3911,저주/Noun,48,18,30,0.0002222963209958875,0.0003554054954574735,0.625
3584,3912,마르/Noun,48,29,19,0.0003445592975436257,0.000233234856393967,0.6041666666666666
3585,3913,지고/Noun,48,29,19,0.0003445592975436257,0.000233234856393967,0.6041666666666666
3586,3914,고자/Noun,48,19,29,0.0002334111370456819,0.00034429907372442745,0.6041666666666666
3587,3915,이구/Noun,48,28,20,0.0003334444814938313,0.00024434127812701304,0.5833333333333334
3588,3916,후속/Noun,48,28,20,0.0003334444814938313,0.00024434127812701304,0.5833333333333334
3589,3917,쏟아지다/Verb,48,28,20,0.0003334444814938313,0.00024434127812701304,0.5833333333333334
3590,3918,째다/Verb,48,20,28,0.00024452595309547634,0.0003331926519913814,0.5833333333333334
3591,3919,물건/Noun,48,20,28,0.00024452595309547634,0.0003331926519913814,0.5833333333333334
3592,3920,유우/Noun,48,20,28,0.00024452595309547634,0.0003331926519913814,0.5833333333333334
3593,3921,로다/Josa,48,21,27,0.00025564076914527065,0.00032208623025833537,0.5625
3594,3922,불안하다/Adjective,48,27,21,0.00032232966544403684,0.0002554476998600591,0.5625
3595,3923,증거/Noun,48,21,27,0.00025564076914527065,0.00032208623025833537,0.5625
3596,3924,줄리아/Noun,48,22,26,0.000266755585195065,0.00031097980852528933,0.5416666666666666
3597,3925,극/Noun,48,22,26,0.000266755585195065,0.00031097980852528933,0.5416666666666666
3598,3926,들보/Noun,48,22,26,0.000266755585195065,0.00031097980852528933,0.5416666666666666
3599,3927,알리다/Verb,48,25,23,0.00030010003334444816,0.00027766054332615115,0.5208333333333334
3600,3928,시간대/Noun,48,23,25,0.00027787040124485944,0.0002998733867922433,0.5208333333333334
3601,3929,긍정/Noun,48,25,23,0.00030010003334444816,0.00027766054332615115,0.5208333333333334
3602,3932,조악하다/Adjective,47,1,46,3.334444814938313e-05,0.0005331082431862101,0.9787234042553192
3603,3933,낚였/Noun,47,1,46,3.334444814938313e-05,0.0005331082431862101,0.9787234042553192
3604,3934,졸잼/Noun,47,43,4,0.0005001667222407468,6.663853039827628e-05,0.9148936170212766
3605,3935,클리셰/Noun,47,5,42,7.780371234856063e-05,0.0004886825562540262,0.8936170212765957
3606,3936,이스트/Noun,47,41,6,0.0004779370901411582,8.885137386436837e-05,0.8723404255319149
3607,3937,구역/Noun,47,8,39,0.00011114816049794375,0.000455363291054888,0.8297872340425532
3608,3938,구려/Noun,47,8,39,0.00011114816049794375,0.000455363291054888,0.8297872340425532
3609,3939,만날/Noun,47,38,9,0.000444592641991775,0.00012217063906350652,0.8085106382978723
3610,3940,대가리/Noun,47,9,38,0.00012226297654773814,0.0004442568693218419,0.8085106382978723
3611,3941,인척/Noun,47,10,37,0.0001333777925975325,0.0004331504475887958,0.7872340425531915
3612,3942,환장하다/Adjective,47,10,37,0.0001333777925975325,0.0004331504475887958,0.7872340425531915
3613,3943,-_-;/Punctuation,47,12,35,0.00015560742469712126,0.0004109376041227037,0.7446808510638298
3614,3944,타령/Noun,47,12,35,0.00015560742469712126,0.0004109376041227037,0.7446808510638298
3615,3945,하드/Noun,47,13,34,0.00016672224074691566,0.00039983118238965764,0.7234042553191491
3616,3946,면도/Noun,47,33,14,0.00038901856174280313,0.00017770274772873674,0.7021276595744681
3617,3947,붉다/Adjective,47,33,14,0.00038901856174280313,0.00017770274772873674,0.7021276595744681
3618,3948,조승우/Noun,47,33,14,0.00038901856174280313,0.00017770274772873674,0.7021276595744681
3619,3949,별다르다/Adjective,47,14,33,0.00017783705679671002,0.00038872476065661166,0.7021276595744681
3620,3950,시사/Noun,47,33,14,0.00038901856174280313,0.00017770274772873674,0.7021276595744681
3621,3951,도라에몽/Noun,47,33,14,0.00038901856174280313,0.00017770274772873674,0.7021276595744681
3622,3952,오페라/Noun,47,33,14,0.00038901856174280313,0.00017770274772873674,0.7021276595744681
3623,3953,신념/Noun,47,32,15,0.00037790374569300877,0.0001888091694617828,0.6808510638297872
3624,3954,아이언맨/Noun,47,32,15,0.00037790374569300877,0.0001888091694617828,0.6808510638297872
3625,3955,애국심/Noun,47,15,32,0.00018895187284650438,0.0003776183389235656,0.6808510638297872
3626,3956,작/Foreign,47,15,32,0.00018895187284650438,0.0003776183389235656,0.6808510638297872
3627,3957,미이라/Noun,47,15,32,0.00018895187284650438,0.0003776183389235656,0.6808510638297872
3628,3958,드래곤볼/Noun,47,15,32,0.00018895187284650438,0.0003776183389235656,0.6808510638297872
3629,3959,전이/Noun,47,31,16,0.00036678892964321435,0.00019991559119482882,0.6595744680851063
3630,3960,크루즈/Noun,47,31,16,0.00036678892964321435,0.00019991559119482882,0.6595744680851063
3631,3961,김명민/Noun,47,30,17,0.00035567411359342004,0.0002110220129278749,0.6382978723404256
3632,3962,웅장/Noun,47,30,17,0.00035567411359342004,0.0002110220129278749,0.6382978723404256
3633,3963,지브리/Noun,47,30,17,0.00035567411359342004,0.0002110220129278749,0.6382978723404256
3634,3964,홍금보/Noun,47,30,17,0.00035567411359342004,0.0002110220129278749,0.6382978723404256
3635,3965,쩜/Noun,47,29,18,0.0003445592975436257,0.00022212843466092096,0.6170212765957447
3636,3966,2015년/Number,47,29,18,0.0003445592975436257,0.00022212843466092096,0.6170212765957447
3637,3967,부여/Noun,47,18,29,0.0002222963209958875,0.00034429907372442745,0.6170212765957447
3638,3968,뻥/Noun,47,18,29,0.0002222963209958875,0.00034429907372442745,0.6170212765957447
3639,3969,국적/Noun,47,29,18,0.0003445592975436257,0.00022212843466092096,0.6170212765957447
3640,3970,독립/Noun,47,29,18,0.0003445592975436257,0.00022212843466092096,0.6170212765957447
3641,3971,메인/Noun,47,18,29,0.0002222963209958875,0.00034429907372442745,0.6170212765957447
3642,3972,밧다/Verb,47,29,18,0.0003445592975436257,0.00022212843466092096,0.6170212765957447
3643,3973,보고서/Noun,47,29,18,0.0003445592975436257,0.00022212843466092096,0.6170212765957447
3644,3974,자의/Noun,47,29,18,0.0003445592975436257,0.00022212843466092096,0.6170212765957447
3645,3975,겹/Noun,47,28,19,0.0003334444814938313,0.000233234856393967,0.5957446808510638
3646,3976,한글/Noun,47,28,19,0.0003334444814938313,0.000233234856393967,0.5957446808510638
3647,3977,간단하다/Adjective,47,19,28,0.0002334111370456819,0.0003331926519913814,0.5957446808510638
3648,3978,초점/Noun,47,20,27,0.00024452595309547634,0.00032208623025833537,0.5744680851063829
3649,3979,봉/Noun,47,20,27,0.00024452595309547634,0.00032208623025833537,0.5744680851063829
3650,3980,인종차별/Noun,47,20,27,0.00024452595309547634,0.00032208623025833537,0.5744680851063829
3651,3981,다크/Noun,47,26,21,0.00031121484939424253,0.0002554476998600591,0.5531914893617021
3652,3982,미리/Noun,47,21,26,0.00025564076914527065,0.00031097980852528933,0.5531914893617021
3653,3983,ㅐ/KoreanParticle,47,21,26,0.00025564076914527065,0.00031097980852528933,0.5531914893617021
3654,3984,꼬맹이/Noun,47,26,21,0.00031121484939424253,0.0002554476998600591,0.5531914893617021
3655,3985,쥬라기/Noun,47,21,26,0.00025564076914527065,0.00031097980852528933,0.5531914893617021
3656,3986,고수/Noun,47,21,26,0.00025564076914527065,0.00031097980852528933,0.5531914893617021
3657,3987,커지다/Verb,47,22,25,0.000266755585195065,0.0002998733867922433,0.5319148936170213
3658,3988,스탈/Noun,47,22,25,0.000266755585195065,0.0002998733867922433,0.5319148936170213
3659,3989,무지하다/Adjective,47,25,22,0.00030010003334444816,0.00026655412159310506,0.5319148936170213
3660,3990,비치/Noun,47,22,25,0.000266755585195065,0.0002998733867922433,0.5319148936170213
3661,3991,불쌍/Noun,47,22,25,0.000266755585195065,0.0002998733867922433,0.5319148936170213
3662,3992,배려/Noun,47,25,22,0.00030010003334444816,0.00026655412159310506,0.5319148936170213
3663,3993,열광하다/Adjective,47,22,25,0.000266755585195065,0.0002998733867922433,0.5319148936170213
3664,3998,남발/Noun,46,2,44,4.445926419917751e-05,0.0005108953997201182,0.9565217391304348
3665,3999,용가리/Noun,46,5,41,7.780371234856063e-05,0.00047757613452098,0.8913043478260869
3666,4000,배드/Noun,46,6,40,8.891852839835501e-05,0.000466469712787934,0.8695652173913043
3667,4001,재탕/Noun,46,6,40,8.891852839835501e-05,0.000466469712787934,0.8695652173913043
3668,4002,증말/Noun,46,7,39,0.0001000333444481494,0.000455363291054888,0.8478260869565217
3669,4003,우왕/Noun,46,39,7,0.00045570745804156943,9.995779559741441e-05,0.8478260869565217
3670,4004,재료/Noun,46,7,39,0.0001000333444481494,0.000455363291054888,0.8478260869565217
3671,4005,즐/Noun,46,7,39,0.0001000333444481494,0.000455363291054888,0.8478260869565217
3672,4006,덴젤/Noun,46,38,8,0.000444592641991775,0.00011106421733046048,0.8260869565217391
3673,4007,풍부하다/Adjective,46,37,9,0.0004334778259419807,0.00012217063906350652,0.8043478260869565
3674,4008,벗기다/Verb,46,9,37,0.00012226297654773814,0.0004331504475887958,0.8043478260869565
3675,4009,정당화/Noun,46,9,37,0.00012226297654773814,0.0004331504475887958,0.8043478260869565
3676,4010,저희/Noun,46,34,12,0.0004001333777925976,0.00015548990426264466,0.7391304347826086
3677,4011,땜시/Noun,46,12,34,0.00015560742469712126,0.00039983118238965764,0.7391304347826086
3678,4012,줄이다/Verb,46,13,33,0.00016672224074691566,0.00038872476065661166,0.7173913043478259
3679,4013,특징/Noun,46,13,33,0.00016672224074691566,0.00038872476065661166,0.7173913043478259
3680,4014,태양/Noun,46,33,13,0.00038901856174280313,0.0001665963259956907,0.7173913043478259
3681,4015,조정/Noun,46,13,33,0.00016672224074691566,0.00038872476065661166,0.7173913043478259
3682,4016,정통/Noun,46,32,14,0.00037790374569300877,0.00017770274772873674,0.6956521739130435
3683,4017,역쉬/Noun,46,31,15,0.00036678892964321435,0.0001888091694617828,0.6739130434782609
3684,4018,나와라/Noun,46,31,15,0.00036678892964321435,0.0001888091694617828,0.6739130434782609
3685,4019,6년/Number,46,31,15,0.00036678892964321435,0.0001888091694617828,0.6739130434782609
3686,4020,지원/Noun,46,16,30,0.0002000666888962988,0.0003554054954574735,0.6521739130434783
3687,4021,KBS/Alpha,46,30,16,0.00035567411359342004,0.00019991559119482882,0.6521739130434783
3688,4022,저기/Noun,46,16,30,0.0002000666888962988,0.0003554054954574735,0.6521739130434783
3689,4023,최선/Noun,46,30,16,0.00035567411359342004,0.00019991559119482882,0.6521739130434783
3690,4024,부자/Noun,46,17,29,0.00021118150494609317,0.00034429907372442745,0.6304347826086957
3691,4025,하나요/Noun,46,17,29,0.00021118150494609317,0.00034429907372442745,0.6304347826086957
3692,4026,만듬/Noun,46,17,29,0.00021118150494609317,0.00034429907372442745,0.6304347826086957
3693,4027,줄리/Noun,46,29,17,0.0003445592975436257,0.0002110220129278749,0.6304347826086957
3694,4028,헷갈리다/Adjective,46,18,28,0.0002222963209958875,0.0003331926519913814,0.6086956521739131
3695,4029,주먹/Noun,46,18,28,0.0002222963209958875,0.0003331926519913814,0.6086956521739131
3696,4030,환타지/Noun,46,18,28,0.0002222963209958875,0.0003331926519913814,0.6086956521739131
3697,4031,격투/Noun,46,27,19,0.00032232966544403684,0.000233234856393967,0.5869565217391305
3698,4032,ㄹㅇ/KoreanParticle,46,19,27,0.0002334111370456819,0.00032208623025833537,0.5869565217391305
3699,4033,칸/Noun,46,20,26,0.00024452595309547634,0.00031097980852528933,0.5652173913043478
3700,4034,호화/Noun,46,20,26,0.00024452595309547634,0.00031097980852528933,0.5652173913043478
3701,4035,패션/Noun,46,26,20,0.00031121484939424253,0.00024434127812701304,0.5652173913043478
3702,4036,짱구/Noun,46,20,26,0.00024452595309547634,0.00031097980852528933,0.5652173913043478
3703,4037,장난감/Noun,46,21,25,0.00025564076914527065,0.0002998733867922433,0.5434782608695652
3704,4038,대비/Noun,46,25,21,0.00030010003334444816,0.0002554476998600591,0.5434782608695652
3705,4039,하디/Noun,46,21,25,0.00025564076914527065,0.0002998733867922433,0.5434782608695652
3706,4040,서스펜스/Noun,46,25,21,0.00030010003334444816,0.0002554476998600591,0.5434782608695652
3707,4041,`/Punctuation,46,21,25,0.00025564076914527065,0.0002998733867922433,0.5434782608695652
3708,4042,검다/Adjective,46,21,25,0.00025564076914527065,0.0002998733867922433,0.5434782608695652
3709,4043,으로가/Josa,46,21,25,0.00025564076914527065,0.0002998733867922433,0.5434782608695652
3710,4044,여왕/Noun,46,21,25,0.00025564076914527065,0.0002998733867922433,0.5434782608695652
3711,4045,이형/Noun,46,24,22,0.0002889852172946538,0.00026655412159310506,0.5217391304347826
3712,4046,한텐/Noun,46,22,24,0.000266755585195065,0.0002887669650591972,0.5217391304347826
3713,4047,이던/Josa,46,22,24,0.000266755585195065,0.0002887669650591972,0.5217391304347826
3714,4051,최하/Noun,45,3,42,5.5574080248971876e-05,0.0004886825562540262,0.9333333333333332
3715,4052,어처구니없다/Adjective,45,3,42,5.5574080248971876e-05,0.0004886825562540262,0.9333333333333332
3716,4053,글쎄요/Noun,45,3,42,5.5574080248971876e-05,0.0004886825562540262,0.9333333333333332
3717,4054,흐뭇하다/Adjective,45,42,3,0.0004890519061909527,5.553210866523024e-05,0.9333333333333332
3718,4055,대략/Noun,45,5,40,7.780371234856063e-05,0.000466469712787934,0.8888888888888888
3719,4056,곁/Noun,45,40,5,0.0004668222740913638,7.774495213132233e-05,0.8888888888888888
3720,4057,성함/Noun,45,6,39,8.891852839835501e-05,0.000455363291054888,0.8666666666666667
3721,4058,팔다/Verb,45,7,38,0.0001000333444481494,0.0004442568693218419,0.8444444444444444
3722,4059,간첩/Noun,45,10,35,0.0001333777925975325,0.0004109376041227037,0.7777777777777778
3723,4060,구성은/Noun,45,10,35,0.0001333777925975325,0.0004109376041227037,0.7777777777777778
3724,4061,온몸/Noun,45,34,11,0.0004001333777925976,0.0001443834825295986,0.7555555555555555
3725,4062,수치/Noun,45,11,34,0.0001444926086473269,0.00039983118238965764,0.7555555555555555
3726,4063,행크스/Noun,45,34,11,0.0004001333777925976,0.0001443834825295986,0.7555555555555555
3727,4064,12년/Number,45,33,12,0.00038901856174280313,0.00015548990426264466,0.7333333333333333
3728,4065,직원/Noun,45,12,33,0.00015560742469712126,0.00038872476065661166,0.7333333333333333
3729,4066,도입/Noun,45,12,33,0.00015560742469712126,0.00038872476065661166,0.7333333333333333
3730,4067,모호하다/Adjective,45,13,32,0.00016672224074691566,0.0003776183389235656,0.7111111111111111
3731,4068,감수성/Noun,45,31,14,0.00036678892964321435,0.00017770274772873674,0.6888888888888889
3732,4069,게리/Noun,45,31,14,0.00036678892964321435,0.00017770274772873674,0.6888888888888889
3733,4070,박사/Noun,45,30,15,0.00035567411359342004,0.0001888091694617828,0.6666666666666666
3734,4071,김태희/Noun,45,16,29,0.0002000666888962988,0.00034429907372442745,0.6444444444444445
3735,4072,활용/Noun,45,16,29,0.0002000666888962988,0.00034429907372442745,0.6444444444444445
3736,4073,민/Noun,45,29,16,0.0003445592975436257,0.00019991559119482882,0.6444444444444445
3737,4074,고백/Noun,45,28,17,0.0003334444814938313,0.0002110220129278749,0.6222222222222222
3738,4075,남매/Noun,45,28,17,0.0003334444814938313,0.0002110220129278749,0.6222222222222222
3739,4076,그로/Noun,45,28,17,0.0003334444814938313,0.0002110220129278749,0.6222222222222222
3740,4077,총알/Noun,45,17,28,0.00021118150494609317,0.0003331926519913814,0.6222222222222222
3741,4078,부탁드리다/Adjective,45,28,17,0.0003334444814938313,0.0002110220129278749,0.6222222222222222
3742,4079,수위/Noun,45,17,28,0.00021118150494609317,0.0003331926519913814,0.6222222222222222
3743,4080,삐/Noun,45,17,28,0.00021118150494609317,0.0003331926519913814,0.6222222222222222
3744,4081,시민/Noun,45,17,28,0.00021118150494609317,0.0003331926519913814,0.6222222222222222
3745,4082,긋다/Verb,45,18,27,0.0002222963209958875,0.00032208623025833537,0.6
3746,4083,존내/Noun,45,18,27,0.0002222963209958875,0.00032208623025833537,0.6
3747,4084,노동자/Noun,45,26,19,0.00031121484939424253,0.000233234856393967,0.5777777777777777
3748,4085,영감/Noun,45,26,19,0.00031121484939424253,0.000233234856393967,0.5777777777777777
3749,4086,닫다/Verb,45,19,26,0.0002334111370456819,0.00031097980852528933,0.5777777777777777
3750,4087,법정/Noun,45,26,19,0.00031121484939424253,0.000233234856393967,0.5777777777777777
3751,4088,똑똑하다/Adjective,45,26,19,0.00031121484939424253,0.000233234856393967,0.5777777777777777
3752,4089,부디/Noun,45,25,20,0.00030010003334444816,0.00024434127812701304,0.5555555555555556
3753,4090,모성애/Noun,45,25,20,0.00030010003334444816,0.00024434127812701304,0.5555555555555556
3754,4091,이나영/Noun,45,21,24,0.00025564076914527065,0.0002887669650591972,0.5333333333333333
3755,4092,마녀/Noun,45,24,21,0.0002889852172946538,0.0002554476998600591,0.5333333333333333
3756,4093,간간히/Adverb,45,21,24,0.00025564076914527065,0.0002887669650591972,0.5333333333333333
3757,4094,극찬/Noun,45,21,24,0.00025564076914527065,0.0002887669650591972,0.5333333333333333
3758,4095,리브/Noun,45,24,21,0.0002889852172946538,0.0002554476998600591,0.5333333333333333
3759,4096,가미/Noun,45,21,24,0.00025564076914527065,0.0002887669650591972,0.5333333333333333
3760,4097,복/Noun,45,24,21,0.0002889852172946538,0.0002554476998600591,0.5333333333333333
3761,4098,어째서/Noun,45,24,21,0.0002889852172946538,0.0002554476998600591,0.5333333333333333
3762,4102,♥♥♥♥/Foreign,44,44,0,0.0005112815382905413,2.2212843466092093e-05,1.0
3763,4103,자위/Noun,44,2,42,4.445926419917751e-05,0.0004886825562540262,0.9545454545454546
3764,4104,용두사미/Noun,44,2,42,4.445926419917751e-05,0.0004886825562540262,0.9545454545454546
3765,4105,모야/Noun,44,3,41,5.5574080248971876e-05,0.00047757613452098,0.9318181818181818
3766,4106,앞서/Noun,44,41,3,0.0004779370901411582,5.553210866523024e-05,0.9318181818181818
3767,4107,구역질/Noun,44,3,41,5.5574080248971876e-05,0.00047757613452098,0.9318181818181818
3768,4108,삼가다/Verb,44,39,5,0.00045570745804156943,7.774495213132233e-05,0.8863636363636364
3769,4109,뽕/Noun,44,6,38,8.891852839835501e-05,0.0004442568693218419,0.8636363636363636
3770,4110,느슨하다/Adjective,44,7,37,0.0001000333444481494,0.0004331504475887958,0.8409090909090909
3771,4111,코스프레/Noun,44,7,37,0.0001000333444481494,0.0004331504475887958,0.8409090909090909
3772,4112,노리다/Verb,44,7,37,0.0001000333444481494,0.0004331504475887958,0.8409090909090909
3773,4113,등급/Noun,44,8,36,0.00011114816049794375,0.0004220440258557498,0.8181818181818182
3774,4114,가을/Noun,44,36,8,0.00042236300989218633,0.00011106421733046048,0.8181818181818182
3775,4115,노말/Noun,44,8,36,0.00011114816049794375,0.0004220440258557498,0.8181818181818182
3776,4116,ㅂㅅ/KoreanParticle,44,8,36,0.00011114816049794375,0.0004220440258557498,0.8181818181818182
3777,4117,펭귄/Noun,44,36,8,0.00042236300989218633,0.00011106421733046048,0.8181818181818182
3778,4118,에러/Noun,44,9,35,0.00012226297654773814,0.0004109376041227037,0.7954545454545454
3779,4119,드립/Noun,44,9,35,0.00012226297654773814,0.0004109376041227037,0.7954545454545454
3780,4120,구리다/Adjective,44,9,35,0.00012226297654773814,0.0004109376041227037,0.7954545454545454
3781,4121,읍/Noun,44,9,35,0.00012226297654773814,0.0004109376041227037,0.7954545454545454
3782,4122,섭외/Noun,44,9,35,0.00012226297654773814,0.0004109376041227037,0.7954545454545454
3783,4123,15분/Number,44,10,34,0.0001333777925975325,0.00039983118238965764,0.7727272727272727
3784,4124,중국인/Noun,44,10,34,0.0001333777925975325,0.00039983118238965764,0.7727272727272727
3785,4125,에여/Josa,44,34,10,0.0004001333777925976,0.00013327706079655256,0.7727272727272727
3786,4126,병원/Noun,44,11,33,0.0001444926086473269,0.00038872476065661166,0.75
3787,4127,불후/Noun,44,32,12,0.00037790374569300877,0.00015548990426264466,0.7272727272727273
3788,4128,성숙하다/Adjective,44,32,12,0.00037790374569300877,0.00015548990426264466,0.7272727272727273
3789,4129,해안가/Noun,44,12,32,0.00015560742469712126,0.0003776183389235656,0.7272727272727273
3790,4130,똑바로/Noun,44,13,31,0.00016672224074691566,0.00036651191719051963,0.7045454545454546
3791,4131,구멍/Noun,44,13,31,0.00016672224074691566,0.00036651191719051963,0.7045454545454546
3792,4132,워커/Noun,44,31,13,0.00036678892964321435,0.0001665963259956907,0.7045454545454546
3793,4133,낙/Noun,44,31,13,0.00036678892964321435,0.0001665963259956907,0.7045454545454546
3794,4134,레오/Noun,44,31,13,0.00036678892964321435,0.0001665963259956907,0.7045454545454546
3795,4135,부재/Noun,44,13,31,0.00016672224074691566,0.00036651191719051963,0.7045454545454546
3796,4136,인터뷰/Noun,44,13,31,0.00016672224074691566,0.00036651191719051963,0.7045454545454546
3797,4137,가져오다/Verb,44,14,30,0.00017783705679671002,0.0003554054954574735,0.6818181818181818
3798,4138,아무래도/Adverb,44,14,30,0.00017783705679671002,0.0003554054954574735,0.6818181818181818
3799,4139,북/Noun,44,14,30,0.00017783705679671002,0.0003554054954574735,0.6818181818181818
3800,4140,절실/Noun,44,30,14,0.00035567411359342004,0.00017770274772873674,0.6818181818181818
3801,4141,비롯/Noun,44,29,15,0.0003445592975436257,0.0001888091694617828,0.6590909090909091
3802,4142,지존/Noun,44,29,15,0.0003445592975436257,0.0001888091694617828,0.6590909090909091
3803,4143,슬래셔/Noun,44,15,29,0.00018895187284650438,0.00034429907372442745,0.6590909090909091
3804,4144,걸치다/Verb,44,15,29,0.00018895187284650438,0.00034429907372442745,0.6590909090909091
3805,4145,무적/Noun,44,16,28,0.0002000666888962988,0.0003331926519913814,0.6363636363636364
3806,4146,지금껏/Noun,44,28,16,0.0003334444814938313,0.00019991559119482882,0.6363636363636364
3807,4147,숲/Noun,44,27,17,0.00032232966544403684,0.0002110220129278749,0.6136363636363636
3808,4148,신민아/Noun,44,27,17,0.00032232966544403684,0.0002110220129278749,0.6136363636363636
3809,4149,양동근/Noun,44,17,27,0.00021118150494609317,0.00032208623025833537,0.6136363636363636
3810,4150,괜/Noun,44,26,18,0.00031121484939424253,0.00022212843466092096,0.5909090909090909
3811,4151,뼈/Noun,44,26,18,0.00031121484939424253,0.00022212843466092096,0.5909090909090909
3812,4152,천만/Noun,44,18,26,0.0002222963209958875,0.00031097980852528933,0.5909090909090909
3813,4153,구원/Noun,44,26,18,0.00031121484939424253,0.00022212843466092096,0.5909090909090909
3814,4154,고요/Noun,44,26,18,0.00031121484939424253,0.00022212843466092096,0.5909090909090909
3815,4155,세우다/Verb,44,18,26,0.0002222963209958875,0.00031097980852528933,0.5909090909090909
3816,4156,정사/Noun,44,19,25,0.0002334111370456819,0.0002998733867922433,0.5681818181818182
3817,4157,다기/Noun,44,19,25,0.0002334111370456819,0.0002998733867922433,0.5681818181818182
3818,4158,임권택/Noun,44,19,25,0.0002334111370456819,0.0002998733867922433,0.5681818181818182
3819,4159,대전/Noun,44,19,25,0.0002334111370456819,0.0002998733867922433,0.5681818181818182
3820,4160,16/Number,44,25,19,0.00030010003334444816,0.000233234856393967,0.5681818181818182
3821,4161,광팬/Noun,44,25,19,0.00030010003334444816,0.000233234856393967,0.5681818181818182
3822,4162,진보/Noun,44,24,20,0.0002889852172946538,0.00024434127812701304,0.5454545454545454
3823,4163,드림웍스/Noun,44,20,24,0.00024452595309547634,0.0002887669650591972,0.5454545454545454
3824,4164,유리/Noun,44,20,24,0.00024452595309547634,0.0002887669650591972,0.5454545454545454
3825,4165,실사/Noun,44,20,24,0.00024452595309547634,0.0002887669650591972,0.5454545454545454
3826,4166,스텝업/Noun,44,20,24,0.00024452595309547634,0.0002887669650591972,0.5454545454545454
3827,4167,긴박하다/Adjective,44,21,23,0.00025564076914527065,0.00027766054332615115,0.5227272727272727
3828,4168,임수정/Noun,44,23,21,0.00027787040124485944,0.0002554476998600591,0.5227272727272727
3829,4169,장군/Noun,44,21,23,0.00025564076914527065,0.00027766054332615115,0.5227272727272727
3830,4171,곱씹다/Verb,43,42,1,0.0004890519061909527,3.331926519913814e-05,0.9767441860465116
3831,4172,very/Alpha,43,42,1,0.0004890519061909527,3.331926519913814e-05,0.9767441860465116
3832,4173,실종/Noun,43,1,42,3.334444814938313e-05,0.0004886825562540262,0.9767441860465116
3833,4174,나발/Noun,43,2,41,4.445926419917751e-05,0.00047757613452098,0.9534883720930232
3834,4175,리즈시절/Noun,43,40,3,0.0004668222740913638,5.553210866523024e-05,0.9302325581395348
3835,4176,미묘하다/Adjective,43,39,4,0.00045570745804156943,6.663853039827628e-05,0.9069767441860463
3836,4177,허무맹랑/Noun,43,6,37,8.891852839835501e-05,0.0004331504475887958,0.8604651162790697
3837,4178,실소/Noun,43,7,36,0.0001000333444481494,0.0004220440258557498,0.8372093023255814
3838,4179,요약/Noun,43,8,35,0.00011114816049794375,0.0004109376041227037,0.813953488372093
3839,4180,8년/Number,43,35,8,0.0004112481938423919,0.00011106421733046048,0.813953488372093
3840,4181,비명/Noun,43,8,35,0.00011114816049794375,0.0004109376041227037,0.813953488372093
3841,4182,PD/Alpha,43,8,35,0.00011114816049794375,0.0004109376041227037,0.813953488372093
3842,4183,말기/Noun,43,9,34,0.00012226297654773814,0.00039983118238965764,0.7906976744186046
3843,4184,훈남/Noun,43,34,9,0.0004001333777925976,0.00012217063906350652,0.7906976744186046
3844,4185,콤비/Noun,43,33,10,0.00038901856174280313,0.00013327706079655256,0.7674418604651163
3845,4186,박해일/Noun,43,32,11,0.00037790374569300877,0.0001443834825295986,0.7441860465116279
3846,4187,정도/Foreign,43,11,32,0.0001444926086473269,0.0003776183389235656,0.7441860465116279
3847,4188,자랑스럽다/Adjective,43,32,11,0.00037790374569300877,0.0001443834825295986,0.7441860465116279
3848,4189,이념/Noun,43,31,12,0.00036678892964321435,0.00015548990426264466,0.7209302325581395
3849,4190,낯/Noun,43,12,31,0.00015560742469712126,0.00036651191719051963,0.7209302325581395
3850,4191,명도/Noun,43,12,31,0.00015560742469712126,0.00036651191719051963,0.7209302325581395
3851,4192,크리스토퍼/Noun,43,31,12,0.00036678892964321435,0.00015548990426264466,0.7209302325581395
3852,4193,일도/Noun,43,13,30,0.00016672224074691566,0.0003554054954574735,0.6976744186046512
3853,4194,거만/Noun,43,13,30,0.00016672224074691566,0.0003554054954574735,0.6976744186046512
3854,4195,에게서/Josa,43,30,13,0.00035567411359342004,0.0001665963259956907,0.6976744186046512
3855,4196,미국영화/Noun,43,13,30,0.00016672224074691566,0.0003554054954574735,0.6976744186046512
3856,4197,뮤직비디오/Noun,43,13,30,0.00016672224074691566,0.0003554054954574735,0.6976744186046512
3857,4198,모티브/Noun,43,13,30,0.00016672224074691566,0.0003554054954574735,0.6976744186046512
3858,4199,요구/Noun,43,13,30,0.00016672224074691566,0.0003554054954574735,0.6976744186046512
3859,4200,만/Foreign,43,14,29,0.00017783705679671002,0.00034429907372442745,0.6744186046511628
3860,4201,깨지다/Verb,43,14,29,0.00017783705679671002,0.00034429907372442745,0.6744186046511628
3861,4202,호강/Noun,43,29,14,0.0003445592975436257,0.00017770274772873674,0.6744186046511628
3862,4203,뉴욕/Noun,43,29,14,0.0003445592975436257,0.00017770274772873674,0.6744186046511628
3863,4204,끊임없다/Adjective,43,29,14,0.0003445592975436257,0.00017770274772873674,0.6744186046511628
3864,4205,남지/Noun,43,15,28,0.00018895187284650438,0.0003331926519913814,0.6511627906976745
3865,4206,옹/Noun,43,28,15,0.0003334444814938313,0.0001888091694617828,0.6511627906976745
3866,4207,교수/Noun,43,15,28,0.00018895187284650438,0.0003331926519913814,0.6511627906976745
3867,4208,학원/Noun,43,15,28,0.00018895187284650438,0.0003331926519913814,0.6511627906976745
3868,4209,2003년/Number,43,28,15,0.0003334444814938313,0.0001888091694617828,0.6511627906976745
3869,4210,혹평/Noun,43,28,15,0.0003334444814938313,0.0001888091694617828,0.6511627906976745
3870,4211,쫓다/Verb,43,15,28,0.00018895187284650438,0.0003331926519913814,0.6511627906976745
3871,4212,지니다/Verb,43,27,16,0.00032232966544403684,0.00019991559119482882,0.627906976744186
3872,4213,꺼리다/Verb,43,16,27,0.0002000666888962988,0.00032208623025833537,0.627906976744186
3873,4214,그/Modifier,43,16,27,0.0002000666888962988,0.00032208623025833537,0.627906976744186
3874,4215,라마/Noun,43,16,27,0.0002000666888962988,0.00032208623025833537,0.627906976744186
3875,4216,저번/Noun,43,17,26,0.00021118150494609317,0.00031097980852528933,0.6046511627906976
3876,4217,쓰러지다/Verb,43,17,26,0.00021118150494609317,0.00031097980852528933,0.6046511627906976
3877,4218,은퇴/Noun,43,17,26,0.00021118150494609317,0.00031097980852528933,0.6046511627906976
3878,4219,주목/Noun,43,26,17,0.00031121484939424253,0.0002110220129278749,0.6046511627906976
3879,4220,종류/Noun,43,26,17,0.00031121484939424253,0.0002110220129278749,0.6046511627906976
3880,4221,벽/Noun,43,26,17,0.00031121484939424253,0.0002110220129278749,0.6046511627906976
3881,4222,물의/Noun,43,25,18,0.00030010003334444816,0.00022212843466092096,0.5813953488372093
3882,4223,계획/Noun,43,25,18,0.00030010003334444816,0.00022212843466092096,0.5813953488372093
3883,4224,아역배우/Noun,43,25,18,0.00030010003334444816,0.00022212843466092096,0.5813953488372093
3884,4225,미술/Noun,43,25,18,0.00030010003334444816,0.00022212843466092096,0.5813953488372093
3885,4226,해적/Noun,43,25,18,0.00030010003334444816,0.00022212843466092096,0.5813953488372093
3886,4227,엽문/Noun,43,19,24,0.0002334111370456819,0.0002887669650591972,0.5581395348837209
3887,4228,밴드/Noun,43,24,19,0.0002889852172946538,0.000233234856393967,0.5581395348837209
3888,4229,몫/Noun,43,19,24,0.0002334111370456819,0.0002887669650591972,0.5581395348837209
3889,4230,노랗다/Adjective,43,20,23,0.00024452595309547634,0.00027766054332615115,0.5348837209302325
3890,4231,공중파/Noun,43,23,20,0.00027787040124485944,0.00024434127812701304,0.5348837209302325
3891,4232,기어/Noun,43,20,23,0.00024452595309547634,0.00027766054332615115,0.5348837209302325
3892,4233,가해자/Noun,43,20,23,0.00024452595309547634,0.00027766054332615115,0.5348837209302325
3893,4234,와이프/Noun,43,23,20,0.00027787040124485944,0.00024434127812701304,0.5348837209302325
3894,4235,명확하다/Adjective,43,23,20,0.00027787040124485944,0.00024434127812701304,0.5348837209302325
3895,4242,도통/Noun,42,1,41,3.334444814938313e-05,0.00047757613452098,0.9761904761904762
3896,4243,남아돌다/Verb,42,1,41,3.334444814938313e-05,0.00047757613452098,0.9761904761904762
3897,4244,저급/Noun,42,2,40,4.445926419917751e-05,0.000466469712787934,0.9523809523809524
3898,4245,귀요미/Noun,42,38,4,0.000444592641991775,6.663853039827628e-05,0.9047619047619048
3899,4246,화만/Noun,42,4,38,6.668889629876625e-05,0.0004442568693218419,0.9047619047619048
3900,4247,에든/Josa,42,37,5,0.0004334778259419807,7.774495213132233e-05,0.8809523809523809
3901,4248,집어넣다/Verb,42,5,37,7.780371234856063e-05,0.0004331504475887958,0.8809523809523809
3902,4249,미안/Noun,42,6,36,8.891852839835501e-05,0.0004220440258557498,0.8571428571428571
3903,4250,이준기/Noun,42,35,7,0.0004112481938423919,9.995779559741441e-05,0.8333333333333334
3904,4251,망상/Noun,42,8,34,0.00011114816049794375,0.00039983118238965764,0.8095238095238095
3905,4252,눈뜨다/Verb,42,8,34,0.00011114816049794375,0.00039983118238965764,0.8095238095238095
3906,4253,찜찜하다/Adjective,42,8,34,0.00011114816049794375,0.00039983118238965764,0.8095238095238095
3907,4254,매혹/Noun,42,33,9,0.00038901856174280313,0.00012217063906350652,0.7857142857142857
3908,4255,경계/Noun,42,33,9,0.00038901856174280313,0.00012217063906350652,0.7857142857142857
3909,4256,상치/Noun,42,33,9,0.00038901856174280313,0.00012217063906350652,0.7857142857142857
3910,4257,진짜진짜/Noun,42,33,9,0.00038901856174280313,0.00012217063906350652,0.7857142857142857
3911,4258,자유롭다/Adjective,42,33,9,0.00038901856174280313,0.00012217063906350652,0.7857142857142857
3912,4259,사춘기/Noun,42,32,10,0.00037790374569300877,0.00013327706079655256,0.7619047619047619
3913,4260,앵글/Noun,42,10,32,0.0001333777925975325,0.0003776183389235656,0.7619047619047619
3914,4261,내기/Noun,42,11,31,0.0001444926086473269,0.00036651191719051963,0.7380952380952381
3915,4262,원인/Noun,42,11,31,0.0001444926086473269,0.00036651191719051963,0.7380952380952381
3916,4263,..??/Punctuation,42,11,31,0.0001444926086473269,0.00036651191719051963,0.7380952380952381
3917,4264,박신양/Noun,42,30,12,0.00035567411359342004,0.00015548990426264466,0.7142857142857143
3918,4265,덕후/Noun,42,12,30,0.00015560742469712126,0.0003554054954574735,0.7142857142857143
3919,4266,4년/Number,42,29,13,0.0003445592975436257,0.0001665963259956907,0.6904761904761905
3920,4267,주상욱/Noun,42,13,29,0.00016672224074691566,0.00034429907372442745,0.6904761904761905
3921,4268,강제/Noun,42,13,29,0.00016672224074691566,0.00034429907372442745,0.6904761904761905
3922,4269,유아인/Noun,42,28,14,0.0003334444814938313,0.00017770274772873674,0.6666666666666666
3923,4270,............/Punctuation,42,14,28,0.00017783705679671002,0.0003331926519913814,0.6666666666666666
3924,4271,원표/Noun,42,28,14,0.0003334444814938313,0.00017770274772873674,0.6666666666666666
3925,4272,가르다/Verb,42,28,14,0.0003334444814938313,0.00017770274772873674,0.6666666666666666
3926,4273,도하/Noun,42,27,15,0.00032232966544403684,0.0001888091694617828,0.6428571428571429
3927,4274,3년/Number,42,27,15,0.00032232966544403684,0.0001888091694617828,0.6428571428571429
3928,4275,그딴/Modifier,42,15,27,0.00018895187284650438,0.00032208623025833537,0.6428571428571429
3929,4276,권하다/Verb,42,15,27,0.00018895187284650438,0.00032208623025833537,0.6428571428571429
3930,4277,아프리카/Noun,42,26,16,0.00031121484939424253,0.00019991559119482882,0.6190476190476191
3931,4278,강지환/Noun,42,26,16,0.00031121484939424253,0.00019991559119482882,0.6190476190476191
3932,4279,포켓몬/Noun,42,17,25,0.00021118150494609317,0.0002998733867922433,0.5952380952380952
3933,4280,ㄱㄱ/KoreanParticle,42,17,25,0.00021118150494609317,0.0002998733867922433,0.5952380952380952
3934,4281,CGV/Alpha,42,17,25,0.00021118150494609317,0.0002998733867922433,0.5952380952380952
3935,4282,고로/Noun,42,18,24,0.0002222963209958875,0.0002887669650591972,0.5714285714285714
3936,4283,휴먼/Noun,42,24,18,0.0002889852172946538,0.00022212843466092096,0.5714285714285714
3937,4284,구르다/Verb,42,18,24,0.0002222963209958875,0.0002887669650591972,0.5714285714285714
3938,4285,여동생/Noun,42,18,24,0.0002222963209958875,0.0002887669650591972,0.5714285714285714
3939,4286,조금씩/Adverb,42,23,19,0.00027787040124485944,0.000233234856393967,0.5476190476190477
3940,4287,아가/Noun,42,23,19,0.00027787040124485944,0.000233234856393967,0.5476190476190477
3941,4288,3일/Number,42,23,19,0.00027787040124485944,0.000233234856393967,0.5476190476190477
3942,4289,고발/Noun,42,19,23,0.0002334111370456819,0.00027766054332615115,0.5476190476190477
3943,4290,랩/Noun,42,19,23,0.0002334111370456819,0.00027766054332615115,0.5476190476190477
3944,4291,닉/Noun,42,23,19,0.00027787040124485944,0.000233234856393967,0.5476190476190477
3945,4292,*/Punctuation,42,19,23,0.0002334111370456819,0.00027766054332615115,0.5476190476190477
3946,4293,땡기다/Verb,42,23,19,0.00027787040124485944,0.000233234856393967,0.5476190476190477
3947,4294,석/Modifier,42,20,22,0.00024452595309547634,0.00026655412159310506,0.5238095238095238
3948,4295,일드/Noun,42,20,22,0.00024452595309547634,0.00026655412159310506,0.5238095238095238
3949,4296,나나/Noun,42,20,22,0.00024452595309547634,0.00026655412159310506,0.5238095238095238
3950,4297,히스/Noun,42,22,20,0.000266755585195065,0.00024434127812701304,0.5238095238095238
3951,4298,이를/Josa,42,22,20,0.000266755585195065,0.00024434127812701304,0.5238095238095238
3952,4299,2005년/Number,42,20,22,0.00024452595309547634,0.00026655412159310506,0.5238095238095238
3953,4300,슈렉/Noun,42,22,20,0.000266755585195065,0.00024434127812701304,0.5238095238095238
3954,4301,게왜/Noun,42,22,20,0.000266755585195065,0.00024434127812701304,0.5238095238095238
3955,4302,오랜만/Adverb,42,22,20,0.000266755585195065,0.00024434127812701304,0.5238095238095238
3956,4303,김선아/Noun,42,22,20,0.000266755585195065,0.00024434127812701304,0.5238095238095238
3957,4304,르/Noun,42,22,20,0.000266755585195065,0.00024434127812701304,0.5238095238095238
3958,4306,서프라이즈/Noun,41,2,39,4.445926419917751e-05,0.000455363291054888,0.951219512195122
3959,4307,존잼/Noun,41,39,2,0.00045570745804156943,4.4425686932184186e-05,0.951219512195122
3960,4308,가슴속/Noun,41,39,2,0.00045570745804156943,4.4425686932184186e-05,0.951219512195122
3961,4309,우리네/Noun,41,39,2,0.00045570745804156943,4.4425686932184186e-05,0.951219512195122
3962,4310,소박하다/Adjective,41,38,3,0.000444592641991775,5.553210866523024e-05,0.9268292682926829
3963,4311,짓거리/Noun,41,4,37,6.668889629876625e-05,0.0004331504475887958,0.902439024390244
3964,4312,희망이/Noun,41,36,5,0.00042236300989218633,7.774495213132233e-05,0.8780487804878049
3965,4313,예수님/Noun,41,35,6,0.0004112481938423919,8.885137386436837e-05,0.8536585365853658
3966,4314,충무로/Noun,41,8,33,0.00011114816049794375,0.00038872476065661166,0.8048780487804879
3967,4315,기쁨/Noun,41,33,8,0.00038901856174280313,0.00011106421733046048,0.8048780487804879
3968,4316,두근거리다/Adjective,41,33,8,0.00038901856174280313,0.00011106421733046048,0.8048780487804879
3969,4317,시보/Noun,41,33,8,0.00038901856174280313,0.00011106421733046048,0.8048780487804879
3970,4318,쏙/Noun,41,32,9,0.00037790374569300877,0.00012217063906350652,0.7804878048780488
3971,4319,쌈/Noun,41,9,32,0.00012226297654773814,0.0003776183389235656,0.7804878048780488
3972,4320,멘붕/Noun,41,9,32,0.00012226297654773814,0.0003776183389235656,0.7804878048780488
3973,4321,선하다/Adjective,41,32,9,0.00037790374569300877,0.00012217063906350652,0.7804878048780488
3974,4322,조조/Noun,41,10,31,0.0001333777925975325,0.00036651191719051963,0.7560975609756098
3975,4323,꼴리다/Verb,41,10,31,0.0001333777925975325,0.00036651191719051963,0.7560975609756098
3976,4324,행위/Noun,41,11,30,0.0001444926086473269,0.0003554054954574735,0.7317073170731707
3977,4325,유오성/Noun,41,12,29,0.00015560742469712126,0.00034429907372442745,0.7073170731707317
3978,4326,미흡하다/Adjective,41,12,29,0.00015560742469712126,0.00034429907372442745,0.7073170731707317
3979,4327,^^;/Punctuation,41,29,12,0.0003445592975436257,0.00015548990426264466,0.7073170731707317
3980,4328,오타쿠/Noun,41,12,29,0.00015560742469712126,0.00034429907372442745,0.7073170731707317
3981,4329,어우/Noun,41,12,29,0.00015560742469712126,0.00034429907372442745,0.7073170731707317
3982,4330,피터/Noun,41,29,12,0.0003445592975436257,0.00015548990426264466,0.7073170731707317
3983,4331,쓰기/Noun,41,12,29,0.00015560742469712126,0.00034429907372442745,0.7073170731707317
3984,4332,파고들다/Verb,41,29,12,0.0003445592975436257,0.00015548990426264466,0.7073170731707317
3985,4333,웹툰/Noun,41,12,29,0.00015560742469712126,0.00034429907372442745,0.7073170731707317
3986,4334,이러하다/Adjective,41,29,12,0.0003445592975436257,0.00015548990426264466,0.7073170731707317
3987,4335,->/Punctuation,41,13,28,0.00016672224074691566,0.0003331926519913814,0.6829268292682927
3988,4336,임신/Noun,41,13,28,0.00016672224074691566,0.0003331926519913814,0.6829268292682927
3989,4337,맷/Noun,41,28,13,0.0003334444814938313,0.0001665963259956907,0.6829268292682927
3990,4338,50년/Number,41,28,13,0.0003334444814938313,0.0001665963259956907,0.6829268292682927
3991,4339,디지다/Verb,41,13,28,0.00016672224074691566,0.0003331926519913814,0.6829268292682927
3992,4340,수십/Modifier,41,28,13,0.0003334444814938313,0.0001665963259956907,0.6829268292682927
3993,4341,차이다/Verb,41,13,28,0.00016672224074691566,0.0003331926519913814,0.6829268292682927
3994,4342,2012년/Number,41,14,27,0.00017783705679671002,0.00032208623025833537,0.6585365853658537
3995,4343,언급/Noun,41,14,27,0.00017783705679671002,0.00032208623025833537,0.6585365853658537
3996,4344,통수/Noun,41,14,27,0.00017783705679671002,0.00032208623025833537,0.6585365853658537
3997,4345,대로/Noun,41,14,27,0.00017783705679671002,0.00032208623025833537,0.6585365853658537
3998,4346,부턴/Josa,41,14,27,0.00017783705679671002,0.00032208623025833537,0.6585365853658537
3999,4347,it/Alpha,41,27,14,0.00032232966544403684,0.00017770274772873674,0.6585365853658537
4000,4348,황비홍/Noun,41,26,15,0.00031121484939424253,0.0001888091694617828,0.6341463414634146
4001,4349,해피/Noun,41,26,15,0.00031121484939424253,0.0001888091694617828,0.6341463414634146
4002,4350,지역/Noun,41,15,26,0.00018895187284650438,0.00031097980852528933,0.6341463414634146
4003,4351,궁/Noun,41,15,26,0.00018895187284650438,0.00031097980852528933,0.6341463414634146
4004,4352,날아가다/Verb,41,16,25,0.0002000666888962988,0.0002998733867922433,0.6097560975609756
4005,4353,@/Punctuation,41,16,25,0.0002000666888962988,0.0002998733867922433,0.6097560975609756
4006,4354,레드/Noun,41,25,16,0.00030010003334444816,0.00019991559119482882,0.6097560975609756
4007,4355,압박/Noun,41,16,25,0.0002000666888962988,0.0002998733867922433,0.6097560975609756
4008,4356,자매/Noun,41,17,24,0.00021118150494609317,0.0002887669650591972,0.5853658536585366
4009,4357,일베충/Noun,41,24,17,0.0002889852172946538,0.0002110220129278749,0.5853658536585366
4010,4358,독/Noun,41,17,24,0.00021118150494609317,0.0002887669650591972,0.5853658536585366
4011,4359,디자인/Noun,41,17,24,0.00021118150494609317,0.0002887669650591972,0.5853658536585366
4012,4360,재기/Noun,41,24,17,0.0002889852172946538,0.0002110220129278749,0.5853658536585366
4013,4361,작렬/Noun,41,17,24,0.00021118150494609317,0.0002887669650591972,0.5853658536585366
4014,4362,죽여주다/Verb,41,23,18,0.00027787040124485944,0.00022212843466092096,0.5609756097560976
4015,4363,어르다/Verb,41,18,23,0.0002222963209958875,0.00027766054332615115,0.5609756097560976
4016,4364,책임/Noun,41,18,23,0.0002222963209958875,0.00027766054332615115,0.5609756097560976
4017,4365,가능/Noun,41,23,18,0.00027787040124485944,0.00022212843466092096,0.5609756097560976
4018,4366,장나라/Noun,41,23,18,0.00027787040124485944,0.00022212843466092096,0.5609756097560976
4019,4367,휴가/Noun,41,23,18,0.00027787040124485944,0.00022212843466092096,0.5609756097560976
4020,4368,2013년/Number,41,18,23,0.0002222963209958875,0.00027766054332615115,0.5609756097560976
4021,4369,진작/Noun,41,23,18,0.00027787040124485944,0.00022212843466092096,0.5609756097560976
4022,4370,현/Noun,41,19,22,0.0002334111370456819,0.00026655412159310506,0.5365853658536586
4023,4371,빚/Noun,41,19,22,0.0002334111370456819,0.00026655412159310506,0.5365853658536586
4024,4372,식스센스/Noun,41,19,22,0.0002334111370456819,0.00026655412159310506,0.5365853658536586
4025,4376,위원/Noun,40,2,38,4.445926419917751e-05,0.0004442568693218419,0.95
4026,4377,찡/Adverb,40,37,3,0.0004334778259419807,5.553210866523024e-05,0.925
4027,4378,!^^/Punctuation,40,36,4,0.00042236300989218633,6.663853039827628e-05,0.9
4028,4379,상투/Noun,40,4,36,6.668889629876625e-05,0.0004220440258557498,0.9
4029,4380,마인드/Noun,40,5,35,7.780371234856063e-05,0.0004109376041227037,0.875
4030,4381,오인혜/Noun,40,5,35,7.780371234856063e-05,0.0004109376041227037,0.875
4031,4382,시리다/Adjective,40,35,5,0.0004112481938423919,7.774495213132233e-05,0.875
4032,4383,신파극/Noun,40,7,33,0.0001000333444481494,0.00038872476065661166,0.825
4033,4384,추락/Noun,40,7,33,0.0001000333444481494,0.00038872476065661166,0.825
4034,4385,이라곤/Josa,40,7,33,0.0001000333444481494,0.00038872476065661166,0.825
4035,4386,여정/Noun,40,32,8,0.00037790374569300877,0.00011106421733046048,0.8
4036,4387,귀가/Noun,40,32,8,0.00037790374569300877,0.00011106421733046048,0.8
4037,4388,증/Noun,40,8,32,0.00011114816049794375,0.0003776183389235656,0.8
4038,4389,어느새다/Adjective,40,32,8,0.00037790374569300877,0.00011106421733046048,0.8
4039,4390,이러니/Conjunction,40,8,32,0.00011114816049794375,0.0003776183389235656,0.8
4040,4391,강조/Noun,40,8,32,0.00011114816049794375,0.0003776183389235656,0.8
4041,4392,남자라면/Noun,40,32,8,0.00037790374569300877,0.00011106421733046048,0.8
4042,4393,ebs/Alpha,40,31,9,0.00036678892964321435,0.00012217063906350652,0.775
4043,4394,불법/Noun,40,9,31,0.00012226297654773814,0.00036651191719051963,0.775
4044,4395,저렴하다/Adjective,40,9,31,0.00012226297654773814,0.00036651191719051963,0.775
4045,4396,방이/Noun,40,30,10,0.00035567411359342004,0.00013327706079655256,0.75
4046,4397,곳곳/Noun,40,30,10,0.00035567411359342004,0.00013327706079655256,0.75
4047,4398,경이/Noun,40,30,10,0.00035567411359342004,0.00013327706079655256,0.75
4048,4399,옹박/Noun,40,10,30,0.0001333777925975325,0.0003554054954574735,0.75
4049,4400,자제/Noun,40,10,30,0.0001333777925975325,0.0003554054954574735,0.75
4050,4401,빼/Noun,40,11,29,0.0001444926086473269,0.00034429907372442745,0.725
4051,4402,우월/Noun,40,11,29,0.0001444926086473269,0.00034429907372442745,0.725
4052,4403,~~!/Punctuation,40,29,11,0.0003445592975436257,0.0001443834825295986,0.725
4053,4404,획/Noun,40,29,11,0.0003445592975436257,0.0001443834825295986,0.725
4054,4405,수업/Noun,40,29,11,0.0003445592975436257,0.0001443834825295986,0.725
4055,4406,호러물/Noun,40,11,29,0.0001444926086473269,0.00034429907372442745,0.725
4056,4407,유명/Noun,40,11,29,0.0001444926086473269,0.00034429907372442745,0.725
4057,4408,우디/Noun,40,28,12,0.0003334444814938313,0.00015548990426264466,0.7
4058,4409,승화/Noun,40,28,12,0.0003334444814938313,0.00015548990426264466,0.7
4059,4410,교감/Noun,40,28,12,0.0003334444814938313,0.00015548990426264466,0.7
4060,4411,외우다/Verb,40,28,12,0.0003334444814938313,0.00015548990426264466,0.7
4061,4412,퀴어/Noun,40,28,12,0.0003334444814938313,0.00015548990426264466,0.7
4062,4413,쫒다/Verb,40,13,27,0.00016672224074691566,0.00032208623025833537,0.675
4063,4414,수정/Noun,40,13,27,0.00016672224074691566,0.00032208623025833537,0.675
4064,4415,저녁/Noun,40,13,27,0.00016672224074691566,0.00032208623025833537,0.675
4065,4416,전의/Noun,40,26,14,0.00031121484939424253,0.00017770274772873674,0.65
4066,4417,상의/Noun,40,26,14,0.00031121484939424253,0.00017770274772873674,0.65
4067,4418,독창/Noun,40,14,26,0.00017783705679671002,0.00031097980852528933,0.65
4068,4419,매트릭스/Noun,40,26,14,0.00031121484939424253,0.00017770274772873674,0.65
4069,4420,버젼/Noun,40,15,25,0.00018895187284650438,0.0002998733867922433,0.625
4070,4421,김강우/Noun,40,24,16,0.0002889852172946538,0.00019991559119482882,0.6
4071,4422,런닝맨/Noun,40,16,24,0.0002000666888962988,0.0002887669650591972,0.6
4072,4423,리오/Noun,40,24,16,0.0002889852172946538,0.00019991559119482882,0.6
4073,4424,금방/Noun,40,24,16,0.0002889852172946538,0.00019991559119482882,0.6
4074,4425,정재영/Noun,40,24,16,0.0002889852172946538,0.00019991559119482882,0.6
4075,4426,건드리다/Verb,40,16,24,0.0002000666888962988,0.0002887669650591972,0.6
4076,4427,턱/Noun,40,17,23,0.00021118150494609317,0.00027766054332615115,0.575
4077,4428,감당/Noun,40,17,23,0.00021118150494609317,0.00027766054332615115,0.575
4078,4429,산드라/Noun,40,23,17,0.00027787040124485944,0.0002110220129278749,0.575
4079,4430,왓/Noun,40,23,17,0.00027787040124485944,0.0002110220129278749,0.575
4080,4431,애도/Noun,40,17,23,0.00021118150494609317,0.00027766054332615115,0.575
4081,4432,ㄹ/KoreanParticle,40,17,23,0.00021118150494609317,0.00027766054332615115,0.575
4082,4433,2004년/Number,40,23,17,0.00027787040124485944,0.0002110220129278749,0.575
4083,4434,한없이/Adverb,40,22,18,0.000266755585195065,0.00022212843466092096,0.55
4084,4435,높이/Noun,40,18,22,0.0002222963209958875,0.00026655412159310506,0.55
4085,4436,아자/Exclamation,40,22,18,0.000266755585195065,0.00022212843466092096,0.55
4086,4437,막스/Noun,40,22,18,0.000266755585195065,0.00022212843466092096,0.55
4087,4438,김민종/Noun,40,18,22,0.0002222963209958875,0.00026655412159310506,0.55
4088,4439,활/Noun,40,18,22,0.0002222963209958875,0.00026655412159310506,0.55
4089,4440,실존/Noun,40,21,19,0.00025564076914527065,0.000233234856393967,0.525
4090,4441,물씬/Noun,40,19,21,0.0002334111370456819,0.0002554476998600591,0.525
4091,4442,전사/Noun,40,19,21,0.0002334111370456819,0.0002554476998600591,0.525
4092,4443,로보캅/Noun,40,19,21,0.0002334111370456819,0.0002554476998600591,0.525
4093,4449,투자자/Noun,39,0,39,2.2229632099588756e-05,0.000455363291054888,1.0
4094,4450,졸음/Noun,39,1,38,3.334444814938313e-05,0.0004442568693218419,0.9743589743589745
4095,4451,쓰레기통/Noun,39,1,38,3.334444814938313e-05,0.0004442568693218419,0.9743589743589745
4096,4452,문성우/Noun,39,2,37,4.445926419917751e-05,0.0004331504475887958,0.9487179487179488
4097,4453,환불/Noun,39,3,36,5.5574080248971876e-05,0.0004220440258557498,0.9230769230769232
4098,4454,황홀하다/Adjective,39,36,3,0.00042236300989218633,5.553210866523024e-05,0.9230769230769232
4099,4455,뭡/Noun,39,4,35,6.668889629876625e-05,0.0004109376041227037,0.8974358974358975
4100,4456,은은하다/Adjective,39,35,4,0.0004112481938423919,6.663853039827628e-05,0.8974358974358975
4101,4457,에서야/Josa,39,35,4,0.0004112481938423919,6.663853039827628e-05,0.8974358974358975
4102,4458,후지/Noun,39,4,35,6.668889629876625e-05,0.0004109376041227037,0.8974358974358975
4103,4459,우익/Noun,39,5,34,7.780371234856063e-05,0.00039983118238965764,0.8717948717948718
4104,4460,엉덩이/Noun,39,6,33,8.891852839835501e-05,0.00038872476065661166,0.8461538461538461
4105,4461,에릭/Noun,39,33,6,0.00038901856174280313,8.885137386436837e-05,0.8461538461538461
4106,4462,불면증/Noun,39,7,32,0.0001000333444481494,0.0003776183389235656,0.8205128205128205
4107,4463,찌푸리다/Verb,39,7,32,0.0001000333444481494,0.0003776183389235656,0.8205128205128205
4108,4464,구라/Noun,39,7,32,0.0001000333444481494,0.0003776183389235656,0.8205128205128205
4109,4465,젊음/Noun,39,31,8,0.00036678892964321435,0.00011106421733046048,0.7948717948717948
4110,4466,놀이/Suffix,39,8,31,0.00011114816049794375,0.00036651191719051963,0.7948717948717948
4111,4467,파이다/Verb,39,31,8,0.00036678892964321435,0.00011106421733046048,0.7948717948717948
4112,4468,울음/Noun,39,31,8,0.00036678892964321435,0.00011106421733046048,0.7948717948717948
4113,4469,헤어/Noun,39,30,9,0.00035567411359342004,0.00012217063906350652,0.7692307692307693
4114,4470,mbc/Alpha,39,9,30,0.00012226297654773814,0.0003554054954574735,0.7692307692307693
4115,4471,루이스/Noun,39,29,10,0.0003445592975436257,0.00013327706079655256,0.7435897435897436
4116,4472,에일리언/Noun,39,11,28,0.0001444926086473269,0.0003331926519913814,0.7179487179487181
4117,4473,전기/Noun,39,11,28,0.0001444926086473269,0.0003331926519913814,0.7179487179487181
4118,4474,극한/Noun,39,28,11,0.0003334444814938313,0.0001443834825295986,0.7179487179487181
4119,4475,우아하다/Adjective,39,28,11,0.0003334444814938313,0.0001443834825295986,0.7179487179487181
4120,4476,묘미/Noun,39,28,11,0.0003334444814938313,0.0001443834825295986,0.7179487179487181
4121,4477,관계자/Noun,39,11,28,0.0001444926086473269,0.0003331926519913814,0.7179487179487181
4122,4478,로그/Noun,39,11,28,0.0001444926086473269,0.0003331926519913814,0.7179487179487181
4123,4479,사나이/Noun,39,27,12,0.00032232966544403684,0.00015548990426264466,0.6923076923076923
4124,4480,오류/Noun,39,12,27,0.00015560742469712126,0.00032208623025833537,0.6923076923076923
4125,4481,이민정/Noun,39,27,12,0.00032232966544403684,0.00015548990426264466,0.6923076923076923
4126,4482,완/Noun,39,27,12,0.00032232966544403684,0.00015548990426264466,0.6923076923076923
4127,4483,한쪽/Noun,39,12,27,0.00015560742469712126,0.00032208623025833537,0.6923076923076923
4128,4484,활약/Noun,39,27,12,0.00032232966544403684,0.00015548990426264466,0.6923076923076923
4129,4485,필수/Noun,39,27,12,0.00032232966544403684,0.00015548990426264466,0.6923076923076923
4130,4486,제시/Noun,39,27,12,0.00032232966544403684,0.00015548990426264466,0.6923076923076923
4131,4487,찢다/Verb,39,13,26,0.00016672224074691566,0.00031097980852528933,0.6666666666666666
4132,4488,때메/Noun,39,13,26,0.00016672224074691566,0.00031097980852528933,0.6666666666666666
4133,4489,가사/Noun,39,26,13,0.00031121484939424253,0.0001665963259956907,0.6666666666666666
4134,4490,기간/Noun,39,26,13,0.00031121484939424253,0.0001665963259956907,0.6666666666666666
4135,4491,in/Alpha,39,26,13,0.00031121484939424253,0.0001665963259956907,0.6666666666666666
4136,4492,핸드폰/Noun,39,13,26,0.00016672224074691566,0.00031097980852528933,0.6666666666666666
4137,4493,멍청이/Noun,39,13,26,0.00016672224074691566,0.00031097980852528933,0.6666666666666666
4138,4494,사라/Noun,39,26,13,0.00031121484939424253,0.0001665963259956907,0.6666666666666666
4139,4495,쿠/Noun,39,26,13,0.00031121484939424253,0.0001665963259956907,0.6666666666666666
4140,4496,수다/Noun,39,14,25,0.00017783705679671002,0.0002998733867922433,0.6410256410256411
4141,4497,에의/Josa,39,25,14,0.00030010003334444816,0.00017770274772873674,0.6410256410256411
4142,4498,불러일으키다/Verb,39,25,14,0.00030010003334444816,0.00017770274772873674,0.6410256410256411
4143,4499,내겐/Noun,39,25,14,0.00030010003334444816,0.00017770274772873674,0.6410256410256411
4144,4500,크로우/Noun,39,25,14,0.00030010003334444816,0.00017770274772873674,0.6410256410256411
4145,4501,로렌스/Noun,39,25,14,0.00030010003334444816,0.00017770274772873674,0.6410256410256411
4146,4502,다음주/Noun,39,25,14,0.00030010003334444816,0.00017770274772873674,0.6410256410256411
4147,4503,불리다/Verb,39,24,15,0.0002889852172946538,0.0001888091694617828,0.6153846153846154
4148,4504,예매/Noun,39,15,24,0.00018895187284650438,0.0002887669650591972,0.6153846153846154
4149,4505,폭/Noun,39,24,15,0.0002889852172946538,0.0001888091694617828,0.6153846153846154
4150,4506,연장/Noun,39,15,24,0.00018895187284650438,0.0002887669650591972,0.6153846153846154
4151,4507,시르다/Adjective,39,15,24,0.00018895187284650438,0.0002887669650591972,0.6153846153846154
4152,4508,임용/Noun,39,16,23,0.0002000666888962988,0.00027766054332615115,0.5897435897435898
4153,4509,to/Alpha,39,23,16,0.00027787040124485944,0.00019991559119482882,0.5897435897435898
4154,4510,단편영화/Noun,39,16,23,0.0002000666888962988,0.00027766054332615115,0.5897435897435898
4155,4511,맥스/Noun,39,23,16,0.00027787040124485944,0.00019991559119482882,0.5897435897435898
4156,4512,전적/Noun,39,16,23,0.0002000666888962988,0.00027766054332615115,0.5897435897435898
4157,4513,그러면/Adverb,39,16,23,0.0002000666888962988,0.00027766054332615115,0.5897435897435898
4158,4514,창작/Noun,39,16,23,0.0002000666888962988,0.00027766054332615115,0.5897435897435898
4159,4515,볼땐/Noun,39,22,17,0.000266755585195065,0.0002110220129278749,0.5641025641025641
4160,4516,발생/Noun,39,22,17,0.000266755585195065,0.0002110220129278749,0.5641025641025641
4161,4517,사망/Noun,39,17,22,0.00021118150494609317,0.00026655412159310506,0.5641025641025641
4162,4518,다문화/Noun,39,17,22,0.00021118150494609317,0.00026655412159310506,0.5641025641025641
4163,4519,악평/Noun,39,22,17,0.000266755585195065,0.0002110220129278749,0.5641025641025641
4164,4520,호텔/Noun,39,21,18,0.00025564076914527065,0.00022212843466092096,0.5384615384615384
4165,4521,비난/Noun,39,21,18,0.00025564076914527065,0.00022212843466092096,0.5384615384615384
4166,4522,치명/Noun,39,21,18,0.00025564076914527065,0.00022212843466092096,0.5384615384615384
4167,4523,컬트/Noun,39,21,18,0.00025564076914527065,0.00022212843466092096,0.5384615384615384
4168,4524,샤를/Noun,39,21,18,0.00025564076914527065,0.00022212843466092096,0.5384615384615384
4169,4525,종일/Noun,39,18,21,0.0002222963209958875,0.0002554476998600591,0.5384615384615384
4170,4526,조직/Noun,39,21,18,0.00025564076914527065,0.00022212843466092096,0.5384615384615384
4171,4534,안질리다/Verb,38,37,1,0.0004334778259419807,3.331926519913814e-05,0.9736842105263158
4172,4535,아리다/Adjective,38,36,2,0.00042236300989218633,4.4425686932184186e-05,0.9473684210526316
4173,4536,자빠지다/Verb,38,3,35,5.5574080248971876e-05,0.0004109376041227037,0.9210526315789472
4174,4537,무니/Noun,38,5,33,7.780371234856063e-05,0.00038872476065661166,0.8684210526315791
4175,4538,불친절하다/Adjective,38,5,33,7.780371234856063e-05,0.00038872476065661166,0.8684210526315791
4176,4539,은지/Noun,38,5,33,7.780371234856063e-05,0.00038872476065661166,0.8684210526315791
4177,4540,거창하다/Adjective,38,5,33,7.780371234856063e-05,0.00038872476065661166,0.8684210526315791
4178,4541,깝/Noun,38,6,32,8.891852839835501e-05,0.0003776183389235656,0.8421052631578947
4179,4542,0.5/Number,38,6,32,8.891852839835501e-05,0.0003776183389235656,0.8421052631578947
4180,4543,허탈하다/Adjective,38,7,31,0.0001000333444481494,0.00036651191719051963,0.8157894736842105
4181,4544,!!!!!!!/Punctuation,38,31,7,0.00036678892964321435,9.995779559741441e-05,0.8157894736842105
4182,4545,현대인/Noun,38,31,7,0.00036678892964321435,9.995779559741441e-05,0.8157894736842105
4183,4546,화평/Noun,38,9,29,0.00012226297654773814,0.00034429907372442745,0.7631578947368421
4184,4547,살아오다/Verb,38,29,9,0.0003445592975436257,0.00012217063906350652,0.7631578947368421
4185,4548,까먹다/Verb,38,9,29,0.00012226297654773814,0.00034429907372442745,0.7631578947368421
4186,4549,치열하다/Adjective,38,28,10,0.0003334444814938313,0.00013327706079655256,0.7368421052631579
4187,4550,제작사/Noun,38,10,28,0.0001333777925975325,0.0003331926519913814,0.7368421052631579
4188,4551,경쾌하다/Adjective,38,28,10,0.0003334444814938313,0.00013327706079655256,0.7368421052631579
4189,4552,연령/Noun,38,10,28,0.0001333777925975325,0.0003331926519913814,0.7368421052631579
4190,4553,F/Alpha,38,11,27,0.0001444926086473269,0.00032208623025833537,0.7105263157894737
4191,4554,간의/Noun,38,27,11,0.00032232966544403684,0.0001443834825295986,0.7105263157894737
4192,4555,생략/Noun,38,11,27,0.0001444926086473269,0.00032208623025833537,0.7105263157894737
4193,4556,14년/Number,38,27,11,0.00032232966544403684,0.0001443834825295986,0.7105263157894737
4194,4557,가버리다/Verb,38,12,26,0.00015560742469712126,0.00031097980852528933,0.6842105263157895
4195,4558,미만/Noun,38,12,26,0.00015560742469712126,0.00031097980852528933,0.6842105263157895
4196,4559,전세계/Noun,38,26,12,0.00031121484939424253,0.00015548990426264466,0.6842105263157895
4197,4560,질주/Noun,38,25,13,0.00030010003334444816,0.0001665963259956907,0.6578947368421053
4198,4561,아카데미/Noun,38,25,13,0.00030010003334444816,0.0001665963259956907,0.6578947368421053
4199,4562,부수/Noun,38,13,25,0.00016672224074691566,0.0002998733867922433,0.6578947368421053
4200,4563,동의/Noun,38,13,25,0.00016672224074691566,0.0002998733867922433,0.6578947368421053
4201,4564,청/Noun,38,13,25,0.00016672224074691566,0.0002998733867922433,0.6578947368421053
4202,4565,멍하다/Adjective,38,25,13,0.00030010003334444816,0.0001665963259956907,0.6578947368421053
4203,4566,물어보다/Verb,38,13,25,0.00016672224074691566,0.0002998733867922433,0.6578947368421053
4204,4567,빅뱅/Noun,38,24,14,0.0002889852172946538,0.00017770274772873674,0.631578947368421
4205,4568,레인/Noun,38,14,24,0.00017783705679671002,0.0002887669650591972,0.631578947368421
4206,4569,훈련/Noun,38,14,24,0.00017783705679671002,0.0002887669650591972,0.631578947368421
4207,4570,"..,/Punctuation",38,14,24,0.00017783705679671002,0.0002887669650591972,0.631578947368421
4208,4571,법칙/Noun,38,14,24,0.00017783705679671002,0.0002887669650591972,0.631578947368421
4209,4572,삼다/Verb,38,14,24,0.00017783705679671002,0.0002887669650591972,0.631578947368421
4210,4573,보장/Noun,38,24,14,0.0002889852172946538,0.00017770274772873674,0.631578947368421
4211,4574,마마/Noun,38,14,24,0.00017783705679671002,0.0002887669650591972,0.631578947368421
4212,4575,케이트/Noun,38,23,15,0.00027787040124485944,0.0001888091694617828,0.6052631578947368
4213,4576,얽히다/Verb,38,23,15,0.00027787040124485944,0.0001888091694617828,0.6052631578947368
4214,4577,직장/Noun,38,23,15,0.00027787040124485944,0.0001888091694617828,0.6052631578947368
4215,4578,로마/Noun,38,15,23,0.00018895187284650438,0.00027766054332615115,0.6052631578947368
4216,4579,트릭/Noun,38,23,15,0.00027787040124485944,0.0001888091694617828,0.6052631578947368
4217,4580,현빈/Noun,38,23,15,0.00027787040124485944,0.0001888091694617828,0.6052631578947368
4218,4581,허영/Noun,38,15,23,0.00018895187284650438,0.00027766054332615115,0.6052631578947368
4219,4582,에이리언/Noun,38,22,16,0.000266755585195065,0.00019991559119482882,0.5789473684210527
4220,4583,꾼/Suffix,38,16,22,0.0002000666888962988,0.00026655412159310506,0.5789473684210527
4221,4584,코스트/Noun,38,22,16,0.000266755585195065,0.00019991559119482882,0.5789473684210527
4222,4585,가운데/Noun,38,22,16,0.000266755585195065,0.00019991559119482882,0.5789473684210527
4223,4586,무려/Noun,38,22,16,0.000266755585195065,0.00019991559119482882,0.5789473684210527
4224,4587,동료/Noun,38,21,17,0.00025564076914527065,0.0002110220129278749,0.5526315789473685
4225,4588,높아지다/Verb,38,17,21,0.00021118150494609317,0.0002554476998600591,0.5526315789473685
4226,4589,외화/Noun,38,17,21,0.00021118150494609317,0.0002554476998600591,0.5526315789473685
4227,4590,가만히/Adverb,38,17,21,0.00021118150494609317,0.0002554476998600591,0.5526315789473685
4228,4591,자세/Noun,38,17,21,0.00021118150494609317,0.0002554476998600591,0.5526315789473685
4229,4592,나약하다/Adjective,38,21,17,0.00025564076914527065,0.0002110220129278749,0.5526315789473685
4230,4593,엄/Noun,38,18,20,0.0002222963209958875,0.00024434127812701304,0.5263157894736842
4231,4594,kbs/Alpha,38,20,18,0.00024452595309547634,0.00022212843466092096,0.5263157894736842
4232,4595,화해/Noun,38,20,18,0.00024452595309547634,0.00022212843466092096,0.5263157894736842
4233,4596,전국/Noun,38,20,18,0.00024452595309547634,0.00022212843466092096,0.5263157894736842
4234,4597,물리다/Verb,38,20,18,0.00024452595309547634,0.00022212843466092096,0.5263157894736842
4235,4598,머피/Noun,38,20,18,0.00024452595309547634,0.00022212843466092096,0.5263157894736842
4236,4602,찬란/Noun,37,0,37,2.2229632099588756e-05,0.0004331504475887958,1.0
4237,4603,채플린/Noun,37,34,3,0.0004001333777925976,5.553210866523024e-05,0.9189189189189191
4238,4604,대책/Noun,37,3,34,5.5574080248971876e-05,0.00039983118238965764,0.9189189189189191
4239,4605,날로/Noun,37,3,34,5.5574080248971876e-05,0.00039983118238965764,0.9189189189189191
4240,4606,개잼/Noun,37,33,4,0.00038901856174280313,6.663853039827628e-05,0.8918918918918919
4241,4607,워싱턴/Noun,37,33,4,0.00038901856174280313,6.663853039827628e-05,0.8918918918918919
4242,4608,꾹/Noun,37,4,33,6.668889629876625e-05,0.00038872476065661166,0.8918918918918919
4243,4609,거뭐/Noun,37,5,32,7.780371234856063e-05,0.0003776183389235656,0.8648648648648649
4244,4610,설레임/Noun,37,32,5,0.00037790374569300877,7.774495213132233e-05,0.8648648648648649
4245,4611,습작/Noun,37,5,32,7.780371234856063e-05,0.0003776183389235656,0.8648648648648649
4246,4612,신들리다/Adjective,37,32,5,0.00037790374569300877,7.774495213132233e-05,0.8648648648648649
4247,4613,두근두근/Adverb,37,31,6,0.00036678892964321435,8.885137386436837e-05,0.8378378378378378
4248,4614,뇌리/Noun,37,31,6,0.00036678892964321435,8.885137386436837e-05,0.8378378378378378
4249,4615,패턴/Noun,37,6,31,8.891852839835501e-05,0.00036651191719051963,0.8378378378378378
4250,4616,공개/Noun,37,6,31,8.891852839835501e-05,0.00036651191719051963,0.8378378378378378
4251,4617,동아리/Noun,37,6,31,8.891852839835501e-05,0.00036651191719051963,0.8378378378378378
4252,4618,몰락/Noun,37,7,30,0.0001000333444481494,0.0003554054954574735,0.8108108108108109
4253,4619,옹호/Noun,37,7,30,0.0001000333444481494,0.0003554054954574735,0.8108108108108109
4254,4620,껄/Noun,37,7,30,0.0001000333444481494,0.0003554054954574735,0.8108108108108109
4255,4621,오로라/Noun,37,7,30,0.0001000333444481494,0.0003554054954574735,0.8108108108108109
4256,4622,신비롭다/Adjective,37,30,7,0.00035567411359342004,9.995779559741441e-05,0.8108108108108109
4257,4623,이라고는/Josa,37,8,29,0.00011114816049794375,0.00034429907372442745,0.7837837837837838
4258,4624,넋/Noun,37,29,8,0.0003445592975436257,0.00011106421733046048,0.7837837837837838
4259,4625,눈부시다/Adjective,37,29,8,0.0003445592975436257,0.00011106421733046048,0.7837837837837838
4260,4626,서우/Noun,37,8,29,0.00011114816049794375,0.00034429907372442745,0.7837837837837838
4261,4627,라곤/Josa,37,8,29,0.00011114816049794375,0.00034429907372442745,0.7837837837837838
4262,4628,닦다/Verb,37,8,29,0.00011114816049794375,0.00034429907372442745,0.7837837837837838
4263,4629,강호동/Noun,37,9,28,0.00012226297654773814,0.0003331926519913814,0.7567567567567568
4264,4630,탕웨이/Noun,37,28,9,0.0003334444814938313,0.00012217063906350652,0.7567567567567568
4265,4631,유도/Noun,37,9,28,0.00012226297654773814,0.0003331926519913814,0.7567567567567568
4266,4632,고질라/Noun,37,9,28,0.00012226297654773814,0.0003331926519913814,0.7567567567567568
4267,4633,엠마/Noun,37,28,9,0.0003334444814938313,0.00012217063906350652,0.7567567567567568
4268,4634,이남/Noun,37,28,9,0.0003334444814938313,0.00012217063906350652,0.7567567567567568
4269,4635,켄/Noun,37,28,9,0.0003334444814938313,0.00012217063906350652,0.7567567567567568
4270,4636,오랜/Adverb,37,27,10,0.00032232966544403684,0.00013327706079655256,0.7297297297297297
4271,4637,.!!/Punctuation,37,27,10,0.00032232966544403684,0.00013327706079655256,0.7297297297297297
4272,4638,근거/Noun,37,10,27,0.0001333777925975325,0.00032208623025833537,0.7297297297297297
4273,4639,브래드피트/Noun,37,27,10,0.00032232966544403684,0.00013327706079655256,0.7297297297297297
4274,4640,엑소시스트/Noun,37,10,27,0.0001333777925975325,0.00032208623025833537,0.7297297297297297
4275,4641,예의/Noun,37,11,26,0.0001444926086473269,0.00031097980852528933,0.7027027027027027
4276,4642,수술/Noun,37,11,26,0.0001444926086473269,0.00031097980852528933,0.7027027027027027
4277,4643,힙합/Noun,37,11,26,0.0001444926086473269,0.00031097980852528933,0.7027027027027027
4278,4644,............./Punctuation,37,11,26,0.0001444926086473269,0.00031097980852528933,0.7027027027027027
4279,4645,마초/Noun,37,11,26,0.0001444926086473269,0.00031097980852528933,0.7027027027027027
4280,4646,부담스럽다/Adjective,37,11,26,0.0001444926086473269,0.00031097980852528933,0.7027027027027027
4281,4647,소문/Noun,37,11,26,0.0001444926086473269,0.00031097980852528933,0.7027027027027027
4282,4648,사서/Noun,37,26,11,0.00031121484939424253,0.0001443834825295986,0.7027027027027027
4283,4649,변호사/Noun,37,26,11,0.00031121484939424253,0.0001443834825295986,0.7027027027027027
4284,4650,신선/Noun,37,25,12,0.00030010003334444816,0.00015548990426264466,0.6756756756756757
4285,4651,성향/Noun,37,12,25,0.00015560742469712126,0.0002998733867922433,0.6756756756756757
4286,4652,육체/Noun,37,13,24,0.00016672224074691566,0.0002887669650591972,0.6486486486486487
4287,4653,신현준/Noun,37,14,23,0.00017783705679671002,0.00027766054332615115,0.6216216216216216
4288,4654,진의/Noun,37,14,23,0.00017783705679671002,0.00027766054332615115,0.6216216216216216
4289,4655,유작/Noun,37,14,23,0.00017783705679671002,0.00027766054332615115,0.6216216216216216
4290,4656,간절하다/Adjective,37,23,14,0.00027787040124485944,0.00017770274772873674,0.6216216216216216
4291,4657,안경/Noun,37,14,23,0.00017783705679671002,0.00027766054332615115,0.6216216216216216
4292,4658,라지/Josa,37,14,23,0.00017783705679671002,0.00027766054332615115,0.6216216216216216
4293,4659,히트/Noun,37,23,14,0.00027787040124485944,0.00017770274772873674,0.6216216216216216
4294,4660,거울/Noun,37,23,14,0.00027787040124485944,0.00017770274772873674,0.6216216216216216
4295,4661,까지의/Josa,37,23,14,0.00027787040124485944,0.00017770274772873674,0.6216216216216216
4296,4662,용감하다/Adjective,37,22,15,0.000266755585195065,0.0001888091694617828,0.5945945945945946
4297,4663,나라/Suffix,37,15,22,0.00018895187284650438,0.00026655412159310506,0.5945945945945946
4298,4664,버금/Noun,37,22,15,0.000266755585195065,0.0001888091694617828,0.5945945945945946
4299,4665,믄/Modifier,37,15,22,0.00018895187284650438,0.00026655412159310506,0.5945945945945946
4300,4666,싹/Noun,37,15,22,0.00018895187284650438,0.00026655412159310506,0.5945945945945946
4301,4667,이순신/Noun,37,15,22,0.00018895187284650438,0.00026655412159310506,0.5945945945945946
4302,4668,주체/Noun,37,22,15,0.000266755585195065,0.0001888091694617828,0.5945945945945946
4303,4669,한장/Noun,37,22,15,0.000266755585195065,0.0001888091694617828,0.5945945945945946
4304,4670,나아지다/Verb,37,15,22,0.00018895187284650438,0.00026655412159310506,0.5945945945945946
4305,4671,마크/Noun,37,22,15,0.000266755585195065,0.0001888091694617828,0.5945945945945946
4306,4672,앞서다/Verb,37,21,16,0.00025564076914527065,0.00019991559119482882,0.5675675675675675
4307,4673,까메오/Noun,37,16,21,0.0002000666888962988,0.0002554476998600591,0.5675675675675675
4308,4674,홍진호/Noun,37,16,21,0.0002000666888962988,0.0002554476998600591,0.5675675675675675
4309,4675,300/Number,37,16,21,0.0002000666888962988,0.0002554476998600591,0.5675675675675675
4310,4676,제법/Noun,37,21,16,0.00025564076914527065,0.00019991559119482882,0.5675675675675675
4311,4677,더보/Noun,37,16,21,0.0002000666888962988,0.0002554476998600591,0.5675675675675675
4312,4678,페이/Noun,37,21,16,0.00025564076914527065,0.00019991559119482882,0.5675675675675675
4313,4679,이범수/Noun,37,21,16,0.00025564076914527065,0.00019991559119482882,0.5675675675675675
4314,4680,그러니까/Adverb,37,16,21,0.0002000666888962988,0.0002554476998600591,0.5675675675675675
4315,4681,금요일/Noun,37,21,16,0.00025564076914527065,0.00019991559119482882,0.5675675675675675
4316,4682,짐승/Noun,37,16,21,0.0002000666888962988,0.0002554476998600591,0.5675675675675675
4317,4683,부의/Noun,37,21,16,0.00025564076914527065,0.00019991559119482882,0.5675675675675675
4318,4684,지하철/Noun,37,16,21,0.0002000666888962988,0.0002554476998600591,0.5675675675675675
4319,4685,루크/Noun,37,21,16,0.00025564076914527065,0.00019991559119482882,0.5675675675675675
4320,4686,넓다/Adjective,37,17,20,0.00021118150494609317,0.00024434127812701304,0.5405405405405406
4321,4687,율/Noun,37,20,17,0.00024452595309547634,0.0002110220129278749,0.5405405405405406
4322,4688,황금/Noun,37,20,17,0.00024452595309547634,0.0002110220129278749,0.5405405405405406
4323,4689,부가/Noun,37,20,17,0.00024452595309547634,0.0002110220129278749,0.5405405405405406
4324,4690,스톤/Noun,37,17,20,0.00021118150494609317,0.00024434127812701304,0.5405405405405406
4325,4694,낚임/Noun,36,0,36,2.2229632099588756e-05,0.0004220440258557498,1.0
4326,4695,되돌아보다/Verb,36,35,1,0.0004112481938423919,3.331926519913814e-05,0.9722222222222222
4327,4696,보고/Foreign,36,3,33,5.5574080248971876e-05,0.00038872476065661166,0.9166666666666666
4328,4697,치기/Noun,36,3,33,5.5574080248971876e-05,0.00038872476065661166,0.9166666666666666
4329,4698,큐브/Noun,36,4,32,6.668889629876625e-05,0.0003776183389235656,0.8888888888888888
4330,4699,욤/Noun,36,31,5,0.00036678892964321435,7.774495213132233e-05,0.8611111111111112
4331,4700,허니/Noun,36,31,5,0.00036678892964321435,7.774495213132233e-05,0.8611111111111112
4332,4701,100분/Number,36,5,31,7.780371234856063e-05,0.00036651191719051963,0.8611111111111112
4333,4702,발암/Noun,36,5,31,7.780371234856063e-05,0.00036651191719051963,0.8611111111111112
4334,4703,엑스트라/Noun,36,6,30,8.891852839835501e-05,0.0003554054954574735,0.8333333333333334
4335,4704,서극/Noun,36,7,29,0.0001000333444481494,0.00034429907372442745,0.8055555555555556
4336,4705,멋대로/Noun,36,7,29,0.0001000333444481494,0.00034429907372442745,0.8055555555555556
4337,4706,평이하다/Adjective,36,7,29,0.0001000333444481494,0.00034429907372442745,0.8055555555555556
4338,4707,내러티브/Noun,36,8,28,0.00011114816049794375,0.0003331926519913814,0.7777777777777778
4339,4708,볼껄/Noun,36,8,28,0.00011114816049794375,0.0003331926519913814,0.7777777777777778
4340,4709,t/Alpha,36,28,8,0.0003334444814938313,0.00011106421733046048,0.7777777777777778
4341,4710,하차/Noun,36,8,28,0.00011114816049794375,0.0003331926519913814,0.7777777777777778
4342,4711,!!!!!!!!/Punctuation,36,28,8,0.0003334444814938313,0.00011106421733046048,0.7777777777777778
4343,4712,꽉/Noun,36,28,8,0.0003334444814938313,0.00011106421733046048,0.7777777777777778
4344,4713,역사왜곡/Noun,36,9,27,0.00012226297654773814,0.00032208623025833537,0.75
4345,4714,자신감/Noun,36,9,27,0.00012226297654773814,0.00032208623025833537,0.75
4346,4715,진화/Noun,36,26,10,0.00031121484939424253,0.00013327706079655256,0.7222222222222222
4347,4716,자본주의/Noun,36,26,10,0.00031121484939424253,0.00013327706079655256,0.7222222222222222
4348,4717,줄리엣/Noun,36,26,10,0.00031121484939424253,0.00013327706079655256,0.7222222222222222
4349,4718,다가가다/Verb,36,26,10,0.00031121484939424253,0.00013327706079655256,0.7222222222222222
4350,4719,지진희/Noun,36,10,26,0.0001333777925975325,0.00031097980852528933,0.7222222222222222
4351,4720,수애/Noun,36,25,11,0.00030010003334444816,0.0001443834825295986,0.6944444444444444
4352,4721,정신차리다/Adjective,36,11,25,0.0001444926086473269,0.0002998733867922433,0.6944444444444444
4353,4722,먹이다/Verb,36,12,24,0.00015560742469712126,0.0002887669650591972,0.6666666666666666
4354,4723,어찌나/Adverb,36,24,12,0.0002889852172946538,0.00015548990426264466,0.6666666666666666
4355,4724,문근영/Noun,36,24,12,0.0002889852172946538,0.00015548990426264466,0.6666666666666666
4356,4725,호평/Noun,36,12,24,0.00015560742469712126,0.0002887669650591972,0.6666666666666666
4357,4726,호소/Noun,36,13,23,0.00016672224074691566,0.00027766054332615115,0.6388888888888888
4358,4727,신은경/Noun,36,13,23,0.00016672224074691566,0.00027766054332615115,0.6388888888888888
4359,4728,일대기/Noun,36,23,13,0.00027787040124485944,0.0001665963259956907,0.6388888888888888
4360,4729,투표/Noun,36,13,23,0.00016672224074691566,0.00027766054332615115,0.6388888888888888
4361,4730,판치다/Verb,36,13,23,0.00016672224074691566,0.00027766054332615115,0.6388888888888888
4362,4731,휘/Noun,36,13,23,0.00016672224074691566,0.00027766054332615115,0.6388888888888888
4363,4732,놀람/Noun,36,22,14,0.000266755585195065,0.00017770274772873674,0.6111111111111112
4364,4733,런닝/Noun,36,14,22,0.00017783705679671002,0.00026655412159310506,0.6111111111111112
4365,4734,오리/Noun,36,14,22,0.00017783705679671002,0.00026655412159310506,0.6111111111111112
4366,4735,김하늘/Noun,36,22,14,0.000266755585195065,0.00017770274772873674,0.6111111111111112
4367,4736,"?""/Punctuation",36,14,22,0.00017783705679671002,0.00026655412159310506,0.6111111111111112
4368,4737,프레디/Noun,36,15,21,0.00018895187284650438,0.0002554476998600591,0.5833333333333334
4369,4738,사르다/Verb,36,21,15,0.00025564076914527065,0.0001888091694617828,0.5833333333333334
4370,4739,표본/Noun,36,15,21,0.00018895187284650438,0.0002554476998600591,0.5833333333333334
4371,4740,풍기다/Verb,36,15,21,0.00018895187284650438,0.0002554476998600591,0.5833333333333334
4372,4741,판타스틱/Noun,36,21,15,0.00025564076914527065,0.0001888091694617828,0.5833333333333334
4373,4742,미키/Noun,36,21,15,0.00025564076914527065,0.0001888091694617828,0.5833333333333334
4374,4743,퍼즐/Noun,36,15,21,0.00018895187284650438,0.0002554476998600591,0.5833333333333334
4375,4744,비정상/Noun,36,15,21,0.00018895187284650438,0.0002554476998600591,0.5833333333333334
4376,4745,바이러스/Noun,36,15,21,0.00018895187284650438,0.0002554476998600591,0.5833333333333334
4377,4746,받치다/Verb,36,16,20,0.0002000666888962988,0.00024434127812701304,0.5555555555555556
4378,4747,화답/Noun,36,16,20,0.0002000666888962988,0.00024434127812701304,0.5555555555555556
4379,4748,보삼/Noun,36,20,16,0.00024452595309547634,0.00019991559119482882,0.5555555555555556
4380,4749,호러영화/Noun,36,20,16,0.00024452595309547634,0.00019991559119482882,0.5555555555555556
4381,4750,2002년/Number,36,20,16,0.00024452595309547634,0.00019991559119482882,0.5555555555555556
4382,4751,며/Noun,36,20,16,0.00024452595309547634,0.00019991559119482882,0.5555555555555556
4383,4752,으로나/Josa,36,16,20,0.0002000666888962988,0.00024434127812701304,0.5555555555555556
4384,4753,발휘/Noun,36,17,19,0.00021118150494609317,0.000233234856393967,0.5277777777777778
4385,4754,테론/Noun,36,19,17,0.0002334111370456819,0.0002110220129278749,0.5277777777777778
4386,4755,가난하다/Adjective,36,19,17,0.0002334111370456819,0.0002110220129278749,0.5277777777777778
4387,4756,종이/Noun,36,19,17,0.0002334111370456819,0.0002110220129278749,0.5277777777777778
4388,4757,현장/Noun,36,19,17,0.0002334111370456819,0.0002110220129278749,0.5277777777777778
4389,4758,기묘하다/Adjective,36,19,17,0.0002334111370456819,0.0002110220129278749,0.5277777777777778
4390,4759,인종/Noun,36,19,17,0.0002334111370456819,0.0002110220129278749,0.5277777777777778
4391,4766,♡♡/Foreign,35,35,0,0.0004112481938423919,2.2212843466092093e-05,1.0
4392,4767,최저/Noun,35,1,34,3.334444814938313e-05,0.00039983118238965764,0.9714285714285714
4393,4768,나열/Noun,35,2,33,4.445926419917751e-05,0.00038872476065661166,0.9428571428571428
4394,4769,알맹이/Noun,35,2,33,4.445926419917751e-05,0.00038872476065661166,0.9428571428571428
4395,4770,정신건강/Noun,35,3,32,5.5574080248971876e-05,0.0003776183389235656,0.9142857142857144
4396,4771,도아/Noun,35,3,32,5.5574080248971876e-05,0.0003776183389235656,0.9142857142857144
4397,4772,건강하다/Adjective,35,31,4,0.00036678892964321435,6.663853039827628e-05,0.8857142857142857
4398,4773,^_^/Punctuation,35,30,5,0.00035567411359342004,7.774495213132233e-05,0.8571428571428571
4399,4774,선전/Noun,35,5,30,7.780371234856063e-05,0.0003554054954574735,0.8571428571428571
4400,4775,구매/Noun,35,29,6,0.0003445592975436257,8.885137386436837e-05,0.8285714285714286
4401,4776,진솔하다/Adjective,35,29,6,0.0003445592975436257,8.885137386436837e-05,0.8285714285714286
4402,4777,이나마/Josa,35,29,6,0.0003445592975436257,8.885137386436837e-05,0.8285714285714286
4403,4778,어물/Noun,35,6,29,8.891852839835501e-05,0.00034429907372442745,0.8285714285714286
4404,4779,찰리/Noun,35,28,7,0.0003334444814938313,9.995779559741441e-05,0.8
4405,4780,합리화/Noun,35,7,28,0.0001000333444481494,0.0003331926519913814,0.8
4406,4781,작정/Noun,35,8,27,0.00011114816049794375,0.00032208623025833537,0.7714285714285715
4407,4782,데이먼/Noun,35,27,8,0.00032232966544403684,0.00011106421733046048,0.7714285714285715
4408,4783,잡지/Noun,35,8,27,0.00011114816049794375,0.00032208623025833537,0.7714285714285715
4409,4784,갑갑하다/Adjective,35,8,27,0.00011114816049794375,0.00032208623025833537,0.7714285714285715
4410,4785,인내/Noun,35,9,26,0.00012226297654773814,0.00031097980852528933,0.7428571428571429
4411,4786,미군/Noun,35,9,26,0.00012226297654773814,0.00031097980852528933,0.7428571428571429
4412,4787,발톱/Noun,35,9,26,0.00012226297654773814,0.00031097980852528933,0.7428571428571429
4413,4788,괴롭히다/Verb,35,9,26,0.00012226297654773814,0.00031097980852528933,0.7428571428571429
4414,4789,과도/Josa,35,26,9,0.00031121484939424253,0.00012217063906350652,0.7428571428571429
4415,4790,악몽/Noun,35,9,26,0.00012226297654773814,0.00031097980852528933,0.7428571428571429
4416,4791,ㄴㄴ/KoreanParticle,35,9,26,0.00012226297654773814,0.00031097980852528933,0.7428571428571429
4417,4792,보스/Noun,35,9,26,0.00012226297654773814,0.00031097980852528933,0.7428571428571429
4418,4793,띄우다/Verb,35,9,26,0.00012226297654773814,0.00031097980852528933,0.7428571428571429
4419,4794,치밀다/Verb,35,9,26,0.00012226297654773814,0.00031097980852528933,0.7428571428571429
4420,4795,광주/Noun,35,9,26,0.00012226297654773814,0.00031097980852528933,0.7428571428571429
4421,4796,혼나다/Verb,35,10,25,0.0001333777925975325,0.0002998733867922433,0.7142857142857143
4422,4797,태우다/Verb,35,10,25,0.0001333777925975325,0.0002998733867922433,0.7142857142857143
4423,4798,엘/Noun,35,25,10,0.00030010003334444816,0.00013327706079655256,0.7142857142857143
4424,4799,잣/Noun,35,10,25,0.0001333777925975325,0.0002998733867922433,0.7142857142857143
4425,4800,마구/Noun,35,10,25,0.0001333777925975325,0.0002998733867922433,0.7142857142857143
4426,4801,설치다/Adjective,35,10,25,0.0001333777925975325,0.0002998733867922433,0.7142857142857143
4427,4802,스포일러/Noun,35,24,11,0.0002889852172946538,0.0001443834825295986,0.6857142857142857
4428,4803,여자도/Noun,35,11,24,0.0001444926086473269,0.0002887669650591972,0.6857142857142857
4429,4804,쌓이다/Verb,35,11,24,0.0001444926086473269,0.0002887669650591972,0.6857142857142857
4430,4805,흘러나오다/Verb,35,23,12,0.00027787040124485944,0.00015548990426264466,0.6571428571428571
4431,4806,스티브/Noun,35,23,12,0.00027787040124485944,0.00015548990426264466,0.6571428571428571
4432,4807,이분/Noun,35,23,12,0.00027787040124485944,0.00015548990426264466,0.6571428571428571
4433,4808,한국말/Noun,35,12,23,0.00015560742469712126,0.00027766054332615115,0.6571428571428571
4434,4809,로우/Noun,35,23,12,0.00027787040124485944,0.00015548990426264466,0.6571428571428571
4435,4810,족/Noun,35,12,23,0.00015560742469712126,0.00027766054332615115,0.6571428571428571
4436,4811,듯이/Noun,35,12,23,0.00015560742469712126,0.00027766054332615115,0.6571428571428571
4437,4812,캐서린/Noun,35,12,23,0.00015560742469712126,0.00027766054332615115,0.6571428571428571
4438,4813,이완/Noun,35,22,13,0.000266755585195065,0.0001665963259956907,0.6285714285714286
4439,4814,주의자/Noun,35,13,22,0.00016672224074691566,0.00026655412159310506,0.6285714285714286
4440,4815,리들리/Noun,35,21,14,0.00025564076914527065,0.00017770274772873674,0.6
4441,4816,직전/Noun,35,14,21,0.00017783705679671002,0.0002554476998600591,0.6
4442,4817,엇음/Noun,35,14,21,0.00017783705679671002,0.0002554476998600591,0.6
4443,4818,낭/Noun,35,14,21,0.00017783705679671002,0.0002554476998600591,0.6
4444,4819,사이/Modifier,35,21,14,0.00025564076914527065,0.00017770274772873674,0.6
4445,4820,기독교인/Noun,35,14,21,0.00017783705679671002,0.0002554476998600591,0.6
4446,4821,프로젝트/Noun,35,14,21,0.00017783705679671002,0.0002554476998600591,0.6
4447,4822,~~~~~~/Punctuation,35,14,21,0.00017783705679671002,0.0002554476998600591,0.6
4448,4823,한지민/Noun,35,21,14,0.00025564076914527065,0.00017770274772873674,0.6
4449,4824,꾸준하다/Adjective,35,15,20,0.00018895187284650438,0.00024434127812701304,0.5714285714285714
4450,4825,cgv/Alpha,35,20,15,0.00024452595309547634,0.0001888091694617828,0.5714285714285714
4451,4826,위안/Noun,35,15,20,0.00018895187284650438,0.00024434127812701304,0.5714285714285714
4452,4827,안주/Noun,35,20,15,0.00024452595309547634,0.0001888091694617828,0.5714285714285714
4453,4828,음모/Noun,35,15,20,0.00018895187284650438,0.00024434127812701304,0.5714285714285714
4454,4829,의아/Noun,35,15,20,0.00018895187284650438,0.00024434127812701304,0.5714285714285714
4455,4830,사연/Noun,35,19,16,0.0002334111370456819,0.00019991559119482882,0.5428571428571428
4456,4831,샤론스톤/Noun,35,19,16,0.0002334111370456819,0.00019991559119482882,0.5428571428571428
4457,4832,2001년/Number,35,19,16,0.0002334111370456819,0.00019991559119482882,0.5428571428571428
4458,4833,확신/Noun,35,16,19,0.0002000666888962988,0.000233234856393967,0.5428571428571428
4459,4834,잘살다/Verb,35,16,19,0.0002000666888962988,0.000233234856393967,0.5428571428571428
4460,4835,우마/Noun,35,19,16,0.0002334111370456819,0.00019991559119482882,0.5428571428571428
4461,4836,의학/Noun,35,16,19,0.0002000666888962988,0.000233234856393967,0.5428571428571428
4462,4837,순진하다/Adjective,35,16,19,0.0002000666888962988,0.000233234856393967,0.5428571428571428
4463,4838,위치/Noun,35,16,19,0.0002000666888962988,0.000233234856393967,0.5428571428571428
4464,4847,퉤/Noun,34,2,32,4.445926419917751e-05,0.0003776183389235656,0.9411764705882352
4465,4848,만큼도/Josa,34,2,32,4.445926419917751e-05,0.0003776183389235656,0.9411764705882352
4466,4849,박신혜/Noun,34,31,3,0.00036678892964321435,5.553210866523024e-05,0.9117647058823528
4467,4850,자질/Noun,34,3,31,5.5574080248971876e-05,0.00036651191719051963,0.9117647058823528
4468,4851,...;;;/Punctuation,34,3,31,5.5574080248971876e-05,0.00036651191719051963,0.9117647058823528
4469,4852,공효진/Noun,34,30,4,0.00035567411359342004,6.663853039827628e-05,0.8823529411764706
4470,4853,톰크루즈/Noun,34,29,5,0.0003445592975436257,7.774495213132233e-05,0.8529411764705882
4471,4854,맑은/Noun,34,29,5,0.0003445592975436257,7.774495213132233e-05,0.8529411764705882
4472,4855,칠이/Noun,34,5,29,7.780371234856063e-05,0.00034429907372442745,0.8529411764705882
4473,4856,동호/Noun,34,5,29,7.780371234856063e-05,0.00034429907372442745,0.8529411764705882
4474,4857,이동욱/Noun,34,29,5,0.0003445592975436257,7.774495213132233e-05,0.8529411764705882
4475,4858,동기/Noun,34,6,28,8.891852839835501e-05,0.0003331926519913814,0.8235294117647058
4476,4859,~!!!!/Punctuation,34,27,7,0.00032232966544403684,9.995779559741441e-05,0.7941176470588235
4477,4860,가시/Noun,34,27,7,0.00032232966544403684,9.995779559741441e-05,0.7941176470588235
4478,4861,급전/Noun,34,7,27,0.0001000333444481494,0.00032208623025833537,0.7941176470588235
4479,4862,또한/Modifier,34,27,7,0.00032232966544403684,9.995779559741441e-05,0.7941176470588235
4480,4863,고려/Noun,34,7,27,0.0001000333444481494,0.00032208623025833537,0.7941176470588235
4481,4864,지다/Noun,34,27,7,0.00032232966544403684,9.995779559741441e-05,0.7941176470588235
4482,4865,카타르/Noun,34,27,7,0.00032232966544403684,9.995779559741441e-05,0.7941176470588235
4483,4866,숭고하다/Adjective,34,27,7,0.00032232966544403684,9.995779559741441e-05,0.7941176470588235
4484,4867,화이/Noun,34,27,7,0.00032232966544403684,9.995779559741441e-05,0.7941176470588235
4485,4868,뺨/Noun,34,8,26,0.00011114816049794375,0.00031097980852528933,0.7647058823529411
4486,4869,아웃/Noun,34,8,26,0.00011114816049794375,0.00031097980852528933,0.7647058823529411
4487,4870,출연료/Noun,34,8,26,0.00011114816049794375,0.00031097980852528933,0.7647058823529411
4488,4871,흥겹다/Adjective,34,26,8,0.00031121484939424253,0.00011106421733046048,0.7647058823529411
4489,4872,비급/Noun,34,8,26,0.00011114816049794375,0.00031097980852528933,0.7647058823529411
4490,4873,통한/Noun,34,26,8,0.00031121484939424253,0.00011106421733046048,0.7647058823529411
4491,4874,저예산영화/Noun,34,8,26,0.00011114816049794375,0.00031097980852528933,0.7647058823529411
4492,4875,멜깁슨/Noun,34,26,8,0.00031121484939424253,0.00011106421733046048,0.7647058823529411
4493,4876,어딨다/Verb,34,8,26,0.00011114816049794375,0.00031097980852528933,0.7647058823529411
4494,4877,행운/Noun,34,25,9,0.00030010003334444816,0.00012217063906350652,0.7352941176470589
4495,4878,도망/Noun,34,9,25,0.00012226297654773814,0.0002998733867922433,0.7352941176470589
4496,4879,린치/Noun,34,25,9,0.00030010003334444816,0.00012217063906350652,0.7352941176470589
4497,4880,잘쓰다/Verb,34,9,25,0.00012226297654773814,0.0002998733867922433,0.7352941176470589
4498,4881,또다시/Adverb,34,25,9,0.00030010003334444816,0.00012217063906350652,0.7352941176470589
4499,4882,처참하다/Adjective,34,9,25,0.00012226297654773814,0.0002998733867922433,0.7352941176470589
4500,4883,두/Modifier,34,9,25,0.00012226297654773814,0.0002998733867922433,0.7352941176470589
4501,4884,흐/Noun,34,25,9,0.00030010003334444816,0.00012217063906350652,0.7352941176470589
4502,4885,속도/Noun,34,10,24,0.0001333777925975325,0.0002887669650591972,0.7058823529411765
4503,4886,일본어/Noun,34,10,24,0.0001333777925975325,0.0002887669650591972,0.7058823529411765
4504,4887,털리다/Verb,34,10,24,0.0001333777925975325,0.0002887669650591972,0.7058823529411765
4505,4888,나아가다/Verb,34,24,10,0.0002889852172946538,0.00013327706079655256,0.7058823529411765
4506,4889,질투/Noun,34,24,10,0.0002889852172946538,0.00013327706079655256,0.7058823529411765
4507,4890,사이코패스/Noun,34,10,24,0.0001333777925975325,0.0002887669650591972,0.7058823529411765
4508,4891,2010년/Number,34,10,24,0.0001333777925975325,0.0002887669650591972,0.7058823529411765
4509,4892,김남길/Noun,34,24,10,0.0002889852172946538,0.00013327706079655256,0.7058823529411765
4510,4893,스치다/Verb,34,24,10,0.0002889852172946538,0.00013327706079655256,0.7058823529411765
4511,4894,파일/Noun,34,23,11,0.00027787040124485944,0.0001443834825295986,0.6764705882352942
4512,4895,S/Alpha,34,23,11,0.00027787040124485944,0.0001443834825295986,0.6764705882352942
4513,4896,떼/Noun,34,11,23,0.0001444926086473269,0.00027766054332615115,0.6764705882352942
4514,4897,토미/Noun,34,23,11,0.00027787040124485944,0.0001443834825295986,0.6764705882352942
4515,4898,?'/Punctuation,34,12,22,0.00015560742469712126,0.00026655412159310506,0.6470588235294118
4516,4899,페이지/Noun,34,22,12,0.000266755585195065,0.00015548990426264466,0.6470588235294118
4517,4900,중이/Noun,34,22,12,0.000266755585195065,0.00015548990426264466,0.6470588235294118
4518,4901,좌절/Noun,34,22,12,0.000266755585195065,0.00015548990426264466,0.6470588235294118
4519,4902,...!!/Punctuation,34,22,12,0.000266755585195065,0.00015548990426264466,0.6470588235294118
4520,4903,아르/Noun,34,22,12,0.000266755585195065,0.00015548990426264466,0.6470588235294118
4521,4904,프레데터/Noun,34,12,22,0.00015560742469712126,0.00026655412159310506,0.6470588235294118
4522,4905,고찰/Noun,34,22,12,0.000266755585195065,0.00015548990426264466,0.6470588235294118
4523,4906,고개/Noun,34,12,22,0.00015560742469712126,0.00026655412159310506,0.6470588235294118
4524,4907,고소영/Noun,34,12,22,0.00015560742469712126,0.00026655412159310506,0.6470588235294118
4525,4908,여우/Noun,34,22,12,0.000266755585195065,0.00015548990426264466,0.6470588235294118
4526,4909,안목/Noun,34,12,22,0.00015560742469712126,0.00026655412159310506,0.6470588235294118
4527,4910,이슈/Noun,34,13,21,0.00016672224074691566,0.0002554476998600591,0.6176470588235294
4528,4911,브리/Noun,34,21,13,0.00025564076914527065,0.0001665963259956907,0.6176470588235294
4529,4912,거대/Noun,34,13,21,0.00016672224074691566,0.0002554476998600591,0.6176470588235294
4530,4913,개독/Noun,34,13,21,0.00016672224074691566,0.0002554476998600591,0.6176470588235294
4531,4914,남자친구/Noun,34,21,13,0.00025564076914527065,0.0001665963259956907,0.6176470588235294
4532,4915,라며/Noun,34,13,21,0.00016672224074691566,0.0002554476998600591,0.6176470588235294
4533,4916,플레이/Noun,34,13,21,0.00016672224074691566,0.0002554476998600591,0.6176470588235294
4534,4917,몸부림/Noun,34,14,20,0.00017783705679671002,0.00024434127812701304,0.5882352941176471
4535,4918,이내/Noun,34,14,20,0.00017783705679671002,0.00024434127812701304,0.5882352941176471
4536,4919,하이킥/Noun,34,20,14,0.00024452595309547634,0.00017770274772873674,0.5882352941176471
4537,4920,스캔들/Noun,34,14,20,0.00017783705679671002,0.00024434127812701304,0.5882352941176471
4538,4921,블루/Noun,34,14,20,0.00017783705679671002,0.00024434127812701304,0.5882352941176471
4539,4922,성경/Noun,34,14,20,0.00017783705679671002,0.00024434127812701304,0.5882352941176471
4540,4923,제인/Noun,34,20,14,0.00024452595309547634,0.00017770274772873674,0.5882352941176471
4541,4924,차지/Noun,34,14,20,0.00017783705679671002,0.00024434127812701304,0.5882352941176471
4542,4925,하여금/Adverb,34,20,14,0.00024452595309547634,0.00017770274772873674,0.5882352941176471
4543,4926,대형/Noun,34,14,20,0.00017783705679671002,0.00024434127812701304,0.5882352941176471
4544,4927,조인성/Noun,34,20,14,0.00024452595309547634,0.00017770274772873674,0.5882352941176471
4545,4928,형성/Noun,34,20,14,0.00024452595309547634,0.00017770274772873674,0.5882352941176471
4546,4929,목표/Noun,34,20,14,0.00024452595309547634,0.00017770274772873674,0.5882352941176471
4547,4930,오토바이/Noun,34,14,20,0.00017783705679671002,0.00024434127812701304,0.5882352941176471
4548,4931,근본/Noun,34,14,20,0.00017783705679671002,0.00024434127812701304,0.5882352941176471
4549,4932,충분/Noun,34,20,14,0.00024452595309547634,0.00017770274772873674,0.5882352941176471
4550,4933,측면/Noun,34,14,20,0.00017783705679671002,0.00024434127812701304,0.5882352941176471
4551,4934,뿌리/Noun,34,19,15,0.0002334111370456819,0.0001888091694617828,0.5588235294117647
4552,4935,2008년/Number,34,19,15,0.0002334111370456819,0.0001888091694617828,0.5588235294117647
4553,4936,따윈/Noun,34,15,19,0.00018895187284650438,0.000233234856393967,0.5588235294117647
4554,4937,.?/Punctuation,34,19,15,0.0002334111370456819,0.0001888091694617828,0.5588235294117647
4555,4938,완결/Noun,34,19,15,0.0002334111370456819,0.0001888091694617828,0.5588235294117647
4556,4939,딱좋다/Adjective,34,19,15,0.0002334111370456819,0.0001888091694617828,0.5588235294117647
4557,4940,김수로/Noun,34,19,15,0.0002334111370456819,0.0001888091694617828,0.5588235294117647
4558,4941,2012/Number,34,15,19,0.00018895187284650438,0.000233234856393967,0.5588235294117647
4559,4942,마땅하다/Adjective,34,19,15,0.0002334111370456819,0.0001888091694617828,0.5588235294117647
4560,4943,뒤통수/Noun,34,15,19,0.00018895187284650438,0.000233234856393967,0.5588235294117647
4561,4944,태/Noun,34,18,16,0.0002222963209958875,0.00019991559119482882,0.5294117647058824
4562,4945,룩/Suffix,34,18,16,0.0002222963209958875,0.00019991559119482882,0.5294117647058824
4563,4946,서기/Noun,34,18,16,0.0002222963209958875,0.00019991559119482882,0.5294117647058824
4564,4947,특성/Noun,34,16,18,0.0002000666888962988,0.00022212843466092096,0.5294117647058824
4565,4948,끝장/Noun,34,18,16,0.0002222963209958875,0.00019991559119482882,0.5294117647058824
4566,4949,익다/Verb,34,16,18,0.0002000666888962988,0.00022212843466092096,0.5294117647058824
4567,4950,대리/Noun,34,18,16,0.0002222963209958875,0.00019991559119482882,0.5294117647058824
4568,4956,!!^^/Punctuation,33,33,0,0.00038901856174280313,2.2212843466092093e-05,1.0
4569,4957,앓이/Noun,33,33,0,0.00038901856174280313,2.2212843466092093e-05,1.0
4570,4958,서세원/Noun,33,1,32,3.334444814938313e-05,0.0003776183389235656,0.9696969696969696
4571,4959,모처럼/Noun,33,32,1,0.00037790374569300877,3.331926519913814e-05,0.9696969696969696
4572,4960,알차다/Adjective,33,31,2,0.00036678892964321435,4.4425686932184186e-05,0.9393939393939394
4573,4961,조아/Adverb,33,31,2,0.00036678892964321435,4.4425686932184186e-05,0.9393939393939394
4574,4962,국뽕/Noun,33,3,30,5.5574080248971876e-05,0.0003554054954574735,0.9090909090909092
4575,4963,듣보잡/Noun,33,3,30,5.5574080248971876e-05,0.0003554054954574735,0.9090909090909092
4576,4964,best/Alpha,33,30,3,0.00035567411359342004,5.553210866523024e-05,0.9090909090909092
4577,4965,혹성탈출/Noun,33,6,27,8.891852839835501e-05,0.00032208623025833537,0.8181818181818182
4578,4966,어줍다/Adjective,33,6,27,8.891852839835501e-05,0.00032208623025833537,0.8181818181818182
4579,4967,매회/Adverb,33,27,6,0.00032232966544403684,8.885137386436837e-05,0.8181818181818182
4580,4968,놀이/Noun,33,7,26,0.0001000333444481494,0.00031097980852528933,0.7878787878787878
4581,4969,각인/Noun,33,26,7,0.00031121484939424253,9.995779559741441e-05,0.7878787878787878
4582,4970,공격/Noun,33,7,26,0.0001000333444481494,0.00031097980852528933,0.7878787878787878
4583,4971,사랑과전쟁/Noun,33,8,25,0.00011114816049794375,0.0002998733867922433,0.7575757575757576
4584,4972,마련/Noun,33,25,8,0.00030010003334444816,0.00011106421733046048,0.7575757575757576
4585,4973,발레/Noun,33,25,8,0.00030010003334444816,0.00011106421733046048,0.7575757575757576
4586,4974,해대/Noun,33,8,25,0.00011114816049794375,0.0002998733867922433,0.7575757575757576
4587,4975,전결/Noun,33,8,25,0.00011114816049794375,0.0002998733867922433,0.7575757575757576
4588,4976,진구/Noun,33,24,9,0.0002889852172946538,0.00012217063906350652,0.7272727272727273
4589,4977,서서히/Noun,33,24,9,0.0002889852172946538,0.00012217063906350652,0.7272727272727273
4590,4978,갑작스럽다/Adjective,33,9,24,0.00012226297654773814,0.0002887669650591972,0.7272727272727273
4591,4979,자아내다/Verb,33,24,9,0.0002889852172946538,0.00012217063906350652,0.7272727272727273
4592,4980,대의/Foreign,33,24,9,0.0002889852172946538,0.00012217063906350652,0.7272727272727273
4593,4981,대도/Noun,33,9,24,0.00012226297654773814,0.0002887669650591972,0.7272727272727273
4594,4982,나이트/Noun,33,10,23,0.0001333777925975325,0.00027766054332615115,0.696969696969697
4595,4983,얼른/Noun,33,23,10,0.00027787040124485944,0.00013327706079655256,0.696969696969697
4596,4984,재회/Noun,33,23,10,0.00027787040124485944,0.00013327706079655256,0.696969696969697
4597,4985,좌파/Noun,33,10,23,0.0001333777925975325,0.00027766054332615115,0.696969696969697
4598,4986,회장/Noun,33,10,23,0.0001333777925975325,0.00027766054332615115,0.696969696969697
4599,4987,돌아다니다/Verb,33,10,23,0.0001333777925975325,0.00027766054332615115,0.696969696969697
4600,4988,부러/Noun,33,23,10,0.00027787040124485944,0.00013327706079655256,0.696969696969697
4601,4989,승/Noun,33,11,22,0.0001444926086473269,0.00026655412159310506,0.6666666666666666
4602,4990,…/Punctuation,33,11,22,0.0001444926086473269,0.00026655412159310506,0.6666666666666666
4603,4991,후유증/Noun,33,22,11,0.000266755585195065,0.0001443834825295986,0.6666666666666666
4604,4992,안녕/Noun,33,22,11,0.000266755585195065,0.0001443834825295986,0.6666666666666666
4605,4993,에게나/Josa,33,22,11,0.000266755585195065,0.0001443834825295986,0.6666666666666666
4606,4994,효민/Noun,33,11,22,0.0001444926086473269,0.00026655412159310506,0.6666666666666666
4607,4995,피우다/Verb,33,11,22,0.0001444926086473269,0.00026655412159310506,0.6666666666666666
4608,4996,까지가/Josa,33,11,22,0.0001444926086473269,0.00026655412159310506,0.6666666666666666
4609,4997,케이스/Noun,33,11,22,0.0001444926086473269,0.00026655412159310506,0.6666666666666666
4610,4998,낯선/Noun,33,22,11,0.000266755585195065,0.0001443834825295986,0.6666666666666666
4611,4999,과제/Noun,33,12,21,0.00015560742469712126,0.0002554476998600591,0.6363636363636364
4612,5000,괴수/Noun,33,12,21,0.00015560742469712126,0.0002554476998600591,0.6363636363636364
4613,5001,장인/Noun,33,21,12,0.00025564076914527065,0.00015548990426264466,0.6363636363636364
4614,5002,미로/Noun,33,12,21,0.00015560742469712126,0.0002554476998600591,0.6363636363636364
4615,5003,시청율/Noun,33,12,21,0.00015560742469712126,0.0002554476998600591,0.6363636363636364
4616,5004,탕/Noun,33,12,21,0.00015560742469712126,0.0002554476998600591,0.6363636363636364
4617,5005,지성/Noun,33,21,12,0.00025564076914527065,0.00015548990426264466,0.6363636363636364
4618,5006,↓/Foreign,33,12,21,0.00015560742469712126,0.0002554476998600591,0.6363636363636364
4619,5007,만으로는/Josa,33,13,20,0.00016672224074691566,0.00024434127812701304,0.6060606060606061
4620,5008,대만/Noun,33,13,20,0.00016672224074691566,0.00024434127812701304,0.6060606060606061
4621,5009,신뢰/Noun,33,13,20,0.00016672224074691566,0.00024434127812701304,0.6060606060606061
4622,5010,人/Foreign,33,13,20,0.00016672224074691566,0.00024434127812701304,0.6060606060606061
4623,5011,고정/Noun,33,20,13,0.00024452595309547634,0.0001665963259956907,0.6060606060606061
4624,5012,서방/Noun,33,13,20,0.00016672224074691566,0.00024434127812701304,0.6060606060606061
4625,5013,2회/Number,33,20,13,0.00024452595309547634,0.0001665963259956907,0.6060606060606061
4626,5014,어둠/Noun,33,19,14,0.0002334111370456819,0.00017770274772873674,0.5757575757575758
4627,5015,결합/Noun,33,19,14,0.0002334111370456819,0.00017770274772873674,0.5757575757575758
4628,5016,뚜렷하다/Adjective,33,19,14,0.0002334111370456819,0.00017770274772873674,0.5757575757575758
4629,5017,뵈다/Verb,33,19,14,0.0002334111370456819,0.00017770274772873674,0.5757575757575758
4630,5018,이신/Josa,33,19,14,0.0002334111370456819,0.00017770274772873674,0.5757575757575758
4631,5019,소수/Noun,33,14,19,0.00017783705679671002,0.000233234856393967,0.5757575757575758
4632,5020,명량/Noun,33,19,14,0.0002334111370456819,0.00017770274772873674,0.5757575757575758
4633,5021,검/Noun,33,14,19,0.00017783705679671002,0.000233234856393967,0.5757575757575758
4634,5022,자하/Noun,33,14,19,0.00017783705679671002,0.000233234856393967,0.5757575757575758
4635,5023,도덕/Noun,33,15,18,0.00018895187284650438,0.00022212843466092096,0.5454545454545454
4636,5024,고통스럽다/Adjective,33,18,15,0.0002222963209958875,0.0001888091694617828,0.5454545454545454
4637,5025,패닝/Noun,33,18,15,0.0002222963209958875,0.0001888091694617828,0.5454545454545454
4638,5026,어보/Noun,33,18,15,0.0002222963209958875,0.0001888091694617828,0.5454545454545454
4639,5027,2009년/Number,33,18,15,0.0002222963209958875,0.0001888091694617828,0.5454545454545454
4640,5028,가치관/Noun,33,18,15,0.0002222963209958875,0.0001888091694617828,0.5454545454545454
4641,5029,조각/Noun,33,18,15,0.0002222963209958875,0.0001888091694617828,0.5454545454545454
4642,5030,핵심/Noun,33,15,18,0.00018895187284650438,0.00022212843466092096,0.5454545454545454
4643,5031,해리슨/Noun,33,15,18,0.00018895187284650438,0.00022212843466092096,0.5454545454545454
4644,5032,조심하다/Verb,33,15,18,0.00018895187284650438,0.00022212843466092096,0.5454545454545454
4645,5033,물질/Noun,33,18,15,0.0002222963209958875,0.0001888091694617828,0.5454545454545454
4646,5034,하여튼/Noun,33,15,18,0.00018895187284650438,0.00022212843466092096,0.5454545454545454
4647,5035,수단/Noun,33,18,15,0.0002222963209958875,0.0001888091694617828,0.5454545454545454
4648,5036,영화배우/Noun,33,18,15,0.0002222963209958875,0.0001888091694617828,0.5454545454545454
4649,5037,서민/Noun,33,18,15,0.0002222963209958875,0.0001888091694617828,0.5454545454545454
4650,5038,으아/Exclamation,33,18,15,0.0002222963209958875,0.0001888091694617828,0.5454545454545454
4651,5039,제공/Noun,33,18,15,0.0002222963209958875,0.0001888091694617828,0.5454545454545454
4652,5051,보석같다/Adjective,32,31,1,0.00036678892964321435,3.331926519913814e-05,0.96875
4653,5052,명곡/Noun,32,30,2,0.00035567411359342004,4.4425686932184186e-05,0.9375
4654,5053,유행어/Noun,32,2,30,4.445926419917751e-05,0.0003554054954574735,0.9375
4655,5054,AV/Alpha,32,2,30,4.445926419917751e-05,0.0003554054954574735,0.9375
4656,5055,얄팍하다/Adjective,32,2,30,4.445926419917751e-05,0.0003554054954574735,0.9375
4657,5056,></Punctuation,32,30,2,0.00035567411359342004,4.4425686932184186e-05,0.9375
4658,5057,썰렁하다/Adjective,32,3,29,5.5574080248971876e-05,0.00034429907372442745,0.90625
4659,5058,Very/Alpha,32,29,3,0.0003445592975436257,5.553210866523024e-05,0.90625
4660,5059,테스트/Noun,32,3,29,5.5574080248971876e-05,0.00034429907372442745,0.90625
4661,5060,love/Alpha,32,28,4,0.0003334444814938313,6.663853039827628e-05,0.875
4662,5061,괴작/Noun,32,4,28,6.668889629876625e-05,0.0003331926519913814,0.875
4663,5062,보석/Noun,32,28,4,0.0003334444814938313,6.663853039827628e-05,0.875
4664,5063,되새기다/Verb,32,28,4,0.0003334444814938313,6.663853039827628e-05,0.875
4665,5064,참혹하다/Adjective,32,27,5,0.00032232966544403684,7.774495213132233e-05,0.84375
4666,5065,어필/Noun,32,5,27,7.780371234856063e-05,0.00032208623025833537,0.84375
4667,5066,슈스케/Noun,32,5,27,7.780371234856063e-05,0.00032208623025833537,0.84375
4668,5067,마주/Noun,32,27,5,0.00032232966544403684,7.774495213132233e-05,0.84375
4669,5068,변명/Noun,32,6,26,8.891852839835501e-05,0.00031097980852528933,0.8125
4670,5069,감독판/Noun,32,26,6,0.00031121484939424253,8.885137386436837e-05,0.8125
4671,5070,아리/Noun,32,26,6,0.00031121484939424253,8.885137386436837e-05,0.8125
4672,5071,침몰/Noun,32,6,26,8.891852839835501e-05,0.00031097980852528933,0.8125
4673,5072,뽀로로/Noun,32,7,25,0.0001000333444481494,0.0002998733867922433,0.78125
4674,5073,맛깔나다/Adjective,32,25,7,0.00030010003334444816,9.995779559741441e-05,0.78125
4675,5074,토요명화/Noun,32,25,7,0.00030010003334444816,9.995779559741441e-05,0.78125
4676,5075,사소하다/Adjective,32,25,7,0.00030010003334444816,9.995779559741441e-05,0.78125
4677,5076,된장/Noun,32,8,24,0.00011114816049794375,0.0002887669650591972,0.75
4678,5077,쌍욕/Noun,32,8,24,0.00011114816049794375,0.0002887669650591972,0.75
4679,5078,어쨋/Noun,32,24,8,0.0002889852172946538,0.00011106421733046048,0.75
4680,5079,안달/Noun,32,8,24,0.00011114816049794375,0.0002887669650591972,0.75
4681,5080,취미/Noun,32,8,24,0.00011114816049794375,0.0002887669650591972,0.75
4682,5081,튀기다/Verb,32,8,24,0.00011114816049794375,0.0002887669650591972,0.75
4683,5082,my/Alpha,32,23,9,0.00027787040124485944,0.00012217063906350652,0.71875
4684,5083,콘서트/Noun,32,23,9,0.00027787040124485944,0.00012217063906350652,0.71875
4685,5084,토마스/Noun,32,23,9,0.00027787040124485944,0.00012217063906350652,0.71875
4686,5085,희극/Noun,32,22,10,0.000266755585195065,0.00013327706079655256,0.6875
4687,5086,싸/VerbPrefix,32,10,22,0.0001333777925975325,0.00026655412159310506,0.6875
4688,5087,압축/Noun,32,10,22,0.0001333777925975325,0.00026655412159310506,0.6875
4689,5088,아랫/Modifier,32,22,10,0.000266755585195065,0.00013327706079655256,0.6875
4690,5089,통일/Noun,32,22,10,0.000266755585195065,0.00013327706079655256,0.6875
4691,5090,me/Alpha,32,22,10,0.000266755585195065,0.00013327706079655256,0.6875
4692,5091,일베/Noun,32,10,22,0.0001333777925975325,0.00026655412159310506,0.6875
4693,5092,원빈/Noun,32,22,10,0.000266755585195065,0.00013327706079655256,0.6875
4694,5093,다한/Noun,32,10,22,0.0001333777925975325,0.00026655412159310506,0.6875
4695,5094,녹화/Noun,32,21,11,0.00025564076914527065,0.0001443834825295986,0.65625
4696,5095,기차/Noun,32,21,11,0.00025564076914527065,0.0001443834825295986,0.65625
4697,5096,주지훈/Noun,32,21,11,0.00025564076914527065,0.0001443834825295986,0.65625
4698,5097,공리/Noun,32,21,11,0.00025564076914527065,0.0001443834825295986,0.65625
4699,5098,정답/Noun,32,21,11,0.00025564076914527065,0.0001443834825295986,0.65625
4700,5099,최지우/Noun,32,21,11,0.00025564076914527065,0.0001443834825295986,0.65625
4701,5100,즘/Noun,32,11,21,0.0001444926086473269,0.0002554476998600591,0.65625
4702,5101,치르다/Verb,32,11,21,0.0001444926086473269,0.0002554476998600591,0.65625
4703,5102,벌이다/Verb,32,11,21,0.0001444926086473269,0.0002554476998600591,0.65625
4704,5103,치가/Noun,32,11,21,0.0001444926086473269,0.0002554476998600591,0.65625
4705,5104,무작정/Noun,32,11,21,0.0001444926086473269,0.0002554476998600591,0.65625
4706,5105,뱉다/Verb,32,11,21,0.0001444926086473269,0.0002554476998600591,0.65625
4707,5106,학/Noun,32,12,20,0.00015560742469712126,0.00024434127812701304,0.625
4708,5107,~~~~~~~/Punctuation,32,12,20,0.00015560742469712126,0.00024434127812701304,0.625
4709,5108,휴머니즘/Noun,32,20,12,0.00024452595309547634,0.00015548990426264466,0.625
4710,5109,트와일라잇/Noun,32,12,20,0.00015560742469712126,0.00024434127812701304,0.625
4711,5110,과감/Noun,32,12,20,0.00015560742469712126,0.00024434127812701304,0.625
4712,5111,크리/Noun,32,20,12,0.00024452595309547634,0.00015548990426264466,0.625
4713,5112,디스/Noun,32,12,20,0.00015560742469712126,0.00024434127812701304,0.625
4714,5113,동원/Noun,32,12,20,0.00015560742469712126,0.00024434127812701304,0.625
4715,5114,어벤져스/Noun,32,20,12,0.00024452595309547634,0.00015548990426264466,0.625
4716,5115,줄알/Noun,32,12,20,0.00015560742469712126,0.00024434127812701304,0.625
4717,5116,송중기/Noun,32,20,12,0.00024452595309547634,0.00015548990426264466,0.625
4718,5117,강혜정/Noun,32,13,19,0.00016672224074691566,0.000233234856393967,0.59375
4719,5118,므/Noun,32,19,13,0.0002334111370456819,0.0001665963259956907,0.59375
4720,5119,하우스/Noun,32,14,18,0.00017783705679671002,0.00022212843466092096,0.5625
4721,5120,여야/Noun,32,14,18,0.00017783705679671002,0.00022212843466092096,0.5625
4722,5121,주신/Noun,32,18,14,0.0002222963209958875,0.00017770274772873674,0.5625
4723,5122,쳐다보다/Verb,32,14,18,0.00017783705679671002,0.00022212843466092096,0.5625
4724,5123,2011년/Number,32,14,18,0.00017783705679671002,0.00022212843466092096,0.5625
4725,5124,가도/Noun,32,18,14,0.0002222963209958875,0.00017770274772873674,0.5625
4726,5125,쓰리다/Adjective,32,14,18,0.00017783705679671002,0.00022212843466092096,0.5625
4727,5126,자가/Noun,32,14,18,0.00017783705679671002,0.00022212843466092096,0.5625
4728,5127,적응/Noun,32,14,18,0.00017783705679671002,0.00022212843466092096,0.5625
4729,5128,에야/Josa,32,18,14,0.0002222963209958875,0.00017770274772873674,0.5625
4730,5129,작살/Noun,32,18,14,0.0002222963209958875,0.00017770274772873674,0.5625
4731,5130,뉴/Noun,32,15,17,0.00018895187284650438,0.0002110220129278749,0.53125
4732,5131,농구/Noun,32,17,15,0.00021118150494609317,0.0001888091694617828,0.53125
4733,5132,레이싱/Noun,32,17,15,0.00021118150494609317,0.0001888091694617828,0.53125
4734,5133,이선균/Noun,32,17,15,0.00021118150494609317,0.0001888091694617828,0.53125
4735,5134,갈수/Noun,32,15,17,0.00018895187284650438,0.0002110220129278749,0.53125
4736,5135,2일/Number,32,15,17,0.00018895187284650438,0.0002110220129278749,0.53125
4737,5136,피트/Noun,32,17,15,0.00021118150494609317,0.0001888091694617828,0.53125
4738,5137,여명/Noun,32,17,15,0.00021118150494609317,0.0001888091694617828,0.53125
4739,5141,안듬/Noun,31,1,30,3.334444814938313e-05,0.0003554054954574735,0.967741935483871
4740,5142,참내/Noun,31,1,30,3.334444814938313e-05,0.0003554054954574735,0.967741935483871
4741,5143,이상형/Noun,31,28,3,0.0003334444814938313,5.553210866523024e-05,0.9032258064516128
4742,5144,못지않다/Adjective,31,28,3,0.0003334444814938313,5.553210866523024e-05,0.9032258064516128
4743,5145,그만두다/Verb,31,3,28,5.5574080248971876e-05,0.0003331926519913814,0.9032258064516128
4744,5146,잘맞다/Adjective,31,27,4,0.00032232966544403684,6.663853039827628e-05,0.8709677419354839
4745,5147,수습/Noun,31,4,27,6.668889629876625e-05,0.00032208623025833537,0.8709677419354839
4746,5148,발악/Noun,31,4,27,6.668889629876625e-05,0.00032208623025833537,0.8709677419354839
4747,5149,랍시고/Noun,31,4,27,6.668889629876625e-05,0.00032208623025833537,0.8709677419354839
4748,5150,자마자/Noun,31,5,26,7.780371234856063e-05,0.00031097980852528933,0.8387096774193549
4749,5151,공존/Noun,31,26,5,0.00031121484939424253,7.774495213132233e-05,0.8387096774193549
4750,5152,팬심/Noun,31,5,26,7.780371234856063e-05,0.00031097980852528933,0.8387096774193549
4751,5153,제이/Noun,31,26,5,0.00031121484939424253,7.774495213132233e-05,0.8387096774193549
4752,5154,봣던/Noun,31,25,6,0.00030010003334444816,8.885137386436837e-05,0.8064516129032258
4753,5155,통틀어/Noun,31,25,6,0.00030010003334444816,8.885137386436837e-05,0.8064516129032258
4754,5156,메리/Noun,31,25,6,0.00030010003334444816,8.885137386436837e-05,0.8064516129032258
4755,5157,쪽바리/Noun,31,6,25,8.891852839835501e-05,0.0002998733867922433,0.8064516129032258
4756,5158,결제/Noun,31,6,25,8.891852839835501e-05,0.0002998733867922433,0.8064516129032258
4757,5159,서인국/Noun,31,25,6,0.00030010003334444816,8.885137386436837e-05,0.8064516129032258
4758,5160,으로/Foreign,31,7,24,0.0001000333444481494,0.0002887669650591972,0.7741935483870968
4759,5161,히치콕/Noun,31,24,7,0.0002889852172946538,9.995779559741441e-05,0.7741935483870968
4760,5162,클린트/Noun,31,24,7,0.0002889852172946538,9.995779559741441e-05,0.7741935483870968
4761,5163,윌리엄스/Noun,31,24,7,0.0002889852172946538,9.995779559741441e-05,0.7741935483870968
4762,5164,혼/Noun,31,24,7,0.0002889852172946538,9.995779559741441e-05,0.7741935483870968
4763,5165,때론/Noun,31,24,7,0.0002889852172946538,9.995779559741441e-05,0.7741935483870968
4764,5166,기막히다/Adjective,31,23,8,0.00027787040124485944,0.00011106421733046048,0.7419354838709677
4765,5167,크리스틴/Noun,31,23,8,0.00027787040124485944,0.00011106421733046048,0.7419354838709677
4766,5168,부대/Noun,31,8,23,0.00011114816049794375,0.00027766054332615115,0.7419354838709677
4767,5169,이틀/Noun,31,23,8,0.00027787040124485944,0.00011106421733046048,0.7419354838709677
4768,5170,봣음/Noun,31,23,8,0.00027787040124485944,0.00011106421733046048,0.7419354838709677
4769,5171,욕설/Noun,31,8,23,0.00011114816049794375,0.00027766054332615115,0.7419354838709677
4770,5172,하필/Noun,31,9,22,0.00012226297654773814,0.00026655412159310506,0.7096774193548387
4771,5173,희한하다/Adjective,31,9,22,0.00012226297654773814,0.00026655412159310506,0.7096774193548387
4772,5174,윤계상/Noun,31,22,9,0.000266755585195065,0.00012217063906350652,0.7096774193548387
4773,5175,미니/Noun,31,22,9,0.000266755585195065,0.00012217063906350652,0.7096774193548387
4774,5176,대면/Noun,31,9,22,0.00012226297654773814,0.00026655412159310506,0.7096774193548387
4775,5177,약자/Noun,31,22,9,0.000266755585195065,0.00012217063906350652,0.7096774193548387
4776,5178,1억/Number,31,9,22,0.00012226297654773814,0.00026655412159310506,0.7096774193548387
4777,5179,사다코/Noun,31,9,22,0.00012226297654773814,0.00026655412159310506,0.7096774193548387
4778,5180,공상/Noun,31,9,22,0.00012226297654773814,0.00026655412159310506,0.7096774193548387
4779,5181,엑/Exclamation,31,9,22,0.00012226297654773814,0.00026655412159310506,0.7096774193548387
4780,5182,미개하다/Adjective,31,9,22,0.00012226297654773814,0.00026655412159310506,0.7096774193548387
4781,5183,....?/Punctuation,31,10,21,0.0001333777925975325,0.0002554476998600591,0.6774193548387096
4782,5184,츠/Noun,31,21,10,0.00025564076914527065,0.00013327706079655256,0.6774193548387096
4783,5185,인셉션/Noun,31,21,10,0.00025564076914527065,0.00013327706079655256,0.6774193548387096
4784,5186,스트립/Noun,31,21,10,0.00025564076914527065,0.00013327706079655256,0.6774193548387096
4785,5187,큰일/Noun,31,10,21,0.0001333777925975325,0.0002554476998600591,0.6774193548387096
4786,5188,오우/Noun,31,21,10,0.00025564076914527065,0.00013327706079655256,0.6774193548387096
4787,5189,무장/Noun,31,10,21,0.0001333777925975325,0.0002554476998600591,0.6774193548387096
4788,5190,끊어지다/Verb,31,10,21,0.0001333777925975325,0.0002554476998600591,0.6774193548387096
4789,5191,미남/Noun,31,21,10,0.00025564076914527065,0.00013327706079655256,0.6774193548387096
4790,5192,부류/Noun,31,10,21,0.0001333777925975325,0.0002554476998600591,0.6774193548387096
4791,5193,내주다/Verb,31,21,10,0.00025564076914527065,0.00013327706079655256,0.6774193548387096
4792,5194,마저/Noun,31,11,20,0.0001444926086473269,0.00024434127812701304,0.6451612903225806
4793,5195,라고는/Josa,31,11,20,0.0001444926086473269,0.00024434127812701304,0.6451612903225806
4794,5196,인증/Noun,31,11,20,0.0001444926086473269,0.00024434127812701304,0.6451612903225806
4795,5197,나인/Noun,31,20,11,0.00024452595309547634,0.0001443834825295986,0.6451612903225806
4796,5198,그런대로/Adverb,31,11,20,0.0001444926086473269,0.00024434127812701304,0.6451612903225806
4797,5199,",../Punctuation",31,11,20,0.0001444926086473269,0.00024434127812701304,0.6451612903225806
4798,5200,필립/Noun,31,20,11,0.00024452595309547634,0.0001443834825295986,0.6451612903225806
4799,5201,뎁/Noun,31,20,11,0.00024452595309547634,0.0001443834825295986,0.6451612903225806
4800,5202,써주다/Verb,31,11,20,0.0001444926086473269,0.00024434127812701304,0.6451612903225806
4801,5203,난이/Noun,31,20,11,0.00024452595309547634,0.0001443834825295986,0.6451612903225806
4802,5204,7~8/Number,31,20,11,0.00024452595309547634,0.0001443834825295986,0.6451612903225806
4803,5205,맞먹다/Verb,31,12,19,0.00015560742469712126,0.000233234856393967,0.6129032258064516
4804,5206,불꽃/Noun,31,19,12,0.0002334111370456819,0.00015548990426264466,0.6129032258064516
4805,5207,악의/Noun,31,19,12,0.0002334111370456819,0.00015548990426264466,0.6129032258064516
4806,5208,미스터/Noun,31,19,12,0.0002334111370456819,0.00015548990426264466,0.6129032258064516
4807,5209,진출/Noun,31,13,18,0.00016672224074691566,0.00022212843466092096,0.5806451612903226
4808,5210,기리/Noun,31,18,13,0.0002222963209958875,0.0001665963259956907,0.5806451612903226
4809,5211,주장/Noun,31,13,18,0.00016672224074691566,0.00022212843466092096,0.5806451612903226
4810,5212,불가능/Noun,31,18,13,0.0002222963209958875,0.0001665963259956907,0.5806451612903226
4811,5213,매튜/Noun,31,18,13,0.0002222963209958875,0.0001665963259956907,0.5806451612903226
4812,5214,보더/Noun,31,13,18,0.00016672224074691566,0.00022212843466092096,0.5806451612903226
4813,5215,리스트/Noun,31,18,13,0.0002222963209958875,0.0001665963259956907,0.5806451612903226
4814,5216,달려가다/Verb,31,18,13,0.0002222963209958875,0.0001665963259956907,0.5806451612903226
4815,5217,도박/Noun,31,18,13,0.0002222963209958875,0.0001665963259956907,0.5806451612903226
4816,5218,전투기/Noun,31,13,18,0.00016672224074691566,0.00022212843466092096,0.5806451612903226
4817,5219,창조/Noun,31,18,13,0.0002222963209958875,0.0001665963259956907,0.5806451612903226
4818,5220,정성/Noun,31,13,18,0.00016672224074691566,0.00022212843466092096,0.5806451612903226
4819,5221,미션/Noun,31,13,18,0.00016672224074691566,0.00022212843466092096,0.5806451612903226
4820,5222,큐/Noun,31,13,18,0.00016672224074691566,0.00022212843466092096,0.5806451612903226
4821,5223,좁다/Adjective,31,13,18,0.00016672224074691566,0.00022212843466092096,0.5806451612903226
4822,5224,앤딩/Noun,31,13,18,0.00016672224074691566,0.00022212843466092096,0.5806451612903226
4823,5225,장용/Noun,31,13,18,0.00016672224074691566,0.00022212843466092096,0.5806451612903226
4824,5226,사오다/Verb,31,18,13,0.0002222963209958875,0.0001665963259956907,0.5806451612903226
4825,5227,기반/Noun,31,13,18,0.00016672224074691566,0.00022212843466092096,0.5806451612903226
4826,5228,뜸/Noun,31,18,13,0.0002222963209958875,0.0001665963259956907,0.5806451612903226
4827,5229,궁금증/Noun,31,14,17,0.00017783705679671002,0.0002110220129278749,0.5483870967741935
4828,5230,문제점/Noun,31,14,17,0.00017783705679671002,0.0002110220129278749,0.5483870967741935
4829,5231,천녀유혼/Noun,31,14,17,0.00017783705679671002,0.0002110220129278749,0.5483870967741935
4830,5232,헤/Noun,31,14,17,0.00017783705679671002,0.0002110220129278749,0.5483870967741935
4831,5233,롯데/Noun,31,17,14,0.00021118150494609317,0.00017770274772873674,0.5483870967741935
4832,5234,미우다/Verb,31,17,14,0.00021118150494609317,0.00017770274772873674,0.5483870967741935
4833,5235,며칠/Noun,31,17,14,0.00021118150494609317,0.00017770274772873674,0.5483870967741935
4834,5236,발차기/Noun,31,14,17,0.00017783705679671002,0.0002110220129278749,0.5483870967741935
4835,5237,이겠다/Verb,31,17,14,0.00021118150494609317,0.00017770274772873674,0.5483870967741935
4836,5247,난감하다/Adjective,30,1,29,3.334444814938313e-05,0.00034429907372442745,0.9666666666666668
4837,5248,흠뻑/Noun,30,29,1,0.0003445592975436257,3.331926519913814e-05,0.9666666666666668
4838,5249,난방/Noun,30,1,29,3.334444814938313e-05,0.00034429907372442745,0.9666666666666668
4839,5250,한물가다/Verb,30,2,28,4.445926419917751e-05,0.0003331926519913814,0.9333333333333332
4840,5251,중구/Noun,30,2,28,4.445926419917751e-05,0.0003331926519913814,0.9333333333333332
4841,5252,더러워지다/Verb,30,2,28,4.445926419917751e-05,0.0003331926519913814,0.9333333333333332
4842,5253,유승준/Noun,30,3,27,5.5574080248971876e-05,0.00032208623025833537,0.9
4843,5254,망신/Noun,30,3,27,5.5574080248971876e-05,0.00032208623025833537,0.9
4844,5255,인간미/Noun,30,26,4,0.00031121484939424253,6.663853039827628e-05,0.8666666666666667
4845,5256,무책임하다/Adjective,30,4,26,6.668889629876625e-05,0.00031097980852528933,0.8666666666666667
4846,5257,안남다/Adjective,30,4,26,6.668889629876625e-05,0.00031097980852528933,0.8666666666666667
4847,5258,진실되다/Adjective,30,26,4,0.00031121484939424253,6.663853039827628e-05,0.8666666666666667
4848,5259,괴/Noun,30,4,26,6.668889629876625e-05,0.00031097980852528933,0.8666666666666667
4849,5260,무표정/Noun,30,5,25,7.780371234856063e-05,0.0002998733867922433,0.8333333333333334
4850,5261,거도/Noun,30,6,24,8.891852839835501e-05,0.0002887669650591972,0.8
4851,5262,영화음악/Noun,30,24,6,0.0002889852172946538,8.885137386436837e-05,0.8
4852,5263,걸레/Noun,30,6,24,8.891852839835501e-05,0.0002887669650591972,0.8
4853,5264,ㅁㅊ/KoreanParticle,30,6,24,8.891852839835501e-05,0.0002887669650591972,0.8
4854,5265,쬐다/Verb,30,6,24,8.891852839835501e-05,0.0002887669650591972,0.8
4855,5266,잠수함/Noun,30,24,6,0.0002889852172946538,8.885137386436837e-05,0.8
4856,5267,관성/Noun,30,6,24,8.891852839835501e-05,0.0002887669650591972,0.8
4857,5268,으으/Exclamation,30,6,24,8.891852839835501e-05,0.0002887669650591972,0.8
4858,5269,패기/Noun,30,6,24,8.891852839835501e-05,0.0002887669650591972,0.8
4859,5270,진주/Noun,30,24,6,0.0002889852172946538,8.885137386436837e-05,0.8
4860,5271,은희/Noun,30,7,23,0.0001000333444481494,0.00027766054332615115,0.7666666666666667
4861,5272,미루다/Verb,30,23,7,0.00027787040124485944,9.995779559741441e-05,0.7666666666666667
4862,5273,피하/Noun,30,7,23,0.0001000333444481494,0.00027766054332615115,0.7666666666666667
4863,5274,여고괴담/Noun,30,7,23,0.0001000333444481494,0.00027766054332615115,0.7666666666666667
4864,5275,콧물/Noun,30,23,7,0.00027787040124485944,9.995779559741441e-05,0.7666666666666667
4865,5276,오점/Noun,30,8,22,0.00011114816049794375,0.00026655412159310506,0.7333333333333333
4866,5277,기념/Noun,30,8,22,0.00011114816049794375,0.00026655412159310506,0.7333333333333333
4867,5278,and/Alpha,30,22,8,0.000266755585195065,0.00011106421733046048,0.7333333333333333
4868,5279,토이스토리/Noun,30,22,8,0.000266755585195065,0.00011106421733046048,0.7333333333333333
4869,5280,교차/Noun,30,22,8,0.000266755585195065,0.00011106421733046048,0.7333333333333333
4870,5281,나마/Josa,30,22,8,0.000266755585195065,0.00011106421733046048,0.7333333333333333
4871,5282,평범/Noun,30,8,22,0.00011114816049794375,0.00026655412159310506,0.7333333333333333
4872,5283,무능하다/Adjective,30,9,21,0.00012226297654773814,0.0002554476998600591,0.7
4873,5284,아야/Noun,30,9,21,0.00012226297654773814,0.0002554476998600591,0.7
4874,5285,작업/Noun,30,9,21,0.00012226297654773814,0.0002554476998600591,0.7
4875,5286,처벌/Noun,30,9,21,0.00012226297654773814,0.0002554476998600591,0.7
4876,5287,구해/Noun,30,21,9,0.00025564076914527065,0.00012217063906350652,0.7
4877,5288,의존/Noun,30,9,21,0.00012226297654773814,0.0002554476998600591,0.7
4878,5289,에너지/Noun,30,20,10,0.00024452595309547634,0.00013327706079655256,0.6666666666666666
4879,5290,sbs/Alpha,30,10,20,0.0001333777925975325,0.00024434127812701304,0.6666666666666666
4880,5291,안정/Noun,30,20,10,0.00024452595309547634,0.00013327706079655256,0.6666666666666666
4881,5292,지능/Noun,30,10,20,0.0001333777925975325,0.00024434127812701304,0.6666666666666666
4882,5293,조재현/Noun,30,20,10,0.00024452595309547634,0.00013327706079655256,0.6666666666666666
4883,5294,축/Noun,30,10,20,0.0001333777925975325,0.00024434127812701304,0.6666666666666666
4884,5295,간접/Noun,30,20,10,0.00024452595309547634,0.00013327706079655256,0.6666666666666666
4885,5296,정적/Noun,30,20,10,0.00024452595309547634,0.00013327706079655256,0.6666666666666666
4886,5297,로드무비/Noun,30,20,10,0.00024452595309547634,0.00013327706079655256,0.6666666666666666
4887,5298,이종석/Noun,30,19,11,0.0002334111370456819,0.0001443834825295986,0.6333333333333333
4888,5299,갱/Noun,30,11,19,0.0001444926086473269,0.000233234856393967,0.6333333333333333
4889,5300,도감/Noun,30,19,11,0.0002334111370456819,0.0001443834825295986,0.6333333333333333
4890,5301,모델/Noun,30,11,19,0.0001444926086473269,0.000233234856393967,0.6333333333333333
4891,5302,웨슬리/Noun,30,11,19,0.0001444926086473269,0.000233234856393967,0.6333333333333333
4892,5303,모자/Noun,30,19,11,0.0002334111370456819,0.0001443834825295986,0.6333333333333333
4893,5304,쾌감/Noun,30,19,11,0.0002334111370456819,0.0001443834825295986,0.6333333333333333
4894,5305,안티/Noun,30,11,19,0.0001444926086473269,0.000233234856393967,0.6333333333333333
4895,5306,데이트/Noun,30,11,19,0.0001444926086473269,0.000233234856393967,0.6333333333333333
4896,5307,최진실/Noun,30,19,11,0.0002334111370456819,0.0001443834825295986,0.6333333333333333
4897,5308,속상하다/Adjective,30,19,11,0.0002334111370456819,0.0001443834825295986,0.6333333333333333
4898,5309,나비효과/Noun,30,12,18,0.00015560742469712126,0.00022212843466092096,0.6
4899,5310,무심하다/Adjective,30,12,18,0.00015560742469712126,0.00022212843466092096,0.6
4900,5311,두뇌/Noun,30,18,12,0.0002222963209958875,0.00015548990426264466,0.6
4901,5312,스토리텔링/Noun,30,12,18,0.00015560742469712126,0.00022212843466092096,0.6
4902,5313,평작/Noun,30,12,18,0.00015560742469712126,0.00022212843466092096,0.6
4903,5314,묶다/Verb,30,12,18,0.00015560742469712126,0.00022212843466092096,0.6
4904,5315,헛소리/Noun,30,12,18,0.00015560742469712126,0.00022212843466092096,0.6
4905,5316,일본애니/Noun,30,18,12,0.0002222963209958875,0.00015548990426264466,0.6
4906,5317,대니/Noun,30,18,12,0.0002222963209958875,0.00015548990426264466,0.6
4907,5318,출동/Noun,30,12,18,0.00015560742469712126,0.00022212843466092096,0.6
4908,5319,하여간/Adverb,30,12,18,0.00015560742469712126,0.00022212843466092096,0.6
4909,5320,시스템/Noun,30,18,12,0.0002222963209958875,0.00015548990426264466,0.6
4910,5321,유해진/Noun,30,18,12,0.0002222963209958875,0.00015548990426264466,0.6
4911,5322,가문/Noun,30,12,18,0.00015560742469712126,0.00022212843466092096,0.6
4912,5323,초능력/Noun,30,12,18,0.00015560742469712126,0.00022212843466092096,0.6
4913,5324,그룹/Noun,30,12,18,0.00015560742469712126,0.00022212843466092096,0.6
4914,5325,이승기/Noun,30,18,12,0.0002222963209958875,0.00015548990426264466,0.6
4915,5326,각성/Noun,30,13,17,0.00016672224074691566,0.0002110220129278749,0.5666666666666667
4916,5327,로사/Noun,30,17,13,0.00021118150494609317,0.0001665963259956907,0.5666666666666667
4917,5328,자존심/Noun,30,17,13,0.00021118150494609317,0.0001665963259956907,0.5666666666666667
4918,5329,번만/Noun,30,17,13,0.00021118150494609317,0.0001665963259956907,0.5666666666666667
4919,5330,고향/Noun,30,13,17,0.00016672224074691566,0.0002110220129278749,0.5666666666666667
4920,5331,뚫다/Verb,30,13,17,0.00016672224074691566,0.0002110220129278749,0.5666666666666667
4921,5332,해안/Noun,30,13,17,0.00016672224074691566,0.0002110220129278749,0.5666666666666667
4922,5333,퀄/Noun,30,17,13,0.00021118150494609317,0.0001665963259956907,0.5666666666666667
4923,5334,이입/Noun,30,13,17,0.00016672224074691566,0.0002110220129278749,0.5666666666666667
4924,5335,리언/Noun,30,17,13,0.00021118150494609317,0.0001665963259956907,0.5666666666666667
4925,5336,에서부터/Josa,30,13,17,0.00016672224074691566,0.0002110220129278749,0.5666666666666667
4926,5337,아트/Noun,30,17,13,0.00021118150494609317,0.0001665963259956907,0.5666666666666667
4927,5338,안고/Noun,30,17,13,0.00021118150494609317,0.0001665963259956907,0.5666666666666667
4928,5339,찍히다/Verb,30,14,16,0.00017783705679671002,0.00019991559119482882,0.5333333333333333
4929,5340,식당/Noun,30,14,16,0.00017783705679671002,0.00019991559119482882,0.5333333333333333
4930,5341,1%/Number,30,16,14,0.0002000666888962988,0.00017770274772873674,0.5333333333333333
4931,5342,헐크/Noun,30,16,14,0.0002000666888962988,0.00017770274772873674,0.5333333333333333
4932,5343,대판/Noun,30,16,14,0.0002000666888962988,0.00017770274772873674,0.5333333333333333
4933,5344,봉태규/Noun,30,14,16,0.00017783705679671002,0.00019991559119482882,0.5333333333333333
4934,5345,림/Noun,30,16,14,0.0002000666888962988,0.00017770274772873674,0.5333333333333333
4935,5346,경제/Noun,30,14,16,0.00017783705679671002,0.00019991559119482882,0.5333333333333333
4936,5347,악플/Noun,30,14,16,0.00017783705679671002,0.00019991559119482882,0.5333333333333333
4937,5348,장쯔이/Noun,30,16,14,0.0002000666888962988,0.00017770274772873674,0.5333333333333333
4938,5349,사의/Noun,30,16,14,0.0002000666888962988,0.00017770274772873674,0.5333333333333333
4939,5350,아날로그/Noun,30,16,14,0.0002000666888962988,0.00017770274772873674,0.5333333333333333
4940,5358,주고/Foreign,29,1,28,3.334444814938313e-05,0.0003331926519913814,0.9655172413793104
4941,5359,맑다/Adjective,29,28,1,0.0003334444814938313,3.331926519913814e-05,0.9655172413793104
4942,5360,남아도/Noun,29,2,27,4.445926419917751e-05,0.00032208623025833537,0.9310344827586208
4943,5361,간신히/Adverb,29,2,27,4.445926419917751e-05,0.00032208623025833537,0.9310344827586208
4944,5362,거중/Noun,29,2,27,4.445926419917751e-05,0.00032208623025833537,0.9310344827586208
4945,5363,성질/Noun,29,2,27,4.445926419917751e-05,0.00032208623025833537,0.9310344827586208
4946,5364,MC/Alpha,29,3,26,5.5574080248971876e-05,0.00031097980852528933,0.8965517241379308
4947,5365,입가/Noun,29,26,3,0.00031121484939424253,5.553210866523024e-05,0.8965517241379308
4948,5366,취지/Noun,29,3,26,5.5574080248971876e-05,0.00031097980852528933,0.8965517241379308
4949,5367,말장난/Noun,29,3,26,5.5574080248971876e-05,0.00031097980852528933,0.8965517241379308
4950,5368,나소/Noun,29,4,25,6.668889629876625e-05,0.0002998733867922433,0.8620689655172413
4951,5369,두서/Noun,29,4,25,6.668889629876625e-05,0.0002998733867922433,0.8620689655172413
4952,5370,"..,,/Punctuation",29,4,25,6.668889629876625e-05,0.0002998733867922433,0.8620689655172413
4953,5371,백미/Noun,29,25,4,0.00030010003334444816,6.663853039827628e-05,0.8620689655172413
4954,5372,미성년/Noun,29,4,25,6.668889629876625e-05,0.0002998733867922433,0.8620689655172413
4955,5373,잡아먹다/Verb,29,4,25,6.668889629876625e-05,0.0002998733867922433,0.8620689655172413
4956,5374,성냥/Noun,29,4,25,6.668889629876625e-05,0.0002998733867922433,0.8620689655172413
4957,5375,전파/Noun,29,4,25,6.668889629876625e-05,0.0002998733867922433,0.8620689655172413
4958,5376,틀어놓다/Verb,29,5,24,7.780371234856063e-05,0.0002887669650591972,0.8275862068965517
4959,5377,김규리/Noun,29,5,24,7.780371234856063e-05,0.0002887669650591972,0.8275862068965517
4960,5378,돌이키다/Verb,29,24,5,0.0002889852172946538,7.774495213132233e-05,0.8275862068965517
4961,5379,눈알/Noun,29,5,24,7.780371234856063e-05,0.0002887669650591972,0.8275862068965517
4962,5380,좆/Noun,29,5,24,7.780371234856063e-05,0.0002887669650591972,0.8275862068965517
4963,5381,으로의/Josa,29,24,5,0.0002889852172946538,7.774495213132233e-05,0.8275862068965517
4964,5382,똥폼/Noun,29,5,24,7.780371234856063e-05,0.0002887669650591972,0.8275862068965517
4965,5383,통쾌/Noun,29,23,6,0.00027787040124485944,8.885137386436837e-05,0.7931034482758621
4966,5384,퍼펙트/Noun,29,23,6,0.00027787040124485944,8.885137386436837e-05,0.7931034482758621
4967,5385,’/Punctuation,29,6,23,8.891852839835501e-05,0.00027766054332615115,0.7931034482758621
4968,5386,오늘날/Noun,29,23,6,0.00027787040124485944,8.885137386436837e-05,0.7931034482758621
4969,5387,깜찍하다/Adjective,29,23,6,0.00027787040124485944,8.885137386436837e-05,0.7931034482758621
4970,5388,사납다/Adjective,29,6,23,8.891852839835501e-05,0.00027766054332615115,0.7931034482758621
4971,5389,대치/Noun,29,7,22,0.0001000333444481494,0.00026655412159310506,0.7586206896551724
4972,5390,엇어/Noun,29,22,7,0.000266755585195065,9.995779559741441e-05,0.7586206896551724
4973,5391,별반/Noun,29,7,22,0.0001000333444481494,0.00026655412159310506,0.7586206896551724
4974,5392,단막극/Noun,29,7,22,0.0001000333444481494,0.00026655412159310506,0.7586206896551724
4975,5393,조롱/Noun,29,7,22,0.0001000333444481494,0.00026655412159310506,0.7586206896551724
4976,5394,",.../Punctuation",29,7,22,0.0001000333444481494,0.00026655412159310506,0.7586206896551724
4977,5395,운전/Noun,29,7,22,0.0001000333444481494,0.00026655412159310506,0.7586206896551724
4978,5396,가왜/Noun,29,7,22,0.0001000333444481494,0.00026655412159310506,0.7586206896551724
4979,5397,사전/Noun,29,22,7,0.000266755585195065,9.995779559741441e-05,0.7586206896551724
4980,5398,몬/Noun,29,7,22,0.0001000333444481494,0.00026655412159310506,0.7586206896551724
4981,5399,찌들다/Verb,29,22,7,0.000266755585195065,9.995779559741441e-05,0.7586206896551724
4982,5400,인공/Noun,29,8,21,0.00011114816049794375,0.0002554476998600591,0.7241379310344828
4983,5401,뮤직/Noun,29,21,8,0.00025564076914527065,0.00011106421733046048,0.7241379310344828
4984,5402,사례/Noun,29,8,21,0.00011114816049794375,0.0002554476998600591,0.7241379310344828
4985,5403,신기/Noun,29,8,21,0.00011114816049794375,0.0002554476998600591,0.7241379310344828
4986,5404,-.-/Punctuation,29,8,21,0.00011114816049794375,0.0002554476998600591,0.7241379310344828
4987,5405,영화니/Noun,29,8,21,0.00011114816049794375,0.0002554476998600591,0.7241379310344828
4988,5406,☆/Foreign,29,21,8,0.00025564076914527065,0.00011106421733046048,0.7241379310344828
4989,5407,당한/Noun,29,8,21,0.00011114816049794375,0.0002554476998600591,0.7241379310344828
4990,5408,사로자다/Verb,29,21,8,0.00025564076914527065,0.00011106421733046048,0.7241379310344828
4991,5409,길들이다/Verb,29,21,8,0.00025564076914527065,0.00011106421733046048,0.7241379310344828
4992,5410,연민/Noun,29,20,9,0.00024452595309547634,0.00012217063906350652,0.6896551724137931
4993,5411,금발/Noun,29,9,20,0.00012226297654773814,0.00024434127812701304,0.6896551724137931
4994,5412,치중/Noun,29,9,20,0.00012226297654773814,0.00024434127812701304,0.6896551724137931
4995,5413,가위/Noun,29,9,20,0.00012226297654773814,0.00024434127812701304,0.6896551724137931
4996,5414,짝사랑/Noun,29,20,9,0.00024452595309547634,0.00012217063906350652,0.6896551724137931
4997,5415,거들다/Verb,29,9,20,0.00012226297654773814,0.00024434127812701304,0.6896551724137931
4998,5416,보물/Noun,29,20,9,0.00024452595309547634,0.00012217063906350652,0.6896551724137931
4999,5417,17/Number,29,19,10,0.0002334111370456819,0.00013327706079655256,0.6551724137931034
5000,5418,여실히/Noun,29,10,19,0.0001333777925975325,0.000233234856393967,0.6551724137931034
5001,5419,타잔/Noun,29,10,19,0.0001333777925975325,0.000233234856393967,0.6551724137931034
5002,5420,토르/Noun,29,19,10,0.0002334111370456819,0.00013327706079655256,0.6551724137931034
5003,5421,무도/Noun,29,10,19,0.0001333777925975325,0.000233234856393967,0.6551724137931034
5004,5422,이성/Noun,29,19,10,0.0002334111370456819,0.00013327706079655256,0.6551724137931034
5005,5423,시원/Noun,29,19,10,0.0002334111370456819,0.00013327706079655256,0.6551724137931034
5006,5424,보호/Noun,29,19,10,0.0002334111370456819,0.00013327706079655256,0.6551724137931034
5007,5425,오기/Noun,29,10,19,0.0001333777925975325,0.000233234856393967,0.6551724137931034
5008,5426,시킴/Noun,29,10,19,0.0001333777925975325,0.000233234856393967,0.6551724137931034
5009,5427,해달라다/Verb,29,10,19,0.0001333777925975325,0.000233234856393967,0.6551724137931034
5010,5428,폭탄/Noun,29,10,19,0.0001333777925975325,0.000233234856393967,0.6551724137931034
5011,5429,파트너/Noun,29,11,18,0.0001444926086473269,0.00022212843466092096,0.6206896551724138
5012,5430,우울증/Noun,29,11,18,0.0001444926086473269,0.00022212843466092096,0.6206896551724138
5013,5431,어깨/Noun,29,18,11,0.0002222963209958875,0.0001443834825295986,0.6206896551724138
5014,5432,어울림/Noun,29,18,11,0.0002222963209958875,0.0001443834825295986,0.6206896551724138
5015,5433,힐/Noun,29,11,18,0.0001444926086473269,0.00022212843466092096,0.6206896551724138
5016,5434,홈/Noun,29,11,18,0.0001444926086473269,0.00022212843466092096,0.6206896551724138
5017,5435,병사/Noun,29,11,18,0.0001444926086473269,0.00022212843466092096,0.6206896551724138
5018,5436,라이브/Noun,29,18,11,0.0002222963209958875,0.0001443834825295986,0.6206896551724138
5019,5437,클루니/Noun,29,18,11,0.0002222963209958875,0.0001443834825295986,0.6206896551724138
5020,5438,어긋나다/Verb,29,11,18,0.0001444926086473269,0.00022212843466092096,0.6206896551724138
5021,5439,한몫/Noun,29,18,11,0.0002222963209958875,0.0001443834825295986,0.6206896551724138
5022,5440,영호/Noun,29,18,11,0.0002222963209958875,0.0001443834825295986,0.6206896551724138
5023,5441,이라기/Josa,29,11,18,0.0001444926086473269,0.00022212843466092096,0.6206896551724138
5024,5442,벨/Modifier,29,11,18,0.0001444926086473269,0.00022212843466092096,0.6206896551724138
5025,5443,수사/Noun,29,12,17,0.00015560742469712126,0.0002110220129278749,0.5862068965517241
5026,5444,경쟁/Noun,29,17,12,0.00021118150494609317,0.00015548990426264466,0.5862068965517241
5027,5445,백/Noun,29,12,17,0.00015560742469712126,0.0002110220129278749,0.5862068965517241
5028,5446,한때/Adverb,29,17,12,0.00021118150494609317,0.00015548990426264466,0.5862068965517241
5029,5447,‥/Foreign,29,17,12,0.00021118150494609317,0.00015548990426264466,0.5862068965517241
5030,5448,퍼/Noun,29,12,17,0.00015560742469712126,0.0002110220129278749,0.5862068965517241
5031,5449,원제/Noun,29,12,17,0.00015560742469712126,0.0002110220129278749,0.5862068965517241
5032,5450,초심/Noun,29,12,17,0.00015560742469712126,0.0002110220129278749,0.5862068965517241
5033,5451,삽입/Noun,29,12,17,0.00015560742469712126,0.0002110220129278749,0.5862068965517241
5034,5452,건물/Noun,29,12,17,0.00015560742469712126,0.0002110220129278749,0.5862068965517241
5035,5453,핫/Noun,29,17,12,0.00021118150494609317,0.00015548990426264466,0.5862068965517241
5036,5454,로라/Noun,29,12,17,0.00015560742469712126,0.0002110220129278749,0.5862068965517241
5037,5455,황/Noun,29,12,17,0.00015560742469712126,0.0002110220129278749,0.5862068965517241
5038,5456,아메리칸/Noun,29,16,13,0.0002000666888962988,0.0001665963259956907,0.5517241379310345
5039,5457,점임/Noun,29,13,16,0.00016672224074691566,0.00019991559119482882,0.5517241379310345
5040,5458,주민/Noun,29,13,16,0.00016672224074691566,0.00019991559119482882,0.5517241379310345
5041,5459,그림자/Noun,29,13,16,0.00016672224074691566,0.00019991559119482882,0.5517241379310345
5042,5460,피로/Noun,29,13,16,0.00016672224074691566,0.00019991559119482882,0.5517241379310345
5043,5461,선배/Noun,29,13,16,0.00016672224074691566,0.00019991559119482882,0.5517241379310345
5044,5462,헤헤/Noun,29,13,16,0.00016672224074691566,0.00019991559119482882,0.5517241379310345
5045,5463,세지/Noun,29,16,13,0.0002000666888962988,0.0001665963259956907,0.5517241379310345
5046,5464,헬기/Noun,29,13,16,0.00016672224074691566,0.00019991559119482882,0.5517241379310345
5047,5480,구림/Noun,28,0,28,2.2229632099588756e-05,0.0003331926519913814,1.0
5048,5481,당췌/Noun,28,1,27,3.334444814938313e-05,0.00032208623025833537,0.9642857142857144
5049,5482,물결/Noun,28,26,2,0.00031121484939424253,4.4425686932184186e-05,0.9285714285714286
5050,5483,날림/Noun,28,3,25,5.5574080248971876e-05,0.0002998733867922433,0.8928571428571429
5051,5484,배슬기/Noun,28,3,25,5.5574080248971876e-05,0.0002998733867922433,0.8928571428571429
5052,5485,통찰/Noun,28,24,4,0.0002889852172946538,6.663853039827628e-05,0.8571428571428571
5053,5486,천박하다/Adjective,28,4,24,6.668889629876625e-05,0.0002887669650591972,0.8571428571428571
5054,5487,이면/Foreign,28,4,24,6.668889629876625e-05,0.0002887669650591972,0.8571428571428571
5055,5488,추잡하다/Adjective,28,4,24,6.668889629876625e-05,0.0002887669650591972,0.8571428571428571
5056,5489,결과물/Noun,28,4,24,6.668889629876625e-05,0.0002887669650591972,0.8571428571428571
5057,5490,로맨스영화/Noun,28,24,4,0.0002889852172946538,6.663853039827628e-05,0.8571428571428571
5058,5491,늘어놓다/Verb,28,4,24,6.668889629876625e-05,0.0002887669650591972,0.8571428571428571
5059,5492,봣습니/Noun,28,24,4,0.0002889852172946538,6.663853039827628e-05,0.8571428571428571
5060,5493,진부/Noun,28,5,23,7.780371234856063e-05,0.00027766054332615115,0.8214285714285714
5061,5494,심은하/Noun,28,23,5,0.00027787040124485944,7.774495213132233e-05,0.8214285714285714
5062,5495,농락/Noun,28,5,23,7.780371234856063e-05,0.00027766054332615115,0.8214285714285714
5063,5496,오열/Noun,28,23,5,0.00027787040124485944,7.774495213132233e-05,0.8214285714285714
5064,5497,주어지다/Verb,28,23,5,0.00027787040124485944,7.774495213132233e-05,0.8214285714285714
5065,5498,지못미/Noun,28,5,23,7.780371234856063e-05,0.00027766054332615115,0.8214285714285714
5066,5499,i/Alpha,28,22,6,0.000266755585195065,8.885137386436837e-05,0.7857142857142857
5067,5500,해설/Noun,28,6,22,8.891852839835501e-05,0.00026655412159310506,0.7857142857142857
5068,5501,좌좀/Noun,28,6,22,8.891852839835501e-05,0.00026655412159310506,0.7857142857142857
5069,5502,남겨지다/Verb,28,22,6,0.000266755585195065,8.885137386436837e-05,0.7857142857142857
5070,5503,‘/Foreign,28,6,22,8.891852839835501e-05,0.00026655412159310506,0.7857142857142857
5071,5504,아키라/Noun,28,21,7,0.00025564076914527065,9.995779559741441e-05,0.75
5072,5505,폭파/Noun,28,7,21,0.0001000333444481494,0.0002554476998600591,0.75
5073,5506,빠져나오다/Verb,28,21,7,0.00025564076914527065,9.995779559741441e-05,0.75
5074,5507,소유/Noun,28,21,7,0.00025564076914527065,9.995779559741441e-05,0.75
5075,5508,파멸/Noun,28,21,7,0.00025564076914527065,9.995779559741441e-05,0.75
5076,5509,보상/Noun,28,7,21,0.0001000333444481494,0.0002554476998600591,0.75
5077,5510,짐작/Noun,28,7,21,0.0001000333444481494,0.0002554476998600591,0.75
5078,5511,감우성/Noun,28,21,7,0.00025564076914527065,9.995779559741441e-05,0.75
5079,5512,후의/Noun,28,21,7,0.00025564076914527065,9.995779559741441e-05,0.75
5080,5513,거여/Noun,28,7,21,0.0001000333444481494,0.0002554476998600591,0.75
5081,5514,오묘하다/Adjective,28,21,7,0.00025564076914527065,9.995779559741441e-05,0.75
5082,5515,조커/Noun,28,21,7,0.00025564076914527065,9.995779559741441e-05,0.75
5083,5516,타이밍/Noun,28,7,21,0.0001000333444481494,0.0002554476998600591,0.75
5084,5517,스탤론/Noun,28,20,8,0.00024452595309547634,0.00011106421733046048,0.7142857142857143
5085,5518,느끼하다/Adjective,28,8,20,0.00011114816049794375,0.00024434127812701304,0.7142857142857143
5086,5519,시바/Noun,28,8,20,0.00011114816049794375,0.00024434127812701304,0.7142857142857143
5087,5520,고집/Noun,28,8,20,0.00011114816049794375,0.00024434127812701304,0.7142857142857143
5088,5521,이민호/Noun,28,20,8,0.00024452595309547634,0.00011106421733046048,0.7142857142857143
5089,5522,동참/Noun,28,8,20,0.00011114816049794375,0.00024434127812701304,0.7142857142857143
5090,5523,이모/Noun,28,20,8,0.00024452595309547634,0.00011106421733046048,0.7142857142857143
5091,5524,반면/Noun,28,8,20,0.00011114816049794375,0.00024434127812701304,0.7142857142857143
5092,5525,장만옥/Noun,28,20,8,0.00024452595309547634,0.00011106421733046048,0.7142857142857143
5093,5526,늑대인간/Noun,28,8,20,0.00011114816049794375,0.00024434127812701304,0.7142857142857143
5094,5527,이리저리/Adverb,28,8,20,0.00011114816049794375,0.00024434127812701304,0.7142857142857143
5095,5528,말리/Noun,28,8,20,0.00011114816049794375,0.00024434127812701304,0.7142857142857143
5096,5529,어메이징/Noun,28,19,9,0.0002334111370456819,0.00012217063906350652,0.6785714285714286
5097,5530,24/Number,28,19,9,0.0002334111370456819,0.00012217063906350652,0.6785714285714286
5098,5531,퀸/Noun,28,19,9,0.0002334111370456819,0.00012217063906350652,0.6785714285714286
5099,5532,예정/Noun,28,19,9,0.0002334111370456819,0.00012217063906350652,0.6785714285714286
5100,5533,노무/Noun,28,9,19,0.00012226297654773814,0.000233234856393967,0.6785714285714286
5101,5534,자료/Noun,28,19,9,0.0002334111370456819,0.00012217063906350652,0.6785714285714286
5102,5535,덤덤하다/Adjective,28,19,9,0.0002334111370456819,0.00012217063906350652,0.6785714285714286
5103,5536,권리/Noun,28,19,9,0.0002334111370456819,0.00012217063906350652,0.6785714285714286
5104,5537,스콜/Noun,28,19,9,0.0002334111370456819,0.00012217063906350652,0.6785714285714286
5105,5538,눈감다/Verb,28,9,19,0.00012226297654773814,0.000233234856393967,0.6785714285714286
5106,5539,o/Alpha,28,19,9,0.0002334111370456819,0.00012217063906350652,0.6785714285714286
5107,5540,화장/Noun,28,9,19,0.00012226297654773814,0.000233234856393967,0.6785714285714286
5108,5541,부리/Noun,28,10,18,0.0001333777925975325,0.00022212843466092096,0.6428571428571429
5109,5542,장담/Noun,28,18,10,0.0002222963209958875,0.00013327706079655256,0.6428571428571429
5110,5543,왕따/Noun,28,10,18,0.0001333777925975325,0.00022212843466092096,0.6428571428571429
5111,5544,이야말로/Josa,28,18,10,0.0002222963209958875,0.00013327706079655256,0.6428571428571429
5112,5545,서사시/Noun,28,18,10,0.0002222963209958875,0.00013327706079655256,0.6428571428571429
5113,5546,오디션/Noun,28,10,18,0.0001333777925975325,0.00022212843466092096,0.6428571428571429
5114,5547,아이리스/Noun,28,10,18,0.0001333777925975325,0.00022212843466092096,0.6428571428571429
5115,5548,군데/Noun,28,10,18,0.0001333777925975325,0.00022212843466092096,0.6428571428571429
5116,5549,지은/Noun,28,10,18,0.0001333777925975325,0.00022212843466092096,0.6428571428571429
5117,5550,타이타닉/Noun,28,18,10,0.0002222963209958875,0.00013327706079655256,0.6428571428571429
5118,5551,지난/Modifier,28,18,10,0.0002222963209958875,0.00013327706079655256,0.6428571428571429
5119,5552,우베/Noun,28,10,18,0.0001333777925975325,0.00022212843466092096,0.6428571428571429
5120,5553,인사/Noun,28,18,10,0.0002222963209958875,0.00013327706079655256,0.6428571428571429
5121,5554,붙잡다/Verb,28,17,11,0.00021118150494609317,0.0001443834825295986,0.6071428571428571
5122,5555,끓다/Verb,28,17,11,0.00021118150494609317,0.0001443834825295986,0.6071428571428571
5123,5556,고급/Noun,28,17,11,0.00021118150494609317,0.0001443834825295986,0.6071428571428571
5124,5557,털다/Verb,28,11,17,0.0001444926086473269,0.0002110220129278749,0.6071428571428571
5125,5558,물들다/Verb,28,17,11,0.00021118150494609317,0.0001443834825295986,0.6071428571428571
5126,5559,제레미/Noun,28,17,11,0.00021118150494609317,0.0001443834825295986,0.6071428571428571
5127,5560,수년/Noun,28,17,11,0.00021118150494609317,0.0001443834825295986,0.6071428571428571
5128,5561,엄태웅/Noun,28,11,17,0.0001444926086473269,0.0002110220129278749,0.6071428571428571
5129,5562,다나/Noun,28,11,17,0.0001444926086473269,0.0002110220129278749,0.6071428571428571
5130,5563,나오니/Noun,28,11,17,0.0001444926086473269,0.0002110220129278749,0.6071428571428571
5131,5564,모니카/Noun,28,11,17,0.0001444926086473269,0.0002110220129278749,0.6071428571428571
5132,5565,결투/Noun,28,17,11,0.00021118150494609317,0.0001443834825295986,0.6071428571428571
5133,5566,미련/Noun,28,11,17,0.0001444926086473269,0.0002110220129278749,0.6071428571428571
5134,5567,시네마/Noun,28,16,12,0.0002000666888962988,0.00015548990426264466,0.5714285714285714
5135,5568,묵다/Verb,28,12,16,0.00015560742469712126,0.00019991559119482882,0.5714285714285714
5136,5569,경기/Noun,28,16,12,0.0002000666888962988,0.00015548990426264466,0.5714285714285714
5137,5570,풀이/Noun,28,12,16,0.00015560742469712126,0.00019991559119482882,0.5714285714285714
5138,5571,이프/Noun,28,12,16,0.00015560742469712126,0.00019991559119482882,0.5714285714285714
5139,5572,빠다/Noun,28,12,16,0.00015560742469712126,0.00019991559119482882,0.5714285714285714
5140,5573,오름/Noun,28,16,12,0.0002000666888962988,0.00015548990426264466,0.5714285714285714
5141,5574,눈높이/Noun,28,12,16,0.00015560742469712126,0.00019991559119482882,0.5714285714285714
5142,5575,공기/Noun,28,16,12,0.0002000666888962988,0.00015548990426264466,0.5714285714285714
5143,5576,일인/Noun,28,16,12,0.0002000666888962988,0.00015548990426264466,0.5714285714285714
5144,5577,휴잭맨/Noun,28,12,16,0.00015560742469712126,0.00019991559119482882,0.5714285714285714
5145,5578,참신/Noun,28,16,12,0.0002000666888962988,0.00015548990426264466,0.5714285714285714
5146,5579,개방/Noun,28,12,16,0.00015560742469712126,0.00019991559119482882,0.5714285714285714
5147,5580,깨어나다/Verb,28,12,16,0.00015560742469712126,0.00019991559119482882,0.5714285714285714
5148,5581,안젤리나/Noun,28,13,15,0.00016672224074691566,0.0001888091694617828,0.5357142857142857
5149,5582,저만/Modifier,28,13,15,0.00016672224074691566,0.0001888091694617828,0.5357142857142857
5150,5583,문학/Noun,28,15,13,0.00018895187284650438,0.0001665963259956907,0.5357142857142857
5151,5584,?)/Punctuation,28,15,13,0.00018895187284650438,0.0001665963259956907,0.5357142857142857
5152,5585,비리/Noun,28,13,15,0.00016672224074691566,0.0001888091694617828,0.5357142857142857
5153,5586,찢어지다/Verb,28,13,15,0.00016672224074691566,0.0001888091694617828,0.5357142857142857
5154,5587,흡사하다/Adjective,28,15,13,0.00018895187284650438,0.0001665963259956907,0.5357142857142857
5155,5588,결혼식/Noun,28,13,15,0.00016672224074691566,0.0001888091694617828,0.5357142857142857
5156,5589,채민서/Noun,28,15,13,0.00018895187284650438,0.0001665963259956907,0.5357142857142857
5157,5590,상승/Noun,28,13,15,0.00016672224074691566,0.0001888091694617828,0.5357142857142857
5158,5591,2006년/Number,28,13,15,0.00016672224074691566,0.0001888091694617828,0.5357142857142857
5159,5592,약속/Noun,28,15,13,0.00018895187284650438,0.0001665963259956907,0.5357142857142857
5160,5593,톱/Noun,28,15,13,0.00018895187284650438,0.0001665963259956907,0.5357142857142857
5161,5594,롭/Noun,28,15,13,0.00018895187284650438,0.0001665963259956907,0.5357142857142857
5162,5595,세명/Noun,28,13,15,0.00016672224074691566,0.0001888091694617828,0.5357142857142857
5163,5596,무방/Noun,28,13,15,0.00016672224074691566,0.0001888091694617828,0.5357142857142857
5164,5597,다그/Noun,28,15,13,0.00018895187284650438,0.0001665963259956907,0.5357142857142857
5165,5598,윌스미스/Noun,28,15,13,0.00018895187284650438,0.0001665963259956907,0.5357142857142857
5166,5599,소원/Noun,28,13,15,0.00016672224074691566,0.0001888091694617828,0.5357142857142857
5167,5600,but/Alpha,28,13,15,0.00016672224074691566,0.0001888091694617828,0.5357142857142857
5168,5601,권선/Noun,28,13,15,0.00016672224074691566,0.0001888091694617828,0.5357142857142857
5169,5602,사형/Noun,28,13,15,0.00016672224074691566,0.0001888091694617828,0.5357142857142857
5170,5610,에혀/Noun,27,1,26,3.334444814938313e-05,0.00031097980852528933,0.9629629629629628
5171,5611,술함/Noun,27,3,24,5.5574080248971876e-05,0.0002887669650591972,0.8888888888888888
5172,5612,댓글알바/Noun,27,3,24,5.5574080248971876e-05,0.0002887669650591972,0.8888888888888888
5173,5613,초보/Noun,27,3,24,5.5574080248971876e-05,0.0002887669650591972,0.8888888888888888
5174,5614,쉣/Noun,27,3,24,5.5574080248971876e-05,0.0002887669650591972,0.8888888888888888
5175,5615,맡기다/Verb,27,3,24,5.5574080248971876e-05,0.0002887669650591972,0.8888888888888888
5176,5616,허망/Noun,27,4,23,6.668889629876625e-05,0.00027766054332615115,0.8518518518518519
5177,5617,오오/Exclamation,27,23,4,0.00027787040124485944,6.663853039827628e-05,0.8518518518518519
5178,5618,맥락/Noun,27,4,23,6.668889629876625e-05,0.00027766054332615115,0.8518518518518519
5179,5619,그리움/Noun,27,23,4,0.00027787040124485944,6.663853039827628e-05,0.8518518518518519
5180,5620,경지/Noun,27,23,4,0.00027787040124485944,6.663853039827628e-05,0.8518518518518519
5181,5621,제한/Noun,27,4,23,6.668889629876625e-05,0.00027766054332615115,0.8518518518518519
5182,5622,사하나/Noun,27,23,4,0.00027787040124485944,6.663853039827628e-05,0.8518518518518519
5183,5623,푸른/Noun,27,23,4,0.00027787040124485944,6.663853039827628e-05,0.8518518518518519
5184,5624,알아주다/Verb,27,22,5,0.000266755585195065,7.774495213132233e-05,0.8148148148148148
5185,5625,이정현/Noun,27,22,5,0.000266755585195065,7.774495213132233e-05,0.8148148148148148
5186,5626,전용/Noun,27,5,22,7.780371234856063e-05,0.00026655412159310506,0.8148148148148148
5187,5627,가상하다/Adjective,27,5,22,7.780371234856063e-05,0.00026655412159310506,0.8148148148148148
5188,5628,맙소사/Exclamation,27,5,22,7.780371234856063e-05,0.00026655412159310506,0.8148148148148148
5189,5629,훼손/Noun,27,5,22,7.780371234856063e-05,0.00026655412159310506,0.8148148148148148
5190,5630,av/Alpha,27,5,22,7.780371234856063e-05,0.00026655412159310506,0.8148148148148148
5191,5631,자칫/Noun,27,22,5,0.000266755585195065,7.774495213132233e-05,0.8148148148148148
5192,5632,궁금/Noun,27,5,22,7.780371234856063e-05,0.00026655412159310506,0.8148148148148148
5193,5633,--;/Punctuation,27,5,22,7.780371234856063e-05,0.00026655412159310506,0.8148148148148148
5194,5634,자비/Noun,27,21,6,0.00025564076914527065,8.885137386436837e-05,0.7777777777777778
5195,5635,본받다/Verb,27,21,6,0.00025564076914527065,8.885137386436837e-05,0.7777777777777778
5196,5636,웨스턴/Noun,27,21,6,0.00025564076914527065,8.885137386436837e-05,0.7777777777777778
5197,5637,피라냐/Noun,27,6,21,8.891852839835501e-05,0.0002554476998600591,0.7777777777777778
5198,5638,비노/Noun,27,21,6,0.00025564076914527065,8.885137386436837e-05,0.7777777777777778
5199,5639,헌신/Noun,27,21,6,0.00025564076914527065,8.885137386436837e-05,0.7777777777777778
5200,5640,탐욕/Noun,27,21,6,0.00025564076914527065,8.885137386436837e-05,0.7777777777777778
5201,5641,슬슬/Noun,27,6,21,8.891852839835501e-05,0.0002554476998600591,0.7777777777777778
5202,5642,평화롭다/Adjective,27,21,6,0.00025564076914527065,8.885137386436837e-05,0.7777777777777778
5203,5643,숨쉬다/Verb,27,21,6,0.00025564076914527065,8.885137386436837e-05,0.7777777777777778
5204,5644,박유천/Noun,27,21,6,0.00025564076914527065,8.885137386436837e-05,0.7777777777777778
5205,5645,삘/Noun,27,6,21,8.891852839835501e-05,0.0002554476998600591,0.7777777777777778
5206,5646,과언/Noun,27,21,6,0.00025564076914527065,8.885137386436837e-05,0.7777777777777778
5207,5647,지껄이다/Verb,27,7,20,0.0001000333444481494,0.00024434127812701304,0.7407407407407407
5208,5648,좌/Noun,27,20,7,0.00024452595309547634,9.995779559741441e-05,0.7407407407407407
5209,5649,용하다/Adjective,27,7,20,0.0001000333444481494,0.00024434127812701304,0.7407407407407407
5210,5650,컬/Noun,27,20,7,0.00024452595309547634,9.995779559741441e-05,0.7407407407407407
5211,5651,침대/Noun,27,7,20,0.0001000333444481494,0.00024434127812701304,0.7407407407407407
5212,5652,조선족/Noun,27,7,20,0.0001000333444481494,0.00024434127812701304,0.7407407407407407
5213,5653,성장기/Noun,27,20,7,0.00024452595309547634,9.995779559741441e-05,0.7407407407407407
5214,5654,브로디/Noun,27,7,20,0.0001000333444481494,0.00024434127812701304,0.7407407407407407
5215,5655,치부/Noun,27,20,7,0.00024452595309547634,9.995779559741441e-05,0.7407407407407407
5216,5656,치우다/Verb,27,7,20,0.0001000333444481494,0.00024434127812701304,0.7407407407407407
5217,5657,사이트/Noun,27,7,20,0.0001000333444481494,0.00024434127812701304,0.7407407407407407
5218,5658,구입/Noun,27,20,7,0.00024452595309547634,9.995779559741441e-05,0.7407407407407407
5219,5659,자리/Suffix,27,7,20,0.0001000333444481494,0.00024434127812701304,0.7407407407407407
5220,5660,평타/Noun,27,7,20,0.0001000333444481494,0.00024434127812701304,0.7407407407407407
5221,5661,모니터/Noun,27,7,20,0.0001000333444481494,0.00024434127812701304,0.7407407407407407
5222,5662,일방/Noun,27,7,20,0.0001000333444481494,0.00024434127812701304,0.7407407407407407
5223,5663,가나다/Noun,27,7,20,0.0001000333444481494,0.00024434127812701304,0.7407407407407407
5224,5664,허준/Noun,27,20,7,0.00024452595309547634,9.995779559741441e-05,0.7407407407407407
5225,5665,레저/Noun,27,19,8,0.0002334111370456819,0.00011106421733046048,0.7037037037037037
5226,5666,패스/Noun,27,8,19,0.00011114816049794375,0.000233234856393967,0.7037037037037037
5227,5667,오싹하다/Adjective,27,19,8,0.0002334111370456819,0.00011106421733046048,0.7037037037037037
5228,5668,석/Noun,27,8,19,0.00011114816049794375,0.000233234856393967,0.7037037037037037
5229,5669,종종/Noun,27,19,8,0.0002334111370456819,0.00011106421733046048,0.7037037037037037
5230,5670,쌓다/Verb,27,8,19,0.00011114816049794375,0.000233234856393967,0.7037037037037037
5231,5671,모자라/Noun,27,8,19,0.00011114816049794375,0.000233234856393967,0.7037037037037037
5232,5672,기절/Noun,27,8,19,0.00011114816049794375,0.000233234856393967,0.7037037037037037
5233,5673,깔깔/Noun,27,18,9,0.0002222963209958875,0.00012217063906350652,0.6666666666666666
5234,5674,질린다/Verb,27,9,18,0.00012226297654773814,0.00022212843466092096,0.6666666666666666
5235,5675,팬티/Noun,27,9,18,0.00012226297654773814,0.00022212843466092096,0.6666666666666666
5236,5676,솜씨/Noun,27,18,9,0.0002222963209958875,0.00012217063906350652,0.6666666666666666
5237,5677,치닫다/Verb,27,9,18,0.00012226297654773814,0.00022212843466092096,0.6666666666666666
5238,5678,이브/Noun,27,18,9,0.0002222963209958875,0.00012217063906350652,0.6666666666666666
5239,5679,최강희/Noun,27,18,9,0.0002222963209958875,0.00012217063906350652,0.6666666666666666
5240,5680,고릴라/Noun,27,9,18,0.00012226297654773814,0.00022212843466092096,0.6666666666666666
5241,5681,꺄/Noun,27,18,9,0.0002222963209958875,0.00012217063906350652,0.6666666666666666
5242,5682,리치/Noun,27,18,9,0.0002222963209958875,0.00012217063906350652,0.6666666666666666
5243,5683,괜찬/Noun,27,18,9,0.0002222963209958875,0.00012217063906350652,0.6666666666666666
5244,5684,난생/Noun,27,9,18,0.00012226297654773814,0.00022212843466092096,0.6666666666666666
5245,5685,삼촌/Noun,27,9,18,0.00012226297654773814,0.00022212843466092096,0.6666666666666666
5246,5686,투쟁/Noun,27,18,9,0.0002222963209958875,0.00012217063906350652,0.6666666666666666
5247,5687,피어/Noun,27,18,9,0.0002222963209958875,0.00012217063906350652,0.6666666666666666
5248,5688,모드/Noun,27,10,17,0.0001333777925975325,0.0002110220129278749,0.6296296296296297
5249,5689,사가/Noun,27,17,10,0.00021118150494609317,0.00013327706079655256,0.6296296296296297
5250,5690,............../Punctuation,27,10,17,0.0001333777925975325,0.0002110220129278749,0.6296296296296297
5251,5691,아일랜드/Noun,27,17,10,0.00021118150494609317,0.00013327706079655256,0.6296296296296297
5252,5692,피어스/Noun,27,17,10,0.00021118150494609317,0.00013327706079655256,0.6296296296296297
5253,5693,자시다/Verb,27,10,17,0.0001333777925975325,0.0002110220129278749,0.6296296296296297
5254,5694,어쩐지/Noun,27,10,17,0.0001333777925975325,0.0002110220129278749,0.6296296296296297
5255,5695,차인표/Noun,27,10,17,0.0001333777925975325,0.0002110220129278749,0.6296296296296297
5256,5696,근육/Noun,27,17,10,0.00021118150494609317,0.00013327706079655256,0.6296296296296297
5257,5697,명절/Noun,27,16,11,0.0002000666888962988,0.0001443834825295986,0.5925925925925926
5258,5698,하나경/Noun,27,11,16,0.0001444926086473269,0.00019991559119482882,0.5925925925925926
5259,5699,미인/Noun,27,16,11,0.0002000666888962988,0.0001443834825295986,0.5925925925925926
5260,5700,준수/Noun,27,16,11,0.0002000666888962988,0.0001443834825295986,0.5925925925925926
5261,5701,머물다/Verb,27,16,11,0.0002000666888962988,0.0001443834825295986,0.5925925925925926
5262,5702,정유미/Noun,27,16,11,0.0002000666888962988,0.0001443834825295986,0.5925925925925926
5263,5703,투입/Noun,27,11,16,0.0001444926086473269,0.00019991559119482882,0.5925925925925926
5264,5704,지리/Noun,27,11,16,0.0001444926086473269,0.00019991559119482882,0.5925925925925926
5265,5705,킴/Noun,27,16,11,0.0002000666888962988,0.0001443834825295986,0.5925925925925926
5266,5706,유진/Noun,27,16,11,0.0002000666888962988,0.0001443834825295986,0.5925925925925926
5267,5707,해드리다/Verb,27,16,11,0.0002000666888962988,0.0001443834825295986,0.5925925925925926
5268,5708,오줌/Noun,27,11,16,0.0001444926086473269,0.00019991559119482882,0.5925925925925926
5269,5709,만행/Noun,27,16,11,0.0002000666888962988,0.0001443834825295986,0.5925925925925926
5270,5710,멘스/Noun,27,11,16,0.0001444926086473269,0.00019991559119482882,0.5925925925925926
5271,5711,블록/Noun,27,16,11,0.0002000666888962988,0.0001443834825295986,0.5925925925925926
5272,5712,만인/Noun,27,16,11,0.0002000666888962988,0.0001443834825295986,0.5925925925925926
5273,5713,그날/Noun,27,16,11,0.0002000666888962988,0.0001443834825295986,0.5925925925925926
5274,5714,초적/Noun,27,16,11,0.0002000666888962988,0.0001443834825295986,0.5925925925925926
5275,5715,25/Number,27,16,11,0.0002000666888962988,0.0001443834825295986,0.5925925925925926
5276,5716,기운/Noun,27,11,16,0.0001444926086473269,0.00019991559119482882,0.5925925925925926
5277,5717,고기/Noun,27,16,11,0.0002000666888962988,0.0001443834825295986,0.5925925925925926
5278,5718,윤리/Noun,27,15,12,0.00018895187284650438,0.00015548990426264466,0.5555555555555556
5279,5719,보수/Noun,27,12,15,0.00015560742469712126,0.0001888091694617828,0.5555555555555556
5280,5720,클래스/Noun,27,15,12,0.00018895187284650438,0.00015548990426264466,0.5555555555555556
5281,5721,이제껏/Noun,27,12,15,0.00015560742469712126,0.0001888091694617828,0.5555555555555556
5282,5722,조기/Noun,27,12,15,0.00015560742469712126,0.0001888091694617828,0.5555555555555556
5283,5723,이중/Noun,27,12,15,0.00015560742469712126,0.0001888091694617828,0.5555555555555556
5284,5724,쓰나미/Noun,27,15,12,0.00018895187284650438,0.00015548990426264466,0.5555555555555556
5285,5725,여진구/Noun,27,15,12,0.00018895187284650438,0.00015548990426264466,0.5555555555555556
5286,5726,최대한/Noun,27,12,15,0.00015560742469712126,0.0001888091694617828,0.5555555555555556
5287,5727,도나/Noun,27,15,12,0.00018895187284650438,0.00015548990426264466,0.5555555555555556
5288,5728,유역비/Noun,27,12,15,0.00015560742469712126,0.0001888091694617828,0.5555555555555556
5289,5729,나비/Noun,27,12,15,0.00015560742469712126,0.0001888091694617828,0.5555555555555556
5290,5730,마피아/Noun,27,12,15,0.00015560742469712126,0.0001888091694617828,0.5555555555555556
5291,5731,알리/Noun,27,12,15,0.00015560742469712126,0.0001888091694617828,0.5555555555555556
5292,5732,딱딱하다/Adjective,27,12,15,0.00015560742469712126,0.0001888091694617828,0.5555555555555556
5293,5733,추석/Noun,27,15,12,0.00018895187284650438,0.00015548990426264466,0.5555555555555556
5294,5734,로나/Noun,27,12,15,0.00015560742469712126,0.0001888091694617828,0.5555555555555556
5295,5753,안드로메다/Noun,26,0,26,2.2229632099588756e-05,0.00031097980852528933,1.0
5296,5754,돌림/Noun,26,1,25,3.334444814938313e-05,0.0002998733867922433,0.9615384615384616
5297,5755,불우/Noun,26,1,25,3.334444814938313e-05,0.0002998733867922433,0.9615384615384616
5298,5756,녹이다/Verb,26,25,1,0.00030010003334444816,3.331926519913814e-05,0.9615384615384616
5299,5757,한시/Noun,26,25,1,0.00030010003334444816,3.331926519913814e-05,0.9615384615384616
5300,5758,무리하다/Adjective,26,1,25,3.334444814938313e-05,0.0002998733867922433,0.9615384615384616
5301,5759,맘대로/Adverb,26,2,24,4.445926419917751e-05,0.0002887669650591972,0.9230769230769232
5302,5760,싸가지/Noun,26,2,24,4.445926419917751e-05,0.0002887669650591972,0.9230769230769232
5303,5761,니미/Noun,26,2,24,4.445926419917751e-05,0.0002887669650591972,0.9230769230769232
5304,5762,!!!!!!!!!/Punctuation,26,23,3,0.00027787040124485944,5.553210866523024e-05,0.8846153846153846
5305,5763,해학/Noun,26,23,3,0.00027787040124485944,5.553210866523024e-05,0.8846153846153846
5306,5764,정신병원/Noun,26,3,23,5.5574080248971876e-05,0.00027766054332615115,0.8846153846153846
5307,5765,괴상하다/Adjective,26,4,22,6.668889629876625e-05,0.00026655412159310506,0.8461538461538461
5308,5766,。/Foreign,26,22,4,0.000266755585195065,6.663853039827628e-05,0.8461538461538461
5309,5767,저건/Noun,26,4,22,6.668889629876625e-05,0.00026655412159310506,0.8461538461538461
5310,5768,사랑받다/Verb,26,22,4,0.000266755585195065,6.663853039827628e-05,0.8461538461538461
5311,5769,비용/Noun,26,4,22,6.668889629876625e-05,0.00026655412159310506,0.8461538461538461
5312,5770,침략/Noun,26,4,22,6.668889629876625e-05,0.00026655412159310506,0.8461538461538461
5313,5771,매년/Noun,26,22,4,0.000266755585195065,6.663853039827628e-05,0.8461538461538461
5314,5772,하루하루/Noun,26,22,4,0.000266755585195065,6.663853039827628e-05,0.8461538461538461
5315,5773,걸왜/Noun,26,4,22,6.668889629876625e-05,0.00026655412159310506,0.8461538461538461
5316,5774,절용/Noun,26,4,22,6.668889629876625e-05,0.00026655412159310506,0.8461538461538461
5317,5775,9년/Number,26,22,4,0.000266755585195065,6.663853039827628e-05,0.8461538461538461
5318,5776,장진영/Noun,26,21,5,0.00025564076914527065,7.774495213132233e-05,0.8076923076923077
5319,5777,드라마틱하다/Adjective,26,21,5,0.00025564076914527065,7.774495213132233e-05,0.8076923076923077
5320,5778,쯧/Adverb,26,5,21,7.780371234856063e-05,0.0002554476998600591,0.8076923076923077
5321,5779,류덕환/Noun,26,21,5,0.00025564076914527065,7.774495213132233e-05,0.8076923076923077
5322,5780,징징대다/Adjective,26,5,21,7.780371234856063e-05,0.0002554476998600591,0.8076923076923077
5323,5781,만원/Noun,26,5,21,7.780371234856063e-05,0.0002554476998600591,0.8076923076923077
5324,5782,나열하다/Adjective,26,5,21,7.780371234856063e-05,0.0002554476998600591,0.8076923076923077
5325,5783,피터팬/Noun,26,21,5,0.00025564076914527065,7.774495213132233e-05,0.8076923076923077
5326,5784,답습/Noun,26,5,21,7.780371234856063e-05,0.0002554476998600591,0.8076923076923077
5327,5785,싸이/Noun,26,6,20,8.891852839835501e-05,0.00024434127812701304,0.7692307692307693
5328,5786,코너/Noun,26,6,20,8.891852839835501e-05,0.00024434127812701304,0.7692307692307693
5329,5787,50분/Number,26,6,20,8.891852839835501e-05,0.00024434127812701304,0.7692307692307693
5330,5788,편지/Noun,26,20,6,0.00024452595309547634,8.885137386436837e-05,0.7692307692307693
5331,5789,봉준호/Noun,26,20,6,0.00024452595309547634,8.885137386436837e-05,0.7692307692307693
5332,5790,퇴보하다/Adjective,26,6,20,8.891852839835501e-05,0.00024434127812701304,0.7692307692307693
5333,5791,z/Alpha,26,6,20,8.891852839835501e-05,0.00024434127812701304,0.7692307692307693
5334,5792,한잔/Noun,26,20,6,0.00024452595309547634,8.885137386436837e-05,0.7692307692307693
5335,5793,쌤/Noun,26,20,6,0.00024452595309547634,8.885137386436837e-05,0.7692307692307693
5336,5794,살해/Noun,26,6,20,8.891852839835501e-05,0.00024434127812701304,0.7692307692307693
5337,5795,하든/Noun,26,6,20,8.891852839835501e-05,0.00024434127812701304,0.7692307692307693
5338,5796,주어/Noun,26,20,6,0.00024452595309547634,8.885137386436837e-05,0.7692307692307693
5339,5797,흐흐/Noun,26,19,7,0.0002334111370456819,9.995779559741441e-05,0.7307692307692307
5340,5798,진도/Noun,26,7,19,0.0001000333444481494,0.000233234856393967,0.7307692307692307
5341,5799,ㅈㄹ/KoreanParticle,26,7,19,0.0001000333444481494,0.000233234856393967,0.7307692307692307
5342,5800,메릴/Noun,26,19,7,0.0002334111370456819,9.995779559741441e-05,0.7307692307692307
5343,5801,주제곡/Noun,26,19,7,0.0002334111370456819,9.995779559741441e-05,0.7307692307692307
5344,5802,심심/Noun,26,7,19,0.0001000333444481494,0.000233234856393967,0.7307692307692307
5345,5803,선입견/Noun,26,19,7,0.0002334111370456819,9.995779559741441e-05,0.7307692307692307
5346,5804,형태/Noun,26,19,7,0.0002334111370456819,9.995779559741441e-05,0.7307692307692307
5347,5805,한수/Noun,26,19,7,0.0002334111370456819,9.995779559741441e-05,0.7307692307692307
5348,5806,재벌/Noun,26,7,19,0.0001000333444481494,0.000233234856393967,0.7307692307692307
5349,5807,부영/Noun,26,18,8,0.0002222963209958875,0.00011106421733046048,0.6923076923076923
5350,5808,.............../Punctuation,26,8,18,0.00011114816049794375,0.00022212843466092096,0.6923076923076923
5351,5809,닌자/Noun,26,8,18,0.00011114816049794375,0.00022212843466092096,0.6923076923076923
5352,5810,얕다/Adjective,26,8,18,0.00011114816049794375,0.00022212843466092096,0.6923076923076923
5353,5811,1.2/Number,26,18,8,0.0002222963209958875,0.00011106421733046048,0.6923076923076923
5354,5812,잘리다/Verb,26,8,18,0.00011114816049794375,0.00022212843466092096,0.6923076923076923
5355,5813,기네/Noun,26,8,18,0.00011114816049794375,0.00022212843466092096,0.6923076923076923
5356,5814,맞서다/Verb,26,18,8,0.0002222963209958875,0.00011106421733046048,0.6923076923076923
5357,5815,나뉘다/Verb,26,17,9,0.00021118150494609317,0.00012217063906350652,0.6538461538461539
5358,5816,키스신/Noun,26,17,9,0.00021118150494609317,0.00012217063906350652,0.6538461538461539
5359,5817,반지의제왕/Noun,26,17,9,0.00021118150494609317,0.00012217063906350652,0.6538461538461539
5360,5818,올인/Noun,26,17,9,0.00021118150494609317,0.00012217063906350652,0.6538461538461539
5361,5819,so/Alpha,26,17,9,0.00021118150494609317,0.00012217063906350652,0.6538461538461539
5362,5820,회의/Noun,26,9,17,0.00012226297654773814,0.0002110220129278749,0.6538461538461539
5363,5821,어요/Noun,26,17,9,0.00021118150494609317,0.00012217063906350652,0.6538461538461539
5364,5822,시간여행/Noun,26,17,9,0.00021118150494609317,0.00012217063906350652,0.6538461538461539
5365,5823,김래원/Noun,26,17,9,0.00021118150494609317,0.00012217063906350652,0.6538461538461539
5366,5824,원한/Noun,26,9,17,0.00012226297654773814,0.0002110220129278749,0.6538461538461539
5367,5825,해리/Noun,26,17,9,0.00021118150494609317,0.00012217063906350652,0.6538461538461539
5368,5826,수지/Noun,26,17,9,0.00021118150494609317,0.00012217063906350652,0.6538461538461539
5369,5827,여고생/Noun,26,10,16,0.0001333777925975325,0.00019991559119482882,0.6153846153846154
5370,5828,디아즈/Noun,26,10,16,0.0001333777925975325,0.00019991559119482882,0.6153846153846154
5371,5829,순정/Noun,26,16,10,0.0002000666888962988,0.00013327706079655256,0.6153846153846154
5372,5830,위선/Noun,26,10,16,0.0001333777925975325,0.00019991559119482882,0.6153846153846154
5373,5831,no/Alpha,26,10,16,0.0001333777925975325,0.00019991559119482882,0.6153846153846154
5374,5832,98년/Number,26,16,10,0.0002000666888962988,0.00013327706079655256,0.6153846153846154
5375,5833,맛보다/Verb,26,16,10,0.0002000666888962988,0.00013327706079655256,0.6153846153846154
5376,5834,유이/Noun,26,16,10,0.0002000666888962988,0.00013327706079655256,0.6153846153846154
5377,5835,앨리스/Noun,26,16,10,0.0002000666888962988,0.00013327706079655256,0.6153846153846154
5378,5836,씻다/Verb,26,10,16,0.0001333777925975325,0.00019991559119482882,0.6153846153846154
5379,5837,이뿌다/Adjective,26,16,10,0.0002000666888962988,0.00013327706079655256,0.6153846153846154
5380,5838,질감/Noun,26,10,16,0.0001333777925975325,0.00019991559119482882,0.6153846153846154
5381,5839,잉여/Noun,26,10,16,0.0001333777925975325,0.00019991559119482882,0.6153846153846154
5382,5840,돕다/Verb,26,10,16,0.0001333777925975325,0.00019991559119482882,0.6153846153846154
5383,5841,알고싶다/Noun,26,10,16,0.0001333777925975325,0.00019991559119482882,0.6153846153846154
5384,5842,추적/Noun,26,10,16,0.0001333777925975325,0.00019991559119482882,0.6153846153846154
5385,5843,블루레이/Noun,26,16,10,0.0002000666888962988,0.00013327706079655256,0.6153846153846154
5386,5844,부각/Noun,26,10,16,0.0001333777925975325,0.00019991559119482882,0.6153846153846154
5387,5845,이요원/Noun,26,10,16,0.0001333777925975325,0.00019991559119482882,0.6153846153846154
5388,5846,서사/Noun,26,11,15,0.0001444926086473269,0.0001888091694617828,0.5769230769230769
5389,5847,일일/Noun,26,11,15,0.0001444926086473269,0.0001888091694617828,0.5769230769230769
5390,5848,닥치다/Verb,26,11,15,0.0001444926086473269,0.0001888091694617828,0.5769230769230769
5391,5849,도도/Noun,26,11,15,0.0001444926086473269,0.0001888091694617828,0.5769230769230769
5392,5850,스칼렛/Noun,26,15,11,0.00018895187284650438,0.0001443834825295986,0.5769230769230769
5393,5851,변/Noun,26,15,11,0.00018895187284650438,0.0001443834825295986,0.5769230769230769
5394,5852,와이어/Noun,26,11,15,0.0001444926086473269,0.0001888091694617828,0.5769230769230769
5395,5853,2007년/Number,26,15,11,0.00018895187284650438,0.0001443834825295986,0.5769230769230769
5396,5854,왤다/Verb,26,11,15,0.0001444926086473269,0.0001888091694617828,0.5769230769230769
5397,5855,증오/Noun,26,15,11,0.00018895187284650438,0.0001443834825295986,0.5769230769230769
5398,5856,스틱/Noun,26,11,15,0.0001444926086473269,0.0001888091694617828,0.5769230769230769
5399,5857,신지/Noun,26,11,15,0.0001444926086473269,0.0001888091694617828,0.5769230769230769
5400,5858,미사일/Noun,26,11,15,0.0001444926086473269,0.0001888091694617828,0.5769230769230769
5401,5859,상업성/Noun,26,11,15,0.0001444926086473269,0.0001888091694617828,0.5769230769230769
5402,5860,암시/Noun,26,11,15,0.0001444926086473269,0.0001888091694617828,0.5769230769230769
5403,5861,웨이/Noun,26,15,11,0.00018895187284650438,0.0001443834825295986,0.5769230769230769
5404,5862,다듬다/Verb,26,11,15,0.0001444926086473269,0.0001888091694617828,0.5769230769230769
5405,5863,에디/Noun,26,11,15,0.0001444926086473269,0.0001888091694617828,0.5769230769230769
5406,5864,클럽/Noun,26,15,11,0.00018895187284650438,0.0001443834825295986,0.5769230769230769
5407,5865,기원/Noun,26,14,12,0.00017783705679671002,0.00015548990426264466,0.5384615384615384
5408,5866,2014/Number,26,14,12,0.00017783705679671002,0.00015548990426264466,0.5384615384615384
5409,5867,블레이드/Noun,26,12,14,0.00015560742469712126,0.00017770274772873674,0.5384615384615384
5410,5868,데스노트/Noun,26,12,14,0.00015560742469712126,0.00017770274772873674,0.5384615384615384
5411,5869,정돈/Noun,26,14,12,0.00017783705679671002,0.00015548990426264466,0.5384615384615384
5412,5870,대세/Noun,26,14,12,0.00017783705679671002,0.00015548990426264466,0.5384615384615384
5413,5871,개봉관/Noun,26,12,14,0.00015560742469712126,0.00017770274772873674,0.5384615384615384
5414,5872,안녕하다/Adjective,26,14,12,0.00017783705679671002,0.00015548990426264466,0.5384615384615384
5415,5873,인성/Noun,26,12,14,0.00015560742469712126,0.00017770274772873674,0.5384615384615384
5416,5874,터뜨리다/Verb,26,14,12,0.00017783705679671002,0.00015548990426264466,0.5384615384615384
5417,5875,고래/Noun,26,12,14,0.00015560742469712126,0.00017770274772873674,0.5384615384615384
5418,5876,비꼬다/Verb,26,14,12,0.00017783705679671002,0.00015548990426264466,0.5384615384615384
5419,5877,힘겹다/Adjective,26,12,14,0.00015560742469712126,0.00017770274772873674,0.5384615384615384
5420,5878,깃/Noun,26,14,12,0.00017783705679671002,0.00015548990426264466,0.5384615384615384
5421,5879,엥/Exclamation,26,12,14,0.00015560742469712126,0.00017770274772873674,0.5384615384615384
5422,5890,Bad/Alpha,25,1,24,3.334444814938313e-05,0.0002887669650591972,0.96
5423,5891,꾸밈/Noun,25,24,1,0.0002889852172946538,3.331926519913814e-05,0.96
5424,5892,쏠쏠하다/Adjective,25,24,1,0.0002889852172946538,3.331926519913814e-05,0.96
5425,5893,기부/Noun,25,1,24,3.334444814938313e-05,0.0002887669650591972,0.96
5426,5894,ㅅㄱ/KoreanParticle,25,2,23,4.445926419917751e-05,0.00027766054332615115,0.92
5427,5895,인피니트/Noun,25,23,2,0.00027787040124485944,4.4425686932184186e-05,0.92
5428,5896,부실/Noun,25,2,23,4.445926419917751e-05,0.00027766054332615115,0.92
5429,5897,오래오래/Noun,25,23,2,0.00027787040124485944,4.4425686932184186e-05,0.92
5430,5898,탄탄/Noun,25,23,2,0.00027787040124485944,4.4425686932184186e-05,0.92
5431,5899,조잡/Noun,25,2,23,4.445926419917751e-05,0.00027766054332615115,0.92
5432,5900,지망/Noun,25,3,22,5.5574080248971876e-05,0.00026655412159310506,0.88
5433,5901,예상외/Noun,25,22,3,0.000266755585195065,5.553210866523024e-05,0.88
5434,5902,클릭/Noun,25,3,22,5.5574080248971876e-05,0.00026655412159310506,0.88
5435,5903,?./Punctuation,25,3,22,5.5574080248971876e-05,0.00026655412159310506,0.88
5436,5904,같잖다/Adjective,25,3,22,5.5574080248971876e-05,0.00026655412159310506,0.88
5437,5905,ㅡㅡㅋ/KoreanParticle,25,4,21,6.668889629876625e-05,0.0002554476998600591,0.84
5438,5906,윽/Noun,25,4,21,6.668889629876625e-05,0.0002554476998600591,0.84
5439,5907,훌륭/Noun,25,21,4,0.00025564076914527065,6.663853039827628e-05,0.84
5440,5908,엠씨/Noun,25,4,21,6.668889629876625e-05,0.0002554476998600591,0.84
5441,5909,쿠바/Noun,25,21,4,0.00025564076914527065,6.663853039827628e-05,0.84
5442,5910,축복/Noun,25,21,4,0.00025564076914527065,6.663853039827628e-05,0.84
5443,5911,온건/Noun,25,4,21,6.668889629876625e-05,0.0002554476998600591,0.84
5444,5912,4000원/Number,25,4,21,6.668889629876625e-05,0.0002554476998600591,0.84
5445,5913,붕/Noun,25,4,21,6.668889629876625e-05,0.0002554476998600591,0.84
5446,5914,...-_-/Punctuation,25,5,20,7.780371234856063e-05,0.00024434127812701304,0.8
5447,5915,양산/Noun,25,5,20,7.780371234856063e-05,0.00024434127812701304,0.8
5448,5916,슬로우/Noun,25,5,20,7.780371234856063e-05,0.00024434127812701304,0.8
5449,5917,바램/Noun,25,20,5,0.00024452595309547634,7.774495213132233e-05,0.8
5450,5918,쩔어요/Noun,25,20,5,0.00024452595309547634,7.774495213132233e-05,0.8
5451,5919,썅/Noun,25,5,20,7.780371234856063e-05,0.00024434127812701304,0.8
5452,5920,-_/Punctuation,25,5,20,7.780371234856063e-05,0.00024434127812701304,0.8
5453,5921,아이디/Noun,25,5,20,7.780371234856063e-05,0.00024434127812701304,0.8
5454,5922,따오다/Verb,25,5,20,7.780371234856063e-05,0.00024434127812701304,0.8
5455,5923,97년/Number,25,20,5,0.00024452595309547634,7.774495213132233e-05,0.8
5456,5924,소방관/Noun,25,20,5,0.00024452595309547634,7.774495213132233e-05,0.8
5457,5925,붕괴/Noun,25,5,20,7.780371234856063e-05,0.00024434127812701304,0.8
5458,5926,멸망/Noun,25,6,19,8.891852839835501e-05,0.000233234856393967,0.76
5459,5927,된장녀/Noun,25,6,19,8.891852839835501e-05,0.000233234856393967,0.76
5460,5928,진가/Noun,25,19,6,0.0002334111370456819,8.885137386436837e-05,0.76
5461,5929,고갈/Noun,25,6,19,8.891852839835501e-05,0.000233234856393967,0.76
5462,5930,브금/Noun,25,19,6,0.0002334111370456819,8.885137386436837e-05,0.76
5463,5931,서양인/Noun,25,6,19,8.891852839835501e-05,0.000233234856393967,0.76
5464,5932,요란하다/Adjective,25,6,19,8.891852839835501e-05,0.000233234856393967,0.76
5465,5933,억압/Noun,25,19,6,0.0002334111370456819,8.885137386436837e-05,0.76
5466,5934,김승우/Noun,25,6,19,8.891852839835501e-05,0.000233234856393967,0.76
5467,5935,1980년/Number,25,6,19,8.891852839835501e-05,0.000233234856393967,0.76
5468,5936,자전거/Noun,25,19,6,0.0002334111370456819,8.885137386436837e-05,0.76
5469,5937,껍데기/Noun,25,7,18,0.0001000333444481494,0.00022212843466092096,0.72
5470,5938,정상인/Noun,25,7,18,0.0001000333444481494,0.00022212843466092096,0.72
5471,5939,멘트/Noun,25,7,18,0.0001000333444481494,0.00022212843466092096,0.72
5472,5940,k/Alpha,25,7,18,0.0001000333444481494,0.00022212843466092096,0.72
5473,5941,분투/Noun,25,7,18,0.0001000333444481494,0.00022212843466092096,0.72
5474,5942,첩보물/Noun,25,18,7,0.0002222963209958875,9.995779559741441e-05,0.72
5475,5943,건달/Noun,25,7,18,0.0001000333444481494,0.00022212843466092096,0.72
5476,5944,윤발/Noun,25,7,18,0.0001000333444481494,0.00022212843466092096,0.72
5477,5945,제국주의/Noun,25,7,18,0.0001000333444481494,0.00022212843466092096,0.72
5478,5946,바사/Noun,25,7,18,0.0001000333444481494,0.00022212843466092096,0.72
5479,5947,애국/Noun,25,7,18,0.0001000333444481494,0.00022212843466092096,0.72
5480,5948,집합/Noun,25,8,17,0.00011114816049794375,0.0002110220129278749,0.68
5481,5949,삼국지/Noun,25,8,17,0.00011114816049794375,0.0002110220129278749,0.68
5482,5950,별개/Noun,25,8,17,0.00011114816049794375,0.0002110220129278749,0.68
5483,5951,분류/Noun,25,8,17,0.00011114816049794375,0.0002110220129278749,0.68
5484,5952,마셈/Noun,25,8,17,0.00011114816049794375,0.0002110220129278749,0.68
5485,5953,단말/Noun,25,8,17,0.00011114816049794375,0.0002110220129278749,0.68
5486,5954,러브레터/Noun,25,17,8,0.00021118150494609317,0.00011106421733046048,0.68
5487,5955,헌/Modifier,25,17,8,0.00021118150494609317,0.00011106421733046048,0.68
5488,5956,중견/Noun,25,8,17,0.00011114816049794375,0.0002110220129278749,0.68
5489,5957,박스/Noun,25,8,17,0.00011114816049794375,0.0002110220129278749,0.68
5490,5958,구지/Noun,25,8,17,0.00011114816049794375,0.0002110220129278749,0.68
5491,5959,No/Alpha,25,8,17,0.00011114816049794375,0.0002110220129278749,0.68
5492,5960,프리드/Noun,25,17,8,0.00021118150494609317,0.00011106421733046048,0.68
5493,5961,베를린/Noun,25,17,8,0.00021118150494609317,0.00011106421733046048,0.68
5494,5962,내지/Noun,25,8,17,0.00011114816049794375,0.0002110220129278749,0.68
5495,5963,제적/Noun,25,8,17,0.00011114816049794375,0.0002110220129278749,0.68
5496,5964,본드/Noun,25,17,8,0.00021118150494609317,0.00011106421733046048,0.68
5497,5965,알렉스/Noun,25,17,8,0.00021118150494609317,0.00011106421733046048,0.68
5498,5966,친일/Noun,25,8,17,0.00011114816049794375,0.0002110220129278749,0.68
5499,5967,귀하다/Adjective,25,17,8,0.00021118150494609317,0.00011106421733046048,0.68
5500,5968,고루/Noun,25,8,17,0.00011114816049794375,0.0002110220129278749,0.68
5501,5969,회복/Noun,25,17,8,0.00021118150494609317,0.00011106421733046048,0.68
5502,5970,좌빨/Noun,25,9,16,0.00012226297654773814,0.00019991559119482882,0.64
5503,5971,인위/Noun,25,9,16,0.00012226297654773814,0.00019991559119482882,0.64
5504,5972,스토/Noun,25,9,16,0.00012226297654773814,0.00019991559119482882,0.64
5505,5973,건조하다/Adjective,25,16,9,0.0002000666888962988,0.00012217063906350652,0.64
5506,5974,벌레/Noun,25,9,16,0.00012226297654773814,0.00019991559119482882,0.64
5507,5975,중요성/Noun,25,16,9,0.0002000666888962988,0.00012217063906350652,0.64
5508,5976,...!!!/Punctuation,25,16,9,0.0002000666888962988,0.00012217063906350652,0.64
5509,5977,에게만/Josa,25,9,16,0.00012226297654773814,0.00019991559119482882,0.64
5510,5978,당대/Noun,25,16,9,0.0002000666888962988,0.00012217063906350652,0.64
5511,5979,인칭/Noun,25,9,16,0.00012226297654773814,0.00019991559119482882,0.64
5512,5980,내버리다/Verb,25,9,16,0.00012226297654773814,0.00019991559119482882,0.64
5513,5981,폭소/Noun,25,9,16,0.00012226297654773814,0.00019991559119482882,0.64
5514,5982,대구/Noun,25,16,9,0.0002000666888962988,0.00012217063906350652,0.64
5515,5983,괴기/Noun,25,9,16,0.00012226297654773814,0.00019991559119482882,0.64
5516,5984,이어서/Adverb,25,16,9,0.0002000666888962988,0.00012217063906350652,0.64
5517,5985,사나/Noun,25,16,9,0.0002000666888962988,0.00012217063906350652,0.64
5518,5986,마력/Noun,25,16,9,0.0002000666888962988,0.00012217063906350652,0.64
5519,5987,인정받다/Verb,25,9,16,0.00012226297654773814,0.00019991559119482882,0.64
5520,5988,퍼지다/Verb,25,16,9,0.0002000666888962988,0.00012217063906350652,0.64
5521,5989,2%/Number,25,16,9,0.0002000666888962988,0.00012217063906350652,0.64
5522,5990,방사/Noun,25,9,16,0.00012226297654773814,0.00019991559119482882,0.64
5523,5991,세월호/Noun,25,16,9,0.0002000666888962988,0.00012217063906350652,0.64
5524,5992,타락하다/Adjective,25,15,10,0.00018895187284650438,0.00013327706079655256,0.6
5525,5993,토비/Noun,25,15,10,0.00018895187284650438,0.00013327706079655256,0.6
5526,5994,통속/Noun,25,10,15,0.0001333777925975325,0.0001888091694617828,0.6
5527,5995,펜/Noun,25,10,15,0.0001333777925975325,0.0001888091694617828,0.6
5528,5996,이정진/Noun,25,10,15,0.0001333777925975325,0.0001888091694617828,0.6
5529,5997,요원/Noun,25,15,10,0.00018895187284650438,0.00013327706079655256,0.6
5530,5998,장백지/Noun,25,10,15,0.0001333777925975325,0.0001888091694617828,0.6
5531,5999,스틸/Noun,25,10,15,0.0001333777925975325,0.0001888091694617828,0.6
5532,6000,덧/Noun,25,15,10,0.00018895187284650438,0.00013327706079655256,0.6
5533,6001,마동석/Noun,25,10,15,0.0001333777925975325,0.0001888091694617828,0.6
5534,6002,해주/Noun,25,15,10,0.00018895187284650438,0.00013327706079655256,0.6
5535,6003,조건/Noun,25,15,10,0.00018895187284650438,0.00013327706079655256,0.6
5536,6004,얹다/Verb,25,10,15,0.0001333777925975325,0.0001888091694617828,0.6
5537,6005,오가다/Verb,25,15,10,0.00018895187284650438,0.00013327706079655256,0.6
5538,6006,가가/Noun,25,15,10,0.00018895187284650438,0.00013327706079655256,0.6
5539,6007,이준/Noun,25,15,10,0.00018895187284650438,0.00013327706079655256,0.6
5540,6008,파이/Noun,25,11,14,0.0001444926086473269,0.00017770274772873674,0.56
5541,6009,찔리다/Verb,25,11,14,0.0001444926086473269,0.00017770274772873674,0.56
5542,6010,유튜브/Noun,25,11,14,0.0001444926086473269,0.00017770274772873674,0.56
5543,6011,여태껏/Noun,25,14,11,0.00017783705679671002,0.0001443834825295986,0.56
5544,6012,일기/Noun,25,11,14,0.0001444926086473269,0.00017770274772873674,0.56
5545,6013,탁/Noun,25,14,11,0.00017783705679671002,0.0001443834825295986,0.56
5546,6014,사정/Noun,25,11,14,0.0001444926086473269,0.00017770274772873674,0.56
5547,6015,띠/Noun,25,11,14,0.0001444926086473269,0.00017770274772873674,0.56
5548,6016,불교/Noun,25,14,11,0.00017783705679671002,0.0001443834825295986,0.56
5549,6017,타짜/Noun,25,14,11,0.00017783705679671002,0.0001443834825295986,0.56
5550,6018,위안부/Noun,25,11,14,0.0001444926086473269,0.00017770274772873674,0.56
5551,6019,종말/Noun,25,11,14,0.0001444926086473269,0.00017770274772873674,0.56
5552,6020,소가/Noun,25,11,14,0.0001444926086473269,0.00017770274772873674,0.56
5553,6021,톱스타/Noun,25,14,11,0.00017783705679671002,0.0001443834825295986,0.56
5554,6022,베트남/Noun,25,11,14,0.0001444926086473269,0.00017770274772873674,0.56
5555,6023,내/Modifier,25,11,14,0.0001444926086473269,0.00017770274772873674,0.56
5556,6024,놀/Noun,25,11,14,0.0001444926086473269,0.00017770274772873674,0.56
5557,6025,주변인/Noun,25,11,14,0.0001444926086473269,0.00017770274772873674,0.56
5558,6026,권총/Noun,25,11,14,0.0001444926086473269,0.00017770274772873674,0.56
5559,6027,에어/Noun,25,14,11,0.00017783705679671002,0.0001443834825295986,0.56
5560,6028,스무/Modifier,25,14,11,0.00017783705679671002,0.0001443834825295986,0.56
5561,6029,영화평론가/Noun,25,14,11,0.00017783705679671002,0.0001443834825295986,0.56
5562,6030,종북/Noun,25,11,14,0.0001444926086473269,0.00017770274772873674,0.56
5563,6031,브래드/Noun,25,14,11,0.00017783705679671002,0.0001443834825295986,0.56
5564,6032,동성애자/Noun,25,11,14,0.0001444926086473269,0.00017770274772873674,0.56
5565,6033,징악/Noun,25,11,14,0.0001444926086473269,0.00017770274772873674,0.56
5566,6034,신랑/Noun,25,12,13,0.00015560742469712126,0.0001665963259956907,0.52
5567,6035,까지나/Josa,25,12,13,0.00015560742469712126,0.0001665963259956907,0.52
5568,6036,진지/Noun,25,12,13,0.00015560742469712126,0.0001665963259956907,0.52
5569,6037,어리석다/Adjective,25,12,13,0.00015560742469712126,0.0001665963259956907,0.52
5570,6038,댐/Noun,25,12,13,0.00015560742469712126,0.0001665963259956907,0.52
5571,6039,컨데/Noun,25,12,13,0.00015560742469712126,0.0001665963259956907,0.52
5572,6040,1990년/Number,25,13,12,0.00016672224074691566,0.00015548990426264466,0.52
5573,6041,특급/Noun,25,13,12,0.00016672224074691566,0.00015548990426264466,0.52
5574,6042,마이크/Noun,25,12,13,0.00015560742469712126,0.0001665963259956907,0.52
5575,6043,슈/Noun,25,13,12,0.00016672224074691566,0.00015548990426264466,0.52
5576,6044,손잡다/Verb,25,13,12,0.00016672224074691566,0.00015548990426264466,0.52
5577,6045,제자/Noun,25,13,12,0.00016672224074691566,0.00015548990426264466,0.52
5578,6046,마술/Noun,25,12,13,0.00015560742469712126,0.0001665963259956907,0.52
5579,6047,일어나서/Noun,25,12,13,0.00015560742469712126,0.0001665963259956907,0.52
5580,6048,물고기/Noun,25,12,13,0.00015560742469712126,0.0001665963259956907,0.52
5581,6049,♡♡♡/Foreign,24,24,0,0.0002889852172946538,2.2212843466092093e-05,1.0
5582,6050,乃/Foreign,24,24,0,0.0002889852172946538,2.2212843466092093e-05,1.0
5583,6051,낚였어/Noun,24,0,24,2.2229632099588756e-05,0.0002887669650591972,1.0
5584,6052,관광/Noun,24,0,24,2.2229632099588756e-05,0.0002887669650591972,1.0
5585,6053,조치/Noun,24,1,23,3.334444814938313e-05,0.00027766054332615115,0.9583333333333334
5586,6054,맥빠지다/Adjective,24,1,23,3.334444814938313e-05,0.00027766054332615115,0.9583333333333334
5587,6055,빠르기/Noun,24,1,23,3.334444814938313e-05,0.00027766054332615115,0.9583333333333334
5588,6056,학예회/Noun,24,1,23,3.334444814938313e-05,0.00027766054332615115,0.9583333333333334
5589,6057,오그/Noun,24,1,23,3.334444814938313e-05,0.00027766054332615115,0.9583333333333334
5590,6058,반점/Noun,24,2,22,4.445926419917751e-05,0.00026655412159310506,0.9166666666666666
5591,6059,심금/Noun,24,22,2,0.000266755585195065,4.4425686932184186e-05,0.9166666666666666
5592,6060,닭살/Noun,24,2,22,4.445926419917751e-05,0.00026655412159310506,0.9166666666666666
5593,6061,전범/Noun,24,2,22,4.445926419917751e-05,0.00026655412159310506,0.9166666666666666
5594,6062,상쾌하다/Adjective,24,22,2,0.000266755585195065,4.4425686932184186e-05,0.9166666666666666
5595,6063,날카롭다/Adjective,24,22,2,0.000266755585195065,4.4425686932184186e-05,0.9166666666666666
5596,6064,소외/Noun,24,22,2,0.000266755585195065,4.4425686932184186e-05,0.9166666666666666
5597,6065,수면/Noun,24,2,22,4.445926419917751e-05,0.00026655412159310506,0.9166666666666666
5598,6066,방어율/Noun,24,2,22,4.445926419917751e-05,0.00026655412159310506,0.9166666666666666
5599,6067,구지성/Noun,24,2,22,4.445926419917751e-05,0.00026655412159310506,0.9166666666666666
5600,6068,뿐더러/Noun,24,3,21,5.5574080248971876e-05,0.0002554476998600591,0.875
5601,6069,거참/Noun,24,3,21,5.5574080248971876e-05,0.0002554476998600591,0.875
5602,6070,오래도록/Adverb,24,21,3,0.00025564076914527065,5.553210866523024e-05,0.875
5603,6071,캡틴/Noun,24,21,3,0.00025564076914527065,5.553210866523024e-05,0.875
5604,6072,어렷을때/Noun,24,21,3,0.00025564076914527065,5.553210866523024e-05,0.875
5605,6073,와나/Noun,24,4,20,6.668889629876625e-05,0.00024434127812701304,0.8333333333333334
5606,6074,대륙/Noun,24,4,20,6.668889629876625e-05,0.00024434127812701304,0.8333333333333334
5607,6075,브라질/Noun,24,20,4,0.00024452595309547634,6.663853039827628e-05,0.8333333333333334
5608,6076,실적/Noun,24,20,4,0.00024452595309547634,6.663853039827628e-05,0.8333333333333334
5609,6077,죽겠네/Noun,24,4,20,6.668889629876625e-05,0.00024434127812701304,0.8333333333333334
5610,6078,문명/Noun,24,20,4,0.00024452595309547634,6.663853039827628e-05,0.8333333333333334
5611,6079,장창/Noun,24,4,20,6.668889629876625e-05,0.00024434127812701304,0.8333333333333334
5612,6080,13년/Number,24,20,4,0.00024452595309547634,6.663853039827628e-05,0.8333333333333334
5613,6081,올려놓다/Verb,24,5,19,7.780371234856063e-05,0.000233234856393967,0.7916666666666666
5614,6082,흐리다/Verb,24,5,19,7.780371234856063e-05,0.000233234856393967,0.7916666666666666
5615,6083,렌트/Noun,24,5,19,7.780371234856063e-05,0.000233234856393967,0.7916666666666666
5616,6084,반의/Noun,24,5,19,7.780371234856063e-05,0.000233234856393967,0.7916666666666666
5617,6085,스무살/Noun,24,19,5,0.0002334111370456819,7.774495213132233e-05,0.7916666666666666
5618,6086,저능/Noun,24,5,19,7.780371234856063e-05,0.000233234856393967,0.7916666666666666
5619,6087,으악/Adverb,24,5,19,7.780371234856063e-05,0.000233234856393967,0.7916666666666666
5620,6088,박정희/Noun,24,5,19,7.780371234856063e-05,0.000233234856393967,0.7916666666666666
5621,6089,놔두다/Verb,24,5,19,7.780371234856063e-05,0.000233234856393967,0.7916666666666666
5622,6090,아따/Noun,24,5,19,7.780371234856063e-05,0.000233234856393967,0.7916666666666666
5623,6091,상속/Noun,24,19,5,0.0002334111370456819,7.774495213132233e-05,0.7916666666666666
5624,6092,진상/Noun,24,5,19,7.780371234856063e-05,0.000233234856393967,0.7916666666666666
5625,6093,적합하다/Adjective,24,5,19,7.780371234856063e-05,0.000233234856393967,0.7916666666666666
5626,6094,조디/Noun,24,19,5,0.0002334111370456819,7.774495213132233e-05,0.7916666666666666
5627,6095,액/Noun,24,5,19,7.780371234856063e-05,0.000233234856393967,0.7916666666666666
5628,6096,피고/Noun,24,6,18,8.891852839835501e-05,0.00022212843466092096,0.75
5629,6097,앵/Adverb,24,6,18,8.891852839835501e-05,0.00022212843466092096,0.75
5630,6098,가두다/Verb,24,6,18,8.891852839835501e-05,0.00022212843466092096,0.75
5631,6099,엠비씨/Noun,24,6,18,8.891852839835501e-05,0.00022212843466092096,0.75
5632,6100,하찮다/Adjective,24,6,18,8.891852839835501e-05,0.00022212843466092096,0.75
5633,6101,진국/Noun,24,18,6,0.0002222963209958875,8.885137386436837e-05,0.75
5634,6102,소비/Noun,24,6,18,8.891852839835501e-05,0.00022212843466092096,0.75
5635,6103,아주아주/Adverb,24,18,6,0.0002222963209958875,8.885137386436837e-05,0.75
5636,6104,ㅅㅅ/KoreanParticle,24,6,18,8.891852839835501e-05,0.00022212843466092096,0.75
5637,6105,축하/Noun,24,18,6,0.0002222963209958875,8.885137386436837e-05,0.75
5638,6106,게다/Noun,24,6,18,8.891852839835501e-05,0.00022212843466092096,0.75
5639,6107,이경영/Noun,24,6,18,8.891852839835501e-05,0.00022212843466092096,0.75
5640,6108,도배/Noun,24,7,17,0.0001000333444481494,0.0002110220129278749,0.7083333333333334
5641,6109,녹음/Noun,24,7,17,0.0001000333444481494,0.0002110220129278749,0.7083333333333334
5642,6110,존예/Noun,24,17,7,0.00021118150494609317,9.995779559741441e-05,0.7083333333333334
5643,6111,박살/Noun,24,7,17,0.0001000333444481494,0.0002110220129278749,0.7083333333333334
5644,6112,기기/Noun,24,7,17,0.0001000333444481494,0.0002110220129278749,0.7083333333333334
5645,6113,계단/Noun,24,17,7,0.00021118150494609317,9.995779559741441e-05,0.7083333333333334
5646,6114,명언/Noun,24,17,7,0.00021118150494609317,9.995779559741441e-05,0.7083333333333334
5647,6115,..!!!/Punctuation,24,17,7,0.00021118150494609317,9.995779559741441e-05,0.7083333333333334
5648,6116,브라이언/Noun,24,17,7,0.00021118150494609317,9.995779559741441e-05,0.7083333333333334
5649,6117,퀴/Noun,24,7,17,0.0001000333444481494,0.0002110220129278749,0.7083333333333334
5650,6118,90/Number,24,7,17,0.0001000333444481494,0.0002110220129278749,0.7083333333333334
5651,6119,완존/Noun,24,17,7,0.00021118150494609317,9.995779559741441e-05,0.7083333333333334
5652,6120,".,./Punctuation",24,7,17,0.0001000333444481494,0.0002110220129278749,0.7083333333333334
5653,6121,눈물샘/Noun,24,17,7,0.00021118150494609317,9.995779559741441e-05,0.7083333333333334
5654,6122,민호/Noun,24,17,7,0.00021118150494609317,9.995779559741441e-05,0.7083333333333334
5655,6123,장선우/Noun,24,7,17,0.0001000333444481494,0.0002110220129278749,0.7083333333333334
5656,6124,창문/Noun,24,7,17,0.0001000333444481494,0.0002110220129278749,0.7083333333333334
5657,6125,이빨/Noun,24,7,17,0.0001000333444481494,0.0002110220129278749,0.7083333333333334
5658,6126,파치노/Noun,24,17,7,0.00021118150494609317,9.995779559741441e-05,0.7083333333333334
5659,6127,낡다/Adjective,24,7,17,0.0001000333444481494,0.0002110220129278749,0.7083333333333334
5660,6128,초라하다/Adjective,24,7,17,0.0001000333444481494,0.0002110220129278749,0.7083333333333334
5661,6129,해소/Noun,24,17,7,0.00021118150494609317,9.995779559741441e-05,0.7083333333333334
5662,6130,이문식/Noun,24,7,17,0.0001000333444481494,0.0002110220129278749,0.7083333333333334
5663,6131,이뤄지다/Verb,24,17,7,0.00021118150494609317,9.995779559741441e-05,0.7083333333333334
5664,6132,스티븐시걸/Noun,24,8,16,0.00011114816049794375,0.00019991559119482882,0.6666666666666666
5665,6133,비우다/Verb,24,8,16,0.00011114816049794375,0.00019991559119482882,0.6666666666666666
5666,6134,부조리/Noun,24,16,8,0.0002000666888962988,0.00011106421733046048,0.6666666666666666
5667,6135,대립/Noun,24,16,8,0.0002000666888962988,0.00011106421733046048,0.6666666666666666
5668,6136,스님/Noun,24,16,8,0.0002000666888962988,0.00011106421733046048,0.6666666666666666
5669,6137,장영/Noun,24,16,8,0.0002000666888962988,0.00011106421733046048,0.6666666666666666
5670,6138,분노하다/Adjective,24,8,16,0.00011114816049794375,0.00019991559119482882,0.6666666666666666
5671,6139,월드컵/Noun,24,16,8,0.0002000666888962988,0.00011106421733046048,0.6666666666666666
5672,6140,?????/Punctuation,24,8,16,0.00011114816049794375,0.00019991559119482882,0.6666666666666666
5673,6141,쇼킹/Noun,24,16,8,0.0002000666888962988,0.00011106421733046048,0.6666666666666666
5674,6142,문구/Noun,24,8,16,0.00011114816049794375,0.00019991559119482882,0.6666666666666666
5675,6143,야쿠자/Noun,24,8,16,0.00011114816049794375,0.00019991559119482882,0.6666666666666666
5676,6144,택/Noun,24,8,16,0.00011114816049794375,0.00019991559119482882,0.6666666666666666
5677,6145,호랑이/Noun,24,16,8,0.0002000666888962988,0.00011106421733046048,0.6666666666666666
5678,6146,빈틈/Noun,24,16,8,0.0002000666888962988,0.00011106421733046048,0.6666666666666666
5679,6147,리차드/Noun,24,16,8,0.0002000666888962988,0.00011106421733046048,0.6666666666666666
5680,6148,움직임/Noun,24,16,8,0.0002000666888962988,0.00011106421733046048,0.6666666666666666
5681,6149,유준상/Noun,24,8,16,0.00011114816049794375,0.00019991559119482882,0.6666666666666666
5682,6150,류승룡/Noun,24,16,8,0.0002000666888962988,0.00011106421733046048,0.6666666666666666
5683,6151,캐다/Verb,24,9,15,0.00012226297654773814,0.0001888091694617828,0.625
5684,6152,안개/Noun,24,15,9,0.00018895187284650438,0.00012217063906350652,0.625
5685,6153,햇던/Noun,24,9,15,0.00012226297654773814,0.0001888091694617828,0.625
5686,6154,유승호/Noun,24,9,15,0.00012226297654773814,0.0001888091694617828,0.625
5687,6155,그리스/Noun,24,9,15,0.00012226297654773814,0.0001888091694617828,0.625
5688,6156,숀펜/Noun,24,15,9,0.00018895187284650438,0.00012217063906350652,0.625
5689,6157,지워지다/Verb,24,15,9,0.00018895187284650438,0.00012217063906350652,0.625
5690,6158,독도/Noun,24,15,9,0.00018895187284650438,0.00012217063906350652,0.625
5691,6159,외다/Verb,24,9,15,0.00012226297654773814,0.0001888091694617828,0.625
5692,6160,닳다/Verb,24,9,15,0.00012226297654773814,0.0001888091694617828,0.625
5693,6161,재일/Noun,24,15,9,0.00018895187284650438,0.00012217063906350652,0.625
5694,6162,김윤석/Noun,24,15,9,0.00018895187284650438,0.00012217063906350652,0.625
5695,6163,장미/Noun,24,15,9,0.00018895187284650438,0.00012217063906350652,0.625
5696,6164,교사/Noun,24,9,15,0.00012226297654773814,0.0001888091694617828,0.625
5697,6165,멕/Noun,24,10,14,0.0001333777925975325,0.00017770274772873674,0.5833333333333334
5698,6166,배두나/Noun,24,14,10,0.00017783705679671002,0.00013327706079655256,0.5833333333333334
5699,6167,취하/Noun,24,10,14,0.0001333777925975325,0.00017770274772873674,0.5833333333333334
5700,6168,김정은/Noun,24,10,14,0.0001333777925975325,0.00017770274772873674,0.5833333333333334
5701,6169,범죄영화/Noun,24,10,14,0.0001333777925975325,0.00017770274772873674,0.5833333333333334
5702,6170,영하/Noun,24,14,10,0.00017783705679671002,0.00013327706079655256,0.5833333333333334
5703,6171,날개/Noun,24,10,14,0.0001333777925975325,0.00017770274772873674,0.5833333333333334
5704,6172,연결고리/Noun,24,10,14,0.0001333777925975325,0.00017770274772873674,0.5833333333333334
5705,6173,굴/Noun,24,14,10,0.00017783705679671002,0.00013327706079655256,0.5833333333333334
5706,6174,디게/Adverb,24,14,10,0.00017783705679671002,0.00013327706079655256,0.5833333333333334
5707,6175,~?/Punctuation,24,10,14,0.0001333777925975325,0.00017770274772873674,0.5833333333333334
5708,6176,갱스터/Noun,24,14,10,0.00017783705679671002,0.00013327706079655256,0.5833333333333334
5709,6177,개척/Noun,24,14,10,0.00017783705679671002,0.00013327706079655256,0.5833333333333334
5710,6178,누리다/Verb,24,14,10,0.00017783705679671002,0.00013327706079655256,0.5833333333333334
5711,6179,제국/Noun,24,14,10,0.00017783705679671002,0.00013327706079655256,0.5833333333333334
5712,6180,초등/Noun,24,10,14,0.0001333777925975325,0.00017770274772873674,0.5833333333333334
5713,6181,우울/Noun,24,10,14,0.0001333777925975325,0.00017770274772873674,0.5833333333333334
5714,6182,ㅡㅜ/KoreanParticle,24,10,14,0.0001333777925975325,0.00017770274772873674,0.5833333333333334
5715,6183,스마트폰/Noun,24,10,14,0.0001333777925975325,0.00017770274772873674,0.5833333333333334
5716,6184,데려가다/Verb,24,11,13,0.0001444926086473269,0.0001665963259956907,0.5416666666666666
5717,6185,하/Noun,24,13,11,0.00016672224074691566,0.0001443834825295986,0.5416666666666666
5718,6186,조여정/Noun,24,13,11,0.00016672224074691566,0.0001443834825295986,0.5416666666666666
5719,6187,됫/Noun,24,13,11,0.00016672224074691566,0.0001443834825295986,0.5416666666666666
5720,6188,외치/Noun,24,11,13,0.0001444926086473269,0.0001665963259956907,0.5416666666666666
5721,6189,러/Noun,24,13,11,0.00016672224074691566,0.0001443834825295986,0.5416666666666666
5722,6190,비운/Noun,24,13,11,0.00016672224074691566,0.0001443834825295986,0.5416666666666666
5723,6191,나선/Noun,24,13,11,0.00016672224074691566,0.0001443834825295986,0.5416666666666666
5724,6192,손오공/Noun,24,11,13,0.0001444926086473269,0.0001665963259956907,0.5416666666666666
5725,6193,예지원/Noun,24,11,13,0.0001444926086473269,0.0001665963259956907,0.5416666666666666
5726,6194,이해력/Noun,24,11,13,0.0001444926086473269,0.0001665963259956907,0.5416666666666666
5727,6195,어유/Noun,24,13,11,0.00016672224074691566,0.0001443834825295986,0.5416666666666666
5728,6196,리부트/Noun,24,13,11,0.00016672224074691566,0.0001443834825295986,0.5416666666666666
5729,6197,닭/Noun,24,11,13,0.0001444926086473269,0.0001665963259956907,0.5416666666666666
5730,6198,노무현/Noun,24,11,13,0.0001444926086473269,0.0001665963259956907,0.5416666666666666
5731,6199,대지/Noun,24,11,13,0.0001444926086473269,0.0001665963259956907,0.5416666666666666
5732,6200,편성/Noun,24,11,13,0.0001444926086473269,0.0001665963259956907,0.5416666666666666
5733,6201,획기/Noun,24,13,11,0.00016672224074691566,0.0001443834825295986,0.5416666666666666
5734,6202,용의/Noun,24,13,11,0.00016672224074691566,0.0001443834825295986,0.5416666666666666
5735,6203,쌍둥이/Noun,24,11,13,0.0001444926086473269,0.0001665963259956907,0.5416666666666666
5736,6204,매치/Noun,24,11,13,0.0001444926086473269,0.0001665963259956907,0.5416666666666666
5737,6205,얼음/Noun,24,13,11,0.00016672224074691566,0.0001443834825295986,0.5416666666666666
5738,6206,바람둥이/Noun,24,11,13,0.0001444926086473269,0.0001665963259956907,0.5416666666666666
5739,6207,그토록/Adverb,24,11,13,0.0001444926086473269,0.0001665963259956907,0.5416666666666666
5740,6208,사자/Noun,24,11,13,0.0001444926086473269,0.0001665963259956907,0.5416666666666666
5741,6209,올드보이/Noun,24,11,13,0.0001444926086473269,0.0001665963259956907,0.5416666666666666
5742,6210,흑형/Noun,24,13,11,0.00016672224074691566,0.0001443834825295986,0.5416666666666666
5743,6211,빙의/Noun,24,13,11,0.00016672224074691566,0.0001443834825295986,0.5416666666666666
5744,6212,일텐데/Josa,24,13,11,0.00016672224074691566,0.0001443834825295986,0.5416666666666666
5745,6225,포근하다/Adjective,23,23,0,0.00027787040124485944,2.2212843466092093e-05,1.0
5746,6226,물체/Noun,23,0,23,2.2229632099588756e-05,0.00027766054332615115,1.0
5747,6227,긴급/Noun,23,1,22,3.334444814938313e-05,0.00026655412159310506,0.9565217391304348
5748,6228,난감/Noun,23,1,22,3.334444814938313e-05,0.00026655412159310506,0.9565217391304348
5749,6229,추강/Noun,23,22,1,0.000266755585195065,3.331926519913814e-05,0.9565217391304348
5750,6230,잡탕/Noun,23,1,22,3.334444814938313e-05,0.00026655412159310506,0.9565217391304348
5751,6231,꼽는/Noun,23,22,1,0.000266755585195065,3.331926519913814e-05,0.9565217391304348
5752,6232,못만드/Noun,23,2,21,4.445926419917751e-05,0.0002554476998600591,0.9130434782608696
5753,6233,박영화/Noun,23,21,2,0.00025564076914527065,4.4425686932184186e-05,0.9130434782608696
5754,6234,바람나다/Verb,23,2,21,4.445926419917751e-05,0.0002554476998600591,0.9130434782608696
5755,6235,존잘/Noun,23,20,3,0.00024452595309547634,5.553210866523024e-05,0.8695652173913043
5756,6236,경력/Noun,23,3,20,5.5574080248971876e-05,0.00024434127812701304,0.8695652173913043
5757,6237,11년/Number,23,20,3,0.00024452595309547634,5.553210866523024e-05,0.8695652173913043
5758,6238,나대다/Verb,23,3,20,5.5574080248971876e-05,0.00024434127812701304,0.8695652173913043
5759,6239,-;/Punctuation,23,3,20,5.5574080248971876e-05,0.00024434127812701304,0.8695652173913043
5760,6240,^.^/Punctuation,23,20,3,0.00024452595309547634,5.553210866523024e-05,0.8695652173913043
5761,6241,노아/Noun,23,3,20,5.5574080248971876e-05,0.00024434127812701304,0.8695652173913043
5762,6242,욧/Noun,23,20,3,0.00024452595309547634,5.553210866523024e-05,0.8695652173913043
5763,6243,스며들다/Verb,23,20,3,0.00024452595309547634,5.553210866523024e-05,0.8695652173913043
5764,6244,호프/Noun,23,20,3,0.00024452595309547634,5.553210866523024e-05,0.8695652173913043
5765,6245,직장인/Noun,23,20,3,0.00024452595309547634,5.553210866523024e-05,0.8695652173913043
5766,6246,볼바/Noun,23,3,20,5.5574080248971876e-05,0.00024434127812701304,0.8695652173913043
5767,6247,반쪽/Noun,23,3,20,5.5574080248971876e-05,0.00024434127812701304,0.8695652173913043
5768,6248,꾸역꾸역/Adverb,23,3,20,5.5574080248971876e-05,0.00024434127812701304,0.8695652173913043
5769,6249,데드/Noun,23,4,19,6.668889629876625e-05,0.000233234856393967,0.8260869565217391
5770,6250,파탄/Noun,23,4,19,6.668889629876625e-05,0.000233234856393967,0.8260869565217391
5771,6251,사골/Noun,23,4,19,6.668889629876625e-05,0.000233234856393967,0.8260869565217391
5772,6252,동양인/Noun,23,4,19,6.668889629876625e-05,0.000233234856393967,0.8260869565217391
5773,6253,요가/Noun,23,4,19,6.668889629876625e-05,0.000233234856393967,0.8260869565217391
5774,6254,잼남/Noun,23,19,4,0.0002334111370456819,6.663853039827628e-05,0.8260869565217391
5775,6255,후진/Noun,23,4,19,6.668889629876625e-05,0.000233234856393967,0.8260869565217391
5776,6256,킹왕짱/Noun,23,19,4,0.0002334111370456819,6.663853039827628e-05,0.8260869565217391
5777,6257,갈망/Noun,23,19,4,0.0002334111370456819,6.663853039827628e-05,0.8260869565217391
5778,6258,구식/Noun,23,4,19,6.668889629876625e-05,0.000233234856393967,0.8260869565217391
5779,6259,세심/Noun,23,19,4,0.0002334111370456819,6.663853039827628e-05,0.8260869565217391
5780,6260,추상/Noun,23,4,19,6.668889629876625e-05,0.000233234856393967,0.8260869565217391
5781,6261,남우/Noun,23,19,4,0.0002334111370456819,6.663853039827628e-05,0.8260869565217391
5782,6262,밍밍/Noun,23,4,19,6.668889629876625e-05,0.000233234856393967,0.8260869565217391
5783,6263,?;;/Punctuation,23,4,19,6.668889629876625e-05,0.000233234856393967,0.8260869565217391
5784,6264,보너스/Noun,23,18,5,0.0002222963209958875,7.774495213132233e-05,0.7826086956521741
5785,6265,수호/Noun,23,18,5,0.0002222963209958875,7.774495213132233e-05,0.7826086956521741
5786,6266,토요일/Noun,23,18,5,0.0002222963209958875,7.774495213132233e-05,0.7826086956521741
5787,6267,람/Noun,23,5,18,7.780371234856063e-05,0.00022212843466092096,0.7826086956521741
5788,6268,화신/Noun,23,5,18,7.780371234856063e-05,0.00022212843466092096,0.7826086956521741
5789,6269,저학년/Noun,23,5,18,7.780371234856063e-05,0.00022212843466092096,0.7826086956521741
5790,6270,유부녀/Noun,23,5,18,7.780371234856063e-05,0.00022212843466092096,0.7826086956521741
5791,6271,기다림/Noun,23,18,5,0.0002222963209958875,7.774495213132233e-05,0.7826086956521741
5792,6272,왕국/Noun,23,5,18,7.780371234856063e-05,0.00022212843466092096,0.7826086956521741
5793,6273,불신/Noun,23,5,18,7.780371234856063e-05,0.00022212843466092096,0.7826086956521741
5794,6274,에반게리온/Noun,23,17,6,0.00021118150494609317,8.885137386436837e-05,0.7391304347826086
5795,6275,나탈리/Noun,23,17,6,0.00021118150494609317,8.885137386436837e-05,0.7391304347826086
5796,6276,온통/Noun,23,6,17,8.891852839835501e-05,0.0002110220129278749,0.7391304347826086
5797,6277,현상/Noun,23,6,17,8.891852839835501e-05,0.0002110220129278749,0.7391304347826086
5798,6278,25년/Number,23,17,6,0.00021118150494609317,8.885137386436837e-05,0.7391304347826086
5799,6279,뵙다/Verb,23,17,6,0.00021118150494609317,8.885137386436837e-05,0.7391304347826086
5800,6280,단조롭다/Adjective,23,6,17,8.891852839835501e-05,0.0002110220129278749,0.7391304347826086
5801,6281,나른하다/Adjective,23,17,6,0.00021118150494609317,8.885137386436837e-05,0.7391304347826086
5802,6282,후배/Noun,23,6,17,8.891852839835501e-05,0.0002110220129278749,0.7391304347826086
5803,6283,탱/Adverb,23,6,17,8.891852839835501e-05,0.0002110220129278749,0.7391304347826086
5804,6284,긁다/Verb,23,6,17,8.891852839835501e-05,0.0002110220129278749,0.7391304347826086
5805,6285,이기심/Noun,23,17,6,0.00021118150494609317,8.885137386436837e-05,0.7391304347826086
5806,6286,레고/Noun,23,17,6,0.00021118150494609317,8.885137386436837e-05,0.7391304347826086
5807,6287,?..../Punctuation,23,6,17,8.891852839835501e-05,0.0002110220129278749,0.7391304347826086
5808,6288,함축/Noun,23,17,6,0.00021118150494609317,8.885137386436837e-05,0.7391304347826086
5809,6289,쭈욱/Noun,23,17,6,0.00021118150494609317,8.885137386436837e-05,0.7391304347826086
5810,6290,먹고살다/Verb,23,7,16,0.0001000333444481494,0.00019991559119482882,0.6956521739130435
5811,6291,길거리/Noun,23,7,16,0.0001000333444481494,0.00019991559119482882,0.6956521739130435
5812,6292,오덕/Noun,23,7,16,0.0001000333444481494,0.00019991559119482882,0.6956521739130435
5813,6293,태권도/Noun,23,7,16,0.0001000333444481494,0.00019991559119482882,0.6956521739130435
5814,6294,lt/Alpha,23,16,7,0.0002000666888962988,9.995779559741441e-05,0.6956521739130435
5815,6295,송윤아/Noun,23,16,7,0.0002000666888962988,9.995779559741441e-05,0.6956521739130435
5816,6296,사신/Noun,23,7,16,0.0001000333444481494,0.00019991559119482882,0.6956521739130435
5817,6297,영화광/Noun,23,7,16,0.0001000333444481494,0.00019991559119482882,0.6956521739130435
5818,6298,고아라/Noun,23,16,7,0.0002000666888962988,9.995779559741441e-05,0.6956521739130435
5819,6299,건너/Noun,23,7,16,0.0001000333444481494,0.00019991559119482882,0.6956521739130435
5820,6300,반미/Noun,23,7,16,0.0001000333444481494,0.00019991559119482882,0.6956521739130435
5821,6301,인격/Noun,23,7,16,0.0001000333444481494,0.00019991559119482882,0.6956521739130435
5822,6302,에잇/Exclamation,23,7,16,0.0001000333444481494,0.00019991559119482882,0.6956521739130435
5823,6303,동정/Noun,23,7,16,0.0001000333444481494,0.00019991559119482882,0.6956521739130435
5824,6304,지하/Noun,23,7,16,0.0001000333444481494,0.00019991559119482882,0.6956521739130435
5825,6305,시위/Noun,23,7,16,0.0001000333444481494,0.00019991559119482882,0.6956521739130435
5826,6306,싱크로/Noun,23,15,8,0.00018895187284650438,0.00011106421733046048,0.6521739130434783
5827,6307,심판/Noun,23,8,15,0.00011114816049794375,0.0001888091694617828,0.6521739130434783
5828,6308,잘나오다/Verb,23,8,15,0.00011114816049794375,0.0001888091694617828,0.6521739130434783
5829,6309,리그/Noun,23,8,15,0.00011114816049794375,0.0001888091694617828,0.6521739130434783
5830,6310,꽃미남/Noun,23,15,8,0.00018895187284650438,0.00011106421733046048,0.6521739130434783
5831,6311,김수미/Noun,23,8,15,0.00011114816049794375,0.0001888091694617828,0.6521739130434783
5832,6312,치킨/Noun,23,8,15,0.00011114816049794375,0.0001888091694617828,0.6521739130434783
5833,6313,윤시윤/Noun,23,15,8,0.00018895187284650438,0.00011106421733046048,0.6521739130434783
5834,6314,gt/Alpha,23,15,8,0.00018895187284650438,0.00011106421733046048,0.6521739130434783
5835,6315,광해/Noun,23,15,8,0.00018895187284650438,0.00011106421733046048,0.6521739130434783
5836,6316,기선/Noun,23,8,15,0.00011114816049794375,0.0001888091694617828,0.6521739130434783
5837,6317,여서/Noun,23,15,8,0.00018895187284650438,0.00011106421733046048,0.6521739130434783
5838,6318,경/Noun,23,15,8,0.00018895187284650438,0.00011106421733046048,0.6521739130434783
5839,6319,에밀리/Noun,23,15,8,0.00018895187284650438,0.00011106421733046048,0.6521739130434783
5840,6320,페/Noun,23,15,8,0.00018895187284650438,0.00011106421733046048,0.6521739130434783
5841,6321,연락/Noun,23,15,8,0.00018895187284650438,0.00011106421733046048,0.6521739130434783
5842,6322,XX/Alpha,23,8,15,0.00011114816049794375,0.0001888091694617828,0.6521739130434783
5843,6323,밑바닥/Noun,23,8,15,0.00011114816049794375,0.0001888091694617828,0.6521739130434783
5844,6324,이자벨/Noun,23,15,8,0.00018895187284650438,0.00011106421733046048,0.6521739130434783
5845,6325,설리/Noun,23,15,8,0.00018895187284650438,0.00011106421733046048,0.6521739130434783
5846,6326,도망치다/Verb,23,8,15,0.00011114816049794375,0.0001888091694617828,0.6521739130434783
5847,6327,꼬집다/Verb,23,15,8,0.00018895187284650438,0.00011106421733046048,0.6521739130434783
5848,6328,라이더/Noun,23,15,8,0.00018895187284650438,0.00011106421733046048,0.6521739130434783
5849,6329,신앙/Noun,23,15,8,0.00018895187284650438,0.00011106421733046048,0.6521739130434783
5850,6330,들려주다/Verb,23,15,8,0.00018895187284650438,0.00011106421733046048,0.6521739130434783
5851,6331,6.5/Number,23,8,15,0.00011114816049794375,0.0001888091694617828,0.6521739130434783
5852,6332,뛰어다니다/Verb,23,8,15,0.00011114816049794375,0.0001888091694617828,0.6521739130434783
5853,6333,성폭행/Noun,23,8,15,0.00011114816049794375,0.0001888091694617828,0.6521739130434783
5854,6334,제주도/Noun,23,14,9,0.00017783705679671002,0.00012217063906350652,0.6086956521739131
5855,6335,둘리/Noun,23,14,9,0.00017783705679671002,0.00012217063906350652,0.6086956521739131
5856,6336,해운대/Noun,23,14,9,0.00017783705679671002,0.00012217063906350652,0.6086956521739131
5857,6337,그로테스크/Noun,23,14,9,0.00017783705679671002,0.00012217063906350652,0.6086956521739131
5858,6338,다케시/Noun,23,14,9,0.00017783705679671002,0.00012217063906350652,0.6086956521739131
5859,6339,상자/Noun,23,9,14,0.00012226297654773814,0.00017770274772873674,0.6086956521739131
5860,6340,내려오다/Verb,23,14,9,0.00017783705679671002,0.00012217063906350652,0.6086956521739131
5861,6341,햇음/Noun,23,9,14,0.00012226297654773814,0.00017770274772873674,0.6086956521739131
5862,6342,성기/Noun,23,9,14,0.00012226297654773814,0.00017770274772873674,0.6086956521739131
5863,6343,야수/Noun,23,14,9,0.00017783705679671002,0.00012217063906350652,0.6086956521739131
5864,6344,재생/Noun,23,9,14,0.00012226297654773814,0.00017770274772873674,0.6086956521739131
5865,6345,슬레/Noun,23,9,14,0.00012226297654773814,0.00017770274772873674,0.6086956521739131
5866,6346,테러리스트/Noun,23,9,14,0.00012226297654773814,0.00017770274772873674,0.6086956521739131
5867,6347,이불/Noun,23,14,9,0.00017783705679671002,0.00012217063906350652,0.6086956521739131
5868,6348,앗/Noun,23,14,9,0.00017783705679671002,0.00012217063906350652,0.6086956521739131
5869,6349,아유/Noun,23,9,14,0.00012226297654773814,0.00017770274772873674,0.6086956521739131
5870,6350,강소라/Noun,23,9,14,0.00012226297654773814,0.00017770274772873674,0.6086956521739131
5871,6351,하이라이트/Noun,23,13,10,0.00016672224074691566,0.00013327706079655256,0.5652173913043478
5872,6352,보드/Noun,23,10,13,0.0001333777925975325,0.0001665963259956907,0.5652173913043478
5873,6353,떤다/Verb,23,13,10,0.00016672224074691566,0.00013327706079655256,0.5652173913043478
5874,6354,바라지/Noun,23,10,13,0.0001333777925975325,0.0001665963259956907,0.5652173913043478
5875,6355,트라우마/Noun,23,13,10,0.00016672224074691566,0.00013327706079655256,0.5652173913043478
5876,6356,시한/Noun,23,13,10,0.00016672224074691566,0.00013327706079655256,0.5652173913043478
5877,6357,일만/Noun,23,10,13,0.0001333777925975325,0.0001665963259956907,0.5652173913043478
5878,6358,후편/Noun,23,13,10,0.00016672224074691566,0.00013327706079655256,0.5652173913043478
5879,6359,입히다/Verb,23,10,13,0.0001333777925975325,0.0001665963259956907,0.5652173913043478
5880,6360,끝없다/Adjective,23,13,10,0.00016672224074691566,0.00013327706079655256,0.5652173913043478
5881,6361,정책/Noun,23,10,13,0.0001333777925975325,0.0001665963259956907,0.5652173913043478
5882,6362,순이/Noun,23,10,13,0.0001333777925975325,0.0001665963259956907,0.5652173913043478
5883,6363,산업/Noun,23,13,10,0.00016672224074691566,0.00013327706079655256,0.5652173913043478
5884,6364,무죄/Noun,23,13,10,0.00016672224074691566,0.00013327706079655256,0.5652173913043478
5885,6365,화이트/Noun,23,10,13,0.0001333777925975325,0.0001665963259956907,0.5652173913043478
5886,6366,파헤치다/Verb,23,13,10,0.00016672224074691566,0.00013327706079655256,0.5652173913043478
5887,6367,잔인/Noun,23,13,10,0.00016672224074691566,0.00013327706079655256,0.5652173913043478
5888,6368,찰지다/Adjective,23,10,13,0.0001333777925975325,0.0001665963259956907,0.5652173913043478
5889,6369,아담샌들러/Noun,23,13,10,0.00016672224074691566,0.00013327706079655256,0.5652173913043478
5890,6370,"!""/Punctuation",23,10,13,0.0001333777925975325,0.0001665963259956907,0.5652173913043478
5891,6371,충족/Noun,23,13,10,0.00016672224074691566,0.00013327706079655256,0.5652173913043478
5892,6372,건담/Noun,23,13,10,0.00016672224074691566,0.00013327706079655256,0.5652173913043478
5893,6373,실속/Noun,23,10,13,0.0001333777925975325,0.0001665963259956907,0.5652173913043478
5894,6374,bgm/Alpha,23,13,10,0.00016672224074691566,0.00013327706079655256,0.5652173913043478
5895,6375,소련/Noun,23,10,13,0.0001333777925975325,0.0001665963259956907,0.5652173913043478
5896,6376,중세/Noun,23,11,12,0.0001444926086473269,0.00015548990426264466,0.5217391304347826
5897,6377,한일/Noun,23,11,12,0.0001444926086473269,0.00015548990426264466,0.5217391304347826
5898,6378,!'/Punctuation,23,12,11,0.00015560742469712126,0.0001443834825295986,0.5217391304347826
5899,6379,사악하다/Adjective,23,12,11,0.00015560742469712126,0.0001443834825295986,0.5217391304347826
5900,6380,꽂히다/Verb,23,12,11,0.00015560742469712126,0.0001443834825295986,0.5217391304347826
5901,6381,여자아이/Noun,23,11,12,0.0001444926086473269,0.00015548990426264466,0.5217391304347826
5902,6382,문자/Noun,23,11,12,0.0001444926086473269,0.00015548990426264466,0.5217391304347826
5903,6383,도가니/Noun,23,11,12,0.0001444926086473269,0.00015548990426264466,0.5217391304347826
5904,6384,L/Alpha,23,12,11,0.00015560742469712126,0.0001443834825295986,0.5217391304347826
5905,6385,킬/Noun,23,12,11,0.00015560742469712126,0.0001443834825295986,0.5217391304347826
5906,6386,교양/Noun,23,11,12,0.0001444926086473269,0.00015548990426264466,0.5217391304347826
5907,6387,라이트/Noun,23,12,11,0.00015560742469712126,0.0001443834825295986,0.5217391304347826
5908,6388,보편/Noun,23,11,12,0.0001444926086473269,0.00015548990426264466,0.5217391304347826
5909,6389,현란하다/Adjective,23,11,12,0.0001444926086473269,0.00015548990426264466,0.5217391304347826
5910,6390,감점/Noun,23,11,12,0.0001444926086473269,0.00015548990426264466,0.5217391304347826
5911,6391,피노키오/Noun,23,12,11,0.00015560742469712126,0.0001443834825295986,0.5217391304347826
5912,6392,대장/Noun,23,11,12,0.0001444926086473269,0.00015548990426264466,0.5217391304347826
5913,6393,폐해/Noun,23,11,12,0.0001444926086473269,0.00015548990426264466,0.5217391304347826
5914,6394,서태지/Noun,23,11,12,0.0001444926086473269,0.00015548990426264466,0.5217391304347826
5915,6395,규/Noun,23,12,11,0.00015560742469712126,0.0001443834825295986,0.5217391304347826
5916,6396,방울/Noun,23,12,11,0.00015560742469712126,0.0001443834825295986,0.5217391304347826
5917,6397,유사하다/Adjective,23,12,11,0.00015560742469712126,0.0001443834825295986,0.5217391304347826
5918,6398,대요/Noun,23,11,12,0.0001444926086473269,0.00015548990426264466,0.5217391304347826
5919,6399,다섯/Noun,23,12,11,0.00015560742469712126,0.0001443834825295986,0.5217391304347826
5920,6400,짖다/Verb,23,11,12,0.0001444926086473269,0.00015548990426264466,0.5217391304347826
5921,6401,휴지/Noun,23,11,12,0.0001444926086473269,0.00015548990426264466,0.5217391304347826
5922,6402,뭘말/Noun,22,0,22,2.2229632099588756e-05,0.00026655412159310506,1.0
5923,6403,어장/Noun,22,0,22,2.2229632099588756e-05,0.00026655412159310506,1.0
5924,6404,엇/Noun,22,21,1,0.00025564076914527065,3.331926519913814e-05,0.9545454545454546
5925,6405,멀미/Noun,22,1,21,3.334444814938313e-05,0.0002554476998600591,0.9545454545454546
5926,6406,비약/Noun,22,1,21,3.334444814938313e-05,0.0002554476998600591,0.9545454545454546
5927,6407,뭉클/Noun,22,21,1,0.00025564076914527065,3.331926519913814e-05,0.9545454545454546
5928,6408,그이/Noun,22,1,21,3.334444814938313e-05,0.0002554476998600591,0.9545454545454546
5929,6409,면상/Noun,22,2,20,4.445926419917751e-05,0.00024434127812701304,0.9090909090909092
5930,6410,시시/Noun,22,2,20,4.445926419917751e-05,0.00024434127812701304,0.9090909090909092
5931,6411,레즈비언/Noun,22,2,20,4.445926419917751e-05,0.00024434127812701304,0.9090909090909092
5932,6412,주님/Noun,22,20,2,0.00024452595309547634,4.4425686932184186e-05,0.9090909090909092
5933,6413,막무가내/Noun,22,2,20,4.445926419917751e-05,0.00024434127812701304,0.9090909090909092
5934,6414,연출자/Noun,22,2,20,4.445926419917751e-05,0.00024434127812701304,0.9090909090909092
5935,6415,장사/Noun,22,2,20,4.445926419917751e-05,0.00024434127812701304,0.9090909090909092
5936,6416,..;;;/Punctuation,22,2,20,4.445926419917751e-05,0.00024434127812701304,0.9090909090909092
5937,6417,에/Noun,22,3,19,5.5574080248971876e-05,0.000233234856393967,0.8636363636363636
5938,6418,쟤/Noun,22,3,19,5.5574080248971876e-05,0.000233234856393967,0.8636363636363636
5939,6419,공익/Noun,22,3,19,5.5574080248971876e-05,0.000233234856393967,0.8636363636363636
5940,6420,쯤/Foreign,22,3,19,5.5574080248971876e-05,0.000233234856393967,0.8636363636363636
5941,6421,저그/Noun,22,3,19,5.5574080248971876e-05,0.000233234856393967,0.8636363636363636
5942,6422,고사/Noun,22,3,19,5.5574080248971876e-05,0.000233234856393967,0.8636363636363636
5943,6423,바하/Noun,22,4,18,6.668889629876625e-05,0.00022212843466092096,0.8181818181818182
5944,6424,악행/Noun,22,4,18,6.668889629876625e-05,0.00022212843466092096,0.8181818181818182
5945,6425,쫙/Noun,22,18,4,0.0002222963209958875,6.663853039827628e-05,0.8181818181818182
5946,6426,윤진서/Noun,22,4,18,6.668889629876625e-05,0.00022212843466092096,0.8181818181818182
5947,6427,연설/Noun,22,18,4,0.0002222963209958875,6.663853039827628e-05,0.8181818181818182
5948,6428,가시다/Verb,22,18,4,0.0002222963209958875,6.663853039827628e-05,0.8181818181818182
5949,6429,",,,,,/Punctuation",22,4,18,6.668889629876625e-05,0.00022212843466092096,0.8181818181818182
5950,6430,꼴다/Verb,22,4,18,6.668889629876625e-05,0.00022212843466092096,0.8181818181818182
5951,6431,최수종/Noun,22,18,4,0.0002222963209958875,6.663853039827628e-05,0.8181818181818182
5952,6432,베드씬/Noun,22,4,18,6.668889629876625e-05,0.00022212843466092096,0.8181818181818182
5953,6433,대인/Noun,22,18,4,0.0002222963209958875,6.663853039827628e-05,0.8181818181818182
5954,6434,쿵푸팬더/Noun,22,4,18,6.668889629876625e-05,0.00022212843466092096,0.8181818181818182
5955,6435,민주화/Noun,22,4,18,6.668889629876625e-05,0.00022212843466092096,0.8181818181818182
5956,6436,미숙/Noun,22,4,18,6.668889629876625e-05,0.00022212843466092096,0.8181818181818182
5957,6437,소유진/Noun,22,4,18,6.668889629876625e-05,0.00022212843466092096,0.8181818181818182
5958,6438,일관/Noun,22,4,18,6.668889629876625e-05,0.00022212843466092096,0.8181818181818182
5959,6439,월화/Noun,22,17,5,0.00021118150494609317,7.774495213132233e-05,0.7727272727272727
5960,6440,위성/Noun,22,5,17,7.780371234856063e-05,0.0002110220129278749,0.7727272727272727
5961,6441,외로/Noun,22,17,5,0.00021118150494609317,7.774495213132233e-05,0.7727272727272727
5962,6442,초콜릿/Noun,22,17,5,0.00021118150494609317,7.774495213132233e-05,0.7727272727272727
5963,6443,김민희/Noun,22,17,5,0.00021118150494609317,7.774495213132233e-05,0.7727272727272727
5964,6444,나잇/Noun,22,5,17,7.780371234856063e-05,0.0002110220129278749,0.7727272727272727
5965,6445,낯설다/Adjective,22,17,5,0.00021118150494609317,7.774495213132233e-05,0.7727272727272727
5966,6446,라기보단/Josa,22,5,17,7.780371234856063e-05,0.0002110220129278749,0.7727272727272727
5967,6447,치우치다/Verb,22,5,17,7.780371234856063e-05,0.0002110220129278749,0.7727272727272727
5968,6448,냉소/Noun,22,17,5,0.00021118150494609317,7.774495213132233e-05,0.7727272727272727
5969,6449,하하/Exclamation,22,5,17,7.780371234856063e-05,0.0002110220129278749,0.7727272727272727
5970,6450,40년/Number,22,17,5,0.00021118150494609317,7.774495213132233e-05,0.7727272727272727
5971,6451,변질/Noun,22,5,17,7.780371234856063e-05,0.0002110220129278749,0.7727272727272727
5972,6452,마녀사냥/Noun,22,17,5,0.00021118150494609317,7.774495213132233e-05,0.7727272727272727
5973,6453,쨩/Suffix,22,17,5,0.00021118150494609317,7.774495213132233e-05,0.7727272727272727
5974,6454,연구/Noun,22,5,17,7.780371234856063e-05,0.0002110220129278749,0.7727272727272727
5975,6455,종교영화/Noun,22,6,16,8.891852839835501e-05,0.00019991559119482882,0.7272727272727273
5976,6456,조선시대/Noun,22,6,16,8.891852839835501e-05,0.00019991559119482882,0.7272727272727273
5977,6457,비틀즈/Noun,22,16,6,0.0002000666888962988,8.885137386436837e-05,0.7272727272727273
5978,6458,배달/Noun,22,6,16,8.891852839835501e-05,0.00019991559119482882,0.7272727272727273
5979,6459,입맛/Noun,22,6,16,8.891852839835501e-05,0.00019991559119482882,0.7272727272727273
5980,6460,사태/Noun,22,6,16,8.891852839835501e-05,0.00019991559119482882,0.7272727272727273
5981,6461,울버린/Noun,22,6,16,8.891852839835501e-05,0.00019991559119482882,0.7272727272727273
5982,6462,바이올린/Noun,22,16,6,0.0002000666888962988,8.885137386436837e-05,0.7272727272727273
5983,6463,ㅇㅅㅇ/KoreanParticle,22,16,6,0.0002000666888962988,8.885137386436837e-05,0.7272727272727273
5984,6464,마시다/Verb,22,6,16,8.891852839835501e-05,0.00019991559119482882,0.7272727272727273
5985,6465,간지나다/Verb,22,16,6,0.0002000666888962988,8.885137386436837e-05,0.7272727272727273
5986,6466,이지나/Noun,22,16,6,0.0002000666888962988,8.885137386436837e-05,0.7272727272727273
5987,6467,올바르다/Adjective,22,16,6,0.0002000666888962988,8.885137386436837e-05,0.7272727272727273
5988,6468,95년/Number,22,15,7,0.00018895187284650438,9.995779559741441e-05,0.6818181818181818
5989,6469,털/Noun,22,7,15,0.0001000333444481494,0.0001888091694617828,0.6818181818181818
5990,6470,서바이벌/Noun,22,7,15,0.0001000333444481494,0.0001888091694617828,0.6818181818181818
5991,6471,김윤진/Noun,22,7,15,0.0001000333444481494,0.0001888091694617828,0.6818181818181818
5992,6472,E/Alpha,22,7,15,0.0001000333444481494,0.0001888091694617828,0.6818181818181818
5993,6473,청춘영화/Noun,22,15,7,0.00018895187284650438,9.995779559741441e-05,0.6818181818181818
5994,6474,무덤/Noun,22,7,15,0.0001000333444481494,0.0001888091694617828,0.6818181818181818
5995,6475,심해/Noun,22,7,15,0.0001000333444481494,0.0001888091694617828,0.6818181818181818
5996,6476,덜다/Verb,22,7,15,0.0001000333444481494,0.0001888091694617828,0.6818181818181818
5997,6477,무고/Noun,22,7,15,0.0001000333444481494,0.0001888091694617828,0.6818181818181818
5998,6478,지라/Noun,22,15,7,0.00018895187284650438,9.995779559741441e-05,0.6818181818181818
5999,6479,보영/Noun,22,15,7,0.00018895187284650438,9.995779559741441e-05,0.6818181818181818
6000,6480,그따위/Noun,22,7,15,0.0001000333444481494,0.0001888091694617828,0.6818181818181818
6001,6481,헌터/Noun,22,7,15,0.0001000333444481494,0.0001888091694617828,0.6818181818181818
6002,6482,지상파/Noun,22,15,7,0.00018895187284650438,9.995779559741441e-05,0.6818181818181818
6003,6483,동화책/Noun,22,15,7,0.00018895187284650438,9.995779559741441e-05,0.6818181818181818
6004,6484,엑소/Noun,22,15,7,0.00018895187284650438,9.995779559741441e-05,0.6818181818181818
6005,6485,시어머니/Noun,22,7,15,0.0001000333444481494,0.0001888091694617828,0.6818181818181818
6006,6486,개월/Noun,22,15,7,0.00018895187284650438,9.995779559741441e-05,0.6818181818181818
6007,6487,조니/Noun,22,7,15,0.0001000333444481494,0.0001888091694617828,0.6818181818181818
6008,6488,싸지르다/Verb,22,7,15,0.0001000333444481494,0.0001888091694617828,0.6818181818181818
6009,6489,뱀/Noun,22,7,15,0.0001000333444481494,0.0001888091694617828,0.6818181818181818
6010,6490,저격/Noun,22,15,7,0.00018895187284650438,9.995779559741441e-05,0.6818181818181818
6011,6491,~~!!!/Punctuation,22,15,7,0.00018895187284650438,9.995779559741441e-05,0.6818181818181818
6012,6492,번방/Noun,22,15,7,0.00018895187284650438,9.995779559741441e-05,0.6818181818181818
6013,6493,박한별/Noun,22,8,14,0.00011114816049794375,0.00017770274772873674,0.6363636363636364
6014,6494,이진/Noun,22,8,14,0.00011114816049794375,0.00017770274772873674,0.6363636363636364
6015,6495,제시카알바/Noun,22,8,14,0.00011114816049794375,0.00017770274772873674,0.6363636363636364
6016,6496,환희/Noun,22,14,8,0.00017783705679671002,0.00011106421733046048,0.6363636363636364
6017,6497,인간성/Noun,22,14,8,0.00017783705679671002,0.00011106421733046048,0.6363636363636364
6018,6498,십대/Noun,22,8,14,0.00011114816049794375,0.00017770274772873674,0.6363636363636364
6019,6499,이슬람/Noun,22,14,8,0.00017783705679671002,0.00011106421733046048,0.6363636363636364
6020,6500,병자/Noun,22,8,14,0.00011114816049794375,0.00017770274772873674,0.6363636363636364
6021,6501,개쩌/Noun,22,14,8,0.00017783705679671002,0.00011106421733046048,0.6363636363636364
6022,6502,결/Noun,22,8,14,0.00011114816049794375,0.00017770274772873674,0.6363636363636364
6023,6503,마는/Noun,22,8,14,0.00011114816049794375,0.00017770274772873674,0.6363636363636364
6024,6504,산타/Noun,22,14,8,0.00017783705679671002,0.00011106421733046048,0.6363636363636364
6025,6505,달인/Noun,22,8,14,0.00011114816049794375,0.00017770274772873674,0.6363636363636364
6026,6506,금은/Noun,22,14,8,0.00017783705679671002,0.00011106421733046048,0.6363636363636364
6027,6507,조르다/Verb,22,8,14,0.00011114816049794375,0.00017770274772873674,0.6363636363636364
6028,6508,this/Alpha,22,14,8,0.00017783705679671002,0.00011106421733046048,0.6363636363636364
6029,6509,이상우/Noun,22,14,8,0.00017783705679671002,0.00011106421733046048,0.6363636363636364
6030,6510,숀/Noun,22,14,8,0.00017783705679671002,0.00011106421733046048,0.6363636363636364
6031,6511,무명/Noun,22,8,14,0.00011114816049794375,0.00017770274772873674,0.6363636363636364
6032,6512,불안/Noun,22,14,8,0.00017783705679671002,0.00011106421733046048,0.6363636363636364
6033,6513,유명배우/Noun,22,8,14,0.00011114816049794375,0.00017770274772873674,0.6363636363636364
6034,6514,모리/Noun,22,14,8,0.00017783705679671002,0.00011106421733046048,0.6363636363636364
6035,6515,배제/Noun,22,8,14,0.00011114816049794375,0.00017770274772873674,0.6363636363636364
6036,6516,어게인/Noun,22,14,8,0.00017783705679671002,0.00011106421733046048,0.6363636363636364
6037,6517,대답/Noun,22,14,8,0.00017783705679671002,0.00011106421733046048,0.6363636363636364
6038,6518,몸짓/Noun,22,14,8,0.00017783705679671002,0.00011106421733046048,0.6363636363636364
6039,6519,카페/Noun,22,14,8,0.00017783705679671002,0.00011106421733046048,0.6363636363636364
6040,6520,스미스/Noun,22,8,14,0.00011114816049794375,0.00017770274772873674,0.6363636363636364
6041,6521,물리/Noun,22,8,14,0.00011114816049794375,0.00017770274772873674,0.6363636363636364
6042,6522,타워/Noun,22,13,9,0.00016672224074691566,0.00012217063906350652,0.5909090909090909
6043,6523,김보성/Noun,22,9,13,0.00012226297654773814,0.0001665963259956907,0.5909090909090909
6044,6524,핀/Noun,22,9,13,0.00012226297654773814,0.0001665963259956907,0.5909090909090909
6045,6525,배고프다/Adjective,22,13,9,0.00016672224074691566,0.00012217063906350652,0.5909090909090909
6046,6526,세븐/Noun,22,9,13,0.00012226297654773814,0.0001665963259956907,0.5909090909090909
6047,6527,프리퀄/Noun,22,13,9,0.00016672224074691566,0.00012217063906350652,0.5909090909090909
6048,6528,맥그리거/Noun,22,13,9,0.00016672224074691566,0.00012217063906350652,0.5909090909090909
6049,6529,리더/Noun,22,13,9,0.00016672224074691566,0.00012217063906350652,0.5909090909090909
6050,6530,이롭다/Adjective,22,13,9,0.00016672224074691566,0.00012217063906350652,0.5909090909090909
6051,6531,지연/Noun,22,13,9,0.00016672224074691566,0.00012217063906350652,0.5909090909090909
6052,6532,성인영화/Noun,22,9,13,0.00012226297654773814,0.0001665963259956907,0.5909090909090909
6053,6533,먹이/Noun,22,9,13,0.00012226297654773814,0.0001665963259956907,0.5909090909090909
6054,6534,1~2/Number,22,9,13,0.00012226297654773814,0.0001665963259956907,0.5909090909090909
6055,6535,관념/Noun,22,9,13,0.00012226297654773814,0.0001665963259956907,0.5909090909090909
6056,6536,총격/Noun,22,13,9,0.00016672224074691566,0.00012217063906350652,0.5909090909090909
6057,6537,데미무어/Noun,22,9,13,0.00012226297654773814,0.0001665963259956907,0.5909090909090909
6058,6538,복귀/Noun,22,9,13,0.00012226297654773814,0.0001665963259956907,0.5909090909090909
6059,6539,재희/Noun,22,9,13,0.00012226297654773814,0.0001665963259956907,0.5909090909090909
6060,6540,윤은혜/Noun,22,9,13,0.00012226297654773814,0.0001665963259956907,0.5909090909090909
6061,6541,건강/Noun,22,13,9,0.00016672224074691566,0.00012217063906350652,0.5909090909090909
6062,6542,후/Foreign,22,9,13,0.00012226297654773814,0.0001665963259956907,0.5909090909090909
6063,6543,비웃다/Verb,22,9,13,0.00012226297654773814,0.0001665963259956907,0.5909090909090909
6064,6544,이즈/Noun,22,12,10,0.00015560742469712126,0.00013327706079655256,0.5454545454545454
6065,6545,애교/Noun,22,12,10,0.00015560742469712126,0.00013327706079655256,0.5454545454545454
6066,6546,비트/Noun,22,12,10,0.00015560742469712126,0.00013327706079655256,0.5454545454545454
6067,6547,껀/Noun,22,10,12,0.0001333777925975325,0.00015548990426264466,0.5454545454545454
6068,6548,박물관/Noun,22,12,10,0.00015560742469712126,0.00013327706079655256,0.5454545454545454
6069,6549,스포츠영화/Noun,22,12,10,0.00015560742469712126,0.00013327706079655256,0.5454545454545454
6070,6550,수녀/Noun,22,12,10,0.00015560742469712126,0.00013327706079655256,0.5454545454545454
6071,6551,개봉일/Noun,22,10,12,0.0001333777925975325,0.00015548990426264466,0.5454545454545454
6072,6552,취권/Noun,22,10,12,0.0001333777925975325,0.00015548990426264466,0.5454545454545454
6073,6553,~~~~~~~~/Punctuation,22,10,12,0.0001333777925975325,0.00015548990426264466,0.5454545454545454
6074,6554,만지다/Verb,22,12,10,0.00015560742469712126,0.00013327706079655256,0.5454545454545454
6075,6555,재탕하다/Adjective,22,12,10,0.00015560742469712126,0.00013327706079655256,0.5454545454545454
6076,6556,나치/Noun,22,10,12,0.0001333777925975325,0.00015548990426264466,0.5454545454545454
6077,6557,m/Alpha,22,10,12,0.0001333777925975325,0.00015548990426264466,0.5454545454545454
6078,6558,이익/Noun,22,12,10,0.00015560742469712126,0.00013327706079655256,0.5454545454545454
6079,6559,불어/Noun,22,12,10,0.00015560742469712126,0.00013327706079655256,0.5454545454545454
6080,6560,솔로/Noun,22,10,12,0.0001333777925975325,0.00015548990426264466,0.5454545454545454
6081,6561,취해/Noun,22,12,10,0.00015560742469712126,0.00013327706079655256,0.5454545454545454
6082,6562,스크림/Noun,22,12,10,0.00015560742469712126,0.00013327706079655256,0.5454545454545454
6083,6563,인디언/Noun,22,12,10,0.00015560742469712126,0.00013327706079655256,0.5454545454545454
6084,6564,책임지다/Verb,22,10,12,0.0001333777925975325,0.00015548990426264466,0.5454545454545454
6085,6565,직하다/Adjective,22,12,10,0.00015560742469712126,0.00013327706079655256,0.5454545454545454
6086,6566,이라는/Foreign,22,12,10,0.00015560742469712126,0.00013327706079655256,0.5454545454545454
6087,6567,훨낫다/Adjective,22,12,10,0.00015560742469712126,0.00013327706079655256,0.5454545454545454
6088,6568,서커스/Noun,22,10,12,0.0001333777925975325,0.00015548990426264466,0.5454545454545454
6089,6569,한적/Noun,22,10,12,0.0001333777925975325,0.00015548990426264466,0.5454545454545454
6090,6570,1초/Number,22,12,10,0.00015560742469712126,0.00013327706079655256,0.5454545454545454
6091,6571,습격/Noun,22,10,12,0.0001333777925975325,0.00015548990426264466,0.5454545454545454
6092,6580,박현지/Noun,21,0,21,2.2229632099588756e-05,0.0002554476998600591,1.0
6093,6581,유머러스하다/Adjective,21,21,0,0.00025564076914527065,2.2212843466092093e-05,1.0
6094,6582,똥망/Noun,21,0,21,2.2229632099588756e-05,0.0002554476998600591,1.0
6095,6583,이수근/Noun,21,0,21,2.2229632099588756e-05,0.0002554476998600591,1.0
6096,6584,재즈/Noun,21,20,1,0.00024452595309547634,3.331926519913814e-05,0.9523809523809524
6097,6585,인내력/Noun,21,1,20,3.334444814938313e-05,0.00024434127812701304,0.9523809523809524
6098,6586,입력/Noun,21,1,20,3.334444814938313e-05,0.00024434127812701304,0.9523809523809524
6099,6587,조장/Noun,21,1,20,3.334444814938313e-05,0.00024434127812701304,0.9523809523809524
6100,6588,봣어/Noun,21,20,1,0.00024452595309547634,3.331926519913814e-05,0.9523809523809524
6101,6589,김현주/Noun,21,20,1,0.00024452595309547634,3.331926519913814e-05,0.9523809523809524
6102,6590,후레쉬맨/Noun,21,1,20,3.334444814938313e-05,0.00024434127812701304,0.9523809523809524
6103,6591,접영/Noun,21,1,20,3.334444814938313e-05,0.00024434127812701304,0.9523809523809524
6104,6592,멎다/Verb,21,20,1,0.00024452595309547634,3.331926519913814e-05,0.9523809523809524
6105,6593,개망작/Noun,21,1,20,3.334444814938313e-05,0.00024434127812701304,0.9523809523809524
6106,6594,긴지/Noun,21,1,20,3.334444814938313e-05,0.00024434127812701304,0.9523809523809524
6107,6595,퇴보/Noun,21,2,19,4.445926419917751e-05,0.000233234856393967,0.9047619047619048
6108,6596,우스꽝스럽다/Adjective,21,2,19,4.445926419917751e-05,0.000233234856393967,0.9047619047619048
6109,6597,귓가/Noun,21,19,2,0.0002334111370456819,4.4425686932184186e-05,0.9047619047619048
6110,6598,협박/Noun,21,2,19,4.445926419917751e-05,0.000233234856393967,0.9047619047619048
6111,6599,과분/Noun,21,2,19,4.445926419917751e-05,0.000233234856393967,0.9047619047619048
6112,6600,훌쩍/Noun,21,19,2,0.0002334111370456819,4.4425686932184186e-05,0.9047619047619048
6113,6601,탱고/Noun,21,19,2,0.0002334111370456819,4.4425686932184186e-05,0.9047619047619048
6114,6602,핑계/Noun,21,2,19,4.445926419917751e-05,0.000233234856393967,0.9047619047619048
6115,6603,개떡같다/Adjective,21,2,19,4.445926419917751e-05,0.000233234856393967,0.9047619047619048
6116,6604,이래도/Josa,21,2,19,4.445926419917751e-05,0.000233234856393967,0.9047619047619048
6117,6605,..-_-/Punctuation,21,3,18,5.5574080248971876e-05,0.00022212843466092096,0.8571428571428571
6118,6606,99년/Number,21,18,3,0.0002222963209958875,5.553210866523024e-05,0.8571428571428571
6119,6607,참패/Noun,21,3,18,5.5574080248971876e-05,0.00022212843466092096,0.8571428571428571
6120,6608,성지순례/Noun,21,3,18,5.5574080248971876e-05,0.00022212843466092096,0.8571428571428571
6121,6609,문채원/Noun,21,18,3,0.0002222963209958875,5.553210866523024e-05,0.8571428571428571
6122,6610,저따위/Noun,21,3,18,5.5574080248971876e-05,0.00022212843466092096,0.8571428571428571
6123,6611,매료/Noun,21,18,3,0.0002222963209958875,5.553210866523024e-05,0.8571428571428571
6124,6612,조국/Noun,21,18,3,0.0002222963209958875,5.553210866523024e-05,0.8571428571428571
6125,6613,장동민/Noun,21,18,3,0.0002222963209958875,5.553210866523024e-05,0.8571428571428571
6126,6614,하모니/Noun,21,18,3,0.0002222963209958875,5.553210866523024e-05,0.8571428571428571
6127,6615,장황하다/Adjective,21,3,18,5.5574080248971876e-05,0.00022212843466092096,0.8571428571428571
6128,6616,진실하다/Adjective,21,18,3,0.0002222963209958875,5.553210866523024e-05,0.8571428571428571
6129,6617,하트/Noun,21,18,3,0.0002222963209958875,5.553210866523024e-05,0.8571428571428571
6130,6618,둔갑/Noun,21,3,18,5.5574080248971876e-05,0.00022212843466092096,0.8571428571428571
6131,6619,꾀/Noun,21,18,3,0.0002222963209958875,5.553210866523024e-05,0.8571428571428571
6132,6620,끼들/Adverb,21,3,18,5.5574080248971876e-05,0.00022212843466092096,0.8571428571428571
6133,6621,으로부터/Josa,21,18,3,0.0002222963209958875,5.553210866523024e-05,0.8571428571428571
6134,6622,강원도/Noun,21,3,18,5.5574080248971876e-05,0.00022212843466092096,0.8571428571428571
6135,6623,한층/Noun,21,18,3,0.0002222963209958875,5.553210866523024e-05,0.8571428571428571
6136,6624,마스터피스/Noun,21,18,3,0.0002222963209958875,5.553210866523024e-05,0.8571428571428571
6137,6625,굵다/Adjective,21,17,4,0.00021118150494609317,6.663853039827628e-05,0.8095238095238095
6138,6626,하다못해/Adverb,21,4,17,6.668889629876625e-05,0.0002110220129278749,0.8095238095238095
6139,6627,방지/Noun,21,4,17,6.668889629876625e-05,0.0002110220129278749,0.8095238095238095
6140,6628,가다가/Noun,21,4,17,6.668889629876625e-05,0.0002110220129278749,0.8095238095238095
6141,6629,범작/Noun,21,4,17,6.668889629876625e-05,0.0002110220129278749,0.8095238095238095
6142,6630,시원시원하다/Adjective,21,17,4,0.00021118150494609317,6.663853039827628e-05,0.8095238095238095
6143,6631,어쩌구/Noun,21,4,17,6.668889629876625e-05,0.0002110220129278749,0.8095238095238095
6144,6632,오오오/Noun,21,17,4,0.00021118150494609317,6.663853039827628e-05,0.8095238095238095
6145,6633,눈살/Noun,21,4,17,6.668889629876625e-05,0.0002110220129278749,0.8095238095238095
6146,6634,미셸/Noun,21,17,4,0.00021118150494609317,6.663853039827628e-05,0.8095238095238095
6147,6635,줄라/Noun,21,4,17,6.668889629876625e-05,0.0002110220129278749,0.8095238095238095
6148,6636,편향/Noun,21,4,17,6.668889629876625e-05,0.0002110220129278749,0.8095238095238095
6149,6637,긴장도/Noun,21,4,17,6.668889629876625e-05,0.0002110220129278749,0.8095238095238095
6150,6638,동떨어지다/Adjective,21,4,17,6.668889629876625e-05,0.0002110220129278749,0.8095238095238095
6151,6639,뚝/Noun,21,5,16,7.780371234856063e-05,0.00019991559119482882,0.7619047619047619
6152,6640,트루/Noun,21,5,16,7.780371234856063e-05,0.00019991559119482882,0.7619047619047619
6153,6641,재림/Noun,21,5,16,7.780371234856063e-05,0.00019991559119482882,0.7619047619047619
6154,6642,레즈/Noun,21,5,16,7.780371234856063e-05,0.00019991559119482882,0.7619047619047619
6155,6643,오죽하다/Adjective,21,5,16,7.780371234856063e-05,0.00019991559119482882,0.7619047619047619
6156,6644,파도/Noun,21,16,5,0.0002000666888962988,7.774495213132233e-05,0.7619047619047619
6157,6645,젖/Noun,21,5,16,7.780371234856063e-05,0.00019991559119482882,0.7619047619047619
6158,6646,결여/Noun,21,5,16,7.780371234856063e-05,0.00019991559119482882,0.7619047619047619
6159,6647,절때/Noun,21,5,16,7.780371234856063e-05,0.00019991559119482882,0.7619047619047619
6160,6648,“/Foreign,21,5,16,7.780371234856063e-05,0.00019991559119482882,0.7619047619047619
6161,6649,콩가루/Noun,21,5,16,7.780371234856063e-05,0.00019991559119482882,0.7619047619047619
6162,6650,쌩뚱맞/Noun,21,5,16,7.780371234856063e-05,0.00019991559119482882,0.7619047619047619
6163,6651,댄서/Noun,21,5,16,7.780371234856063e-05,0.00019991559119482882,0.7619047619047619
6164,6652,느님/Noun,21,16,5,0.0002000666888962988,7.774495213132233e-05,0.7619047619047619
6165,6653,짚다/Verb,21,15,6,0.00018895187284650438,8.885137386436837e-05,0.7142857142857143
6166,6654,인용/Noun,21,6,15,8.891852839835501e-05,0.0001888091694617828,0.7142857142857143
6167,6655,음모론/Noun,21,6,15,8.891852839835501e-05,0.0001888091694617828,0.7142857142857143
6168,6656,!!!!!!!!!!!/Punctuation,21,15,6,0.00018895187284650438,8.885137386436837e-05,0.7142857142857143
6169,6657,재연/Noun,21,6,15,8.891852839835501e-05,0.0001888091694617828,0.7142857142857143
6170,6658,작고/Noun,21,6,15,8.891852839835501e-05,0.0001888091694617828,0.7142857142857143
6171,6659,대서/Noun,21,6,15,8.891852839835501e-05,0.0001888091694617828,0.7142857142857143
6172,6660,걸음/Noun,21,15,6,0.00018895187284650438,8.885137386436837e-05,0.7142857142857143
6173,6661,지향/Noun,21,6,15,8.891852839835501e-05,0.0001888091694617828,0.7142857142857143
6174,6662,보람/Noun,21,15,6,0.00018895187284650438,8.885137386436837e-05,0.7142857142857143
6175,6663,강우석/Noun,21,6,15,8.891852839835501e-05,0.0001888091694617828,0.7142857142857143
6176,6664,일진/Noun,21,6,15,8.891852839835501e-05,0.0001888091694617828,0.7142857142857143
6177,6665,금도/Noun,21,15,6,0.00018895187284650438,8.885137386436837e-05,0.7142857142857143
6178,6666,다짐/Noun,21,15,6,0.00018895187284650438,8.885137386436837e-05,0.7142857142857143
6179,6667,화재/Noun,21,6,15,8.891852839835501e-05,0.0001888091694617828,0.7142857142857143
6180,6668,ㅇㅋ/KoreanParticle,21,6,15,8.891852839835501e-05,0.0001888091694617828,0.7142857142857143
6181,6669,명분/Noun,21,6,15,8.891852839835501e-05,0.0001888091694617828,0.7142857142857143
6182,6670,영애/Noun,21,15,6,0.00018895187284650438,8.885137386436837e-05,0.7142857142857143
6183,6671,무었/Noun,21,15,6,0.00018895187284650438,8.885137386436837e-05,0.7142857142857143
6184,6672,에이미/Noun,21,14,7,0.00017783705679671002,9.995779559741441e-05,0.6666666666666666
6185,6673,악녀/Noun,21,7,14,0.0001000333444481494,0.00017770274772873674,0.6666666666666666
6186,6674,싱어/Noun,21,14,7,0.00017783705679671002,9.995779559741441e-05,0.6666666666666666
6187,6675,수능/Noun,21,14,7,0.00017783705679671002,9.995779559741441e-05,0.6666666666666666
6188,6676,시가/Noun,21,14,7,0.00017783705679671002,9.995779559741441e-05,0.6666666666666666
6189,6677,괴담/Noun,21,7,14,0.0001000333444481494,0.00017770274772873674,0.6666666666666666
6190,6678,일제/Noun,21,7,14,0.0001000333444481494,0.00017770274772873674,0.6666666666666666
6191,6679,****/Punctuation,21,14,7,0.00017783705679671002,9.995779559741441e-05,0.6666666666666666
6192,6680,푸하하하/Noun,21,7,14,0.0001000333444481494,0.00017770274772873674,0.6666666666666666
6193,6681,재수/Noun,21,7,14,0.0001000333444481494,0.00017770274772873674,0.6666666666666666
6194,6682,김민준/Noun,21,7,14,0.0001000333444481494,0.00017770274772873674,0.6666666666666666
6195,6683,둘이서/Noun,21,7,14,0.0001000333444481494,0.00017770274772873674,0.6666666666666666
6196,6684,핸드/Noun,21,7,14,0.0001000333444481494,0.00017770274772873674,0.6666666666666666
6197,6685,제격/Noun,21,14,7,0.00017783705679671002,9.995779559741441e-05,0.6666666666666666
6198,6686,정녕/Noun,21,7,14,0.0001000333444481494,0.00017770274772873674,0.6666666666666666
6199,6687,을해/Noun,21,7,14,0.0001000333444481494,0.00017770274772873674,0.6666666666666666
6200,6688,근대/Noun,21,14,7,0.00017783705679671002,9.995779559741441e-05,0.6666666666666666
6201,6689,쑤다/Verb,21,7,14,0.0001000333444481494,0.00017770274772873674,0.6666666666666666
6202,6690,동경/Noun,21,14,7,0.00017783705679671002,9.995779559741441e-05,0.6666666666666666
6203,6691,사업/Noun,21,7,14,0.0001000333444481494,0.00017770274772873674,0.6666666666666666
6204,6692,베토벤/Noun,21,14,7,0.00017783705679671002,9.995779559741441e-05,0.6666666666666666
6205,6693,런/Noun,21,14,7,0.00017783705679671002,9.995779559741441e-05,0.6666666666666666
6206,6694,넘버/Noun,21,14,7,0.00017783705679671002,9.995779559741441e-05,0.6666666666666666
6207,6695,댓글달다/Verb,21,7,14,0.0001000333444481494,0.00017770274772873674,0.6666666666666666
6208,6696,차기작/Noun,21,14,7,0.00017783705679671002,9.995779559741441e-05,0.6666666666666666
6209,6697,훅/Noun,21,7,14,0.0001000333444481494,0.00017770274772873674,0.6666666666666666
6210,6698,주요/Modifier,21,7,14,0.0001000333444481494,0.00017770274772873674,0.6666666666666666
6211,6699,나래/Noun,21,7,14,0.0001000333444481494,0.00017770274772873674,0.6666666666666666
6212,6700,한결같다/Adjective,21,7,14,0.0001000333444481494,0.00017770274772873674,0.6666666666666666
6213,6701,연평해전/Noun,21,7,14,0.0001000333444481494,0.00017770274772873674,0.6666666666666666
6214,6702,잊어버리다/Verb,21,14,7,0.00017783705679671002,9.995779559741441e-05,0.6666666666666666
6215,6703,어이없이/Adverb,21,7,14,0.0001000333444481494,0.00017770274772873674,0.6666666666666666
6216,6704,쿠엔틴/Noun,21,13,8,0.00016672224074691566,0.00011106421733046048,0.6190476190476191
6217,6705,염정아/Noun,21,13,8,0.00016672224074691566,0.00011106421733046048,0.6190476190476191
6218,6706,오드리/Noun,21,13,8,0.00016672224074691566,0.00011106421733046048,0.6190476190476191
6219,6707,빨르다/Adjective,21,8,13,0.00011114816049794375,0.0001665963259956907,0.6190476190476191
6220,6708,테마/Noun,21,8,13,0.00011114816049794375,0.0001665963259956907,0.6190476190476191
6221,6709,문소리/Noun,21,13,8,0.00016672224074691566,0.00011106421733046048,0.6190476190476191
6222,6710,소녀시대/Noun,21,8,13,0.00011114816049794375,0.0001665963259956907,0.6190476190476191
6223,6711,상도/Noun,21,13,8,0.00016672224074691566,0.00011106421733046048,0.6190476190476191
6224,6712,똥꼬/Noun,21,8,13,0.00011114816049794375,0.0001665963259956907,0.6190476190476191
6225,6713,백프로/Noun,21,8,13,0.00011114816049794375,0.0001665963259956907,0.6190476190476191
6226,6714,................./Punctuation,21,8,13,0.00011114816049794375,0.0001665963259956907,0.6190476190476191
6227,6715,not/Alpha,21,13,8,0.00016672224074691566,0.00011106421733046048,0.6190476190476191
6228,6716,리프/Noun,21,8,13,0.00011114816049794375,0.0001665963259956907,0.6190476190476191
6229,6717,식구/Noun,21,8,13,0.00011114816049794375,0.0001665963259956907,0.6190476190476191
6230,6718,대들다/Verb,21,8,13,0.00011114816049794375,0.0001665963259956907,0.6190476190476191
6231,6719,이제훈/Noun,21,13,8,0.00016672224074691566,0.00011106421733046048,0.6190476190476191
6232,6720,냥/Noun,21,8,13,0.00011114816049794375,0.0001665963259956907,0.6190476190476191
6233,6721,벨루치/Noun,21,8,13,0.00011114816049794375,0.0001665963259956907,0.6190476190476191
6234,6722,호주/Noun,21,8,13,0.00011114816049794375,0.0001665963259956907,0.6190476190476191
6235,6723,여군/Noun,21,8,13,0.00011114816049794375,0.0001665963259956907,0.6190476190476191
6236,6724,눈앞/Noun,21,13,8,0.00016672224074691566,0.00011106421733046048,0.6190476190476191
6237,6725,교도소/Noun,21,8,13,0.00011114816049794375,0.0001665963259956907,0.6190476190476191
6238,6726,힘없다/Adjective,21,12,9,0.00015560742469712126,0.00012217063906350652,0.5714285714285714
6239,6727,거구/Noun,21,12,9,0.00015560742469712126,0.00012217063906350652,0.5714285714285714
6240,6728,삼박자/Noun,21,12,9,0.00015560742469712126,0.00012217063906350652,0.5714285714285714
6241,6729,러시/Noun,21,12,9,0.00015560742469712126,0.00012217063906350652,0.5714285714285714
6242,6730,마모루/Noun,21,9,12,0.00012226297654773814,0.00015548990426264466,0.5714285714285714
6243,6731,박스오피스/Noun,21,9,12,0.00012226297654773814,0.00015548990426264466,0.5714285714285714
6244,6732,찍기/Noun,21,9,12,0.00012226297654773814,0.00015548990426264466,0.5714285714285714
6245,6733,마스터/Noun,21,12,9,0.00015560742469712126,0.00012217063906350652,0.5714285714285714
6246,6734,백/Suffix,21,12,9,0.00015560742469712126,0.00012217063906350652,0.5714285714285714
6247,6735,만이라도/Josa,21,12,9,0.00015560742469712126,0.00012217063906350652,0.5714285714285714
6248,6736,범벅/Noun,21,12,9,0.00015560742469712126,0.00012217063906350652,0.5714285714285714
6249,6737,룰/Noun,21,9,12,0.00012226297654773814,0.00015548990426264466,0.5714285714285714
6250,6738,발칙하다/Adjective,21,12,9,0.00015560742469712126,0.00012217063906350652,0.5714285714285714
6251,6739,억/Noun,21,9,12,0.00012226297654773814,0.00015548990426264466,0.5714285714285714
6252,6740,깜짝깜짝/Adverb,21,9,12,0.00012226297654773814,0.00015548990426264466,0.5714285714285714
6253,6741,카메오/Noun,21,9,12,0.00012226297654773814,0.00015548990426264466,0.5714285714285714
6254,6742,매체/Noun,21,12,9,0.00015560742469712126,0.00012217063906350652,0.5714285714285714
6255,6743,시퀀스/Noun,21,12,9,0.00015560742469712126,0.00012217063906350652,0.5714285714285714
6256,6744,스케/Noun,21,12,9,0.00015560742469712126,0.00012217063906350652,0.5714285714285714
6257,6745,쌍벽/Noun,21,9,12,0.00012226297654773814,0.00015548990426264466,0.5714285714285714
6258,6746,바비/Noun,21,12,9,0.00015560742469712126,0.00012217063906350652,0.5714285714285714
6259,6747,뭉치다/Verb,21,9,12,0.00012226297654773814,0.00015548990426264466,0.5714285714285714
6260,6748,오씨/Noun,21,9,12,0.00012226297654773814,0.00015548990426264466,0.5714285714285714
6261,6749,BGM/Alpha,21,12,9,0.00015560742469712126,0.00012217063906350652,0.5714285714285714
6262,6750,히틀러/Noun,21,12,9,0.00015560742469712126,0.00012217063906350652,0.5714285714285714
6263,6751,패배/Noun,21,12,9,0.00015560742469712126,0.00012217063906350652,0.5714285714285714
6264,6752,각심/Noun,21,12,9,0.00015560742469712126,0.00012217063906350652,0.5714285714285714
6265,6753,친척/Noun,21,9,12,0.00012226297654773814,0.00015548990426264466,0.5714285714285714
6266,6754,2분/Number,21,9,12,0.00012226297654773814,0.00015548990426264466,0.5714285714285714
6267,6755,유대인/Noun,21,12,9,0.00015560742469712126,0.00012217063906350652,0.5714285714285714
6268,6756,남상미/Noun,21,9,12,0.00012226297654773814,0.00015548990426264466,0.5714285714285714
6269,6757,모자이크/Noun,21,9,12,0.00012226297654773814,0.00015548990426264466,0.5714285714285714
6270,6758,메카/Noun,21,11,10,0.0001444926086473269,0.00013327706079655256,0.5238095238095238
6271,6759,조안/Noun,21,11,10,0.0001444926086473269,0.00013327706079655256,0.5238095238095238
6272,6760,정준호/Noun,21,10,11,0.0001333777925975325,0.0001443834825295986,0.5238095238095238
6273,6761,퍼센트/Noun,21,11,10,0.0001444926086473269,0.00013327706079655256,0.5238095238095238
6274,6762,워쇼스키/Noun,21,11,10,0.0001444926086473269,0.00013327706079655256,0.5238095238095238
6275,6763,전두환/Noun,21,10,11,0.0001333777925975325,0.0001443834825295986,0.5238095238095238
6276,6764,따라잡다/Verb,21,10,11,0.0001333777925975325,0.0001443834825295986,0.5238095238095238
6277,6765,타임머신/Noun,21,11,10,0.0001444926086473269,0.00013327706079655256,0.5238095238095238
6278,6766,그레이/Noun,21,11,10,0.0001444926086473269,0.00013327706079655256,0.5238095238095238
6279,6767,루시/Noun,21,10,11,0.0001333777925975325,0.0001443834825295986,0.5238095238095238
6280,6768,안내/Noun,21,10,11,0.0001333777925975325,0.0001443834825295986,0.5238095238095238
6281,6769,정치인/Noun,21,11,10,0.0001444926086473269,0.00013327706079655256,0.5238095238095238
6282,6770,욱/Noun,21,10,11,0.0001333777925975325,0.0001443834825295986,0.5238095238095238
6283,6771,중점/Noun,21,10,11,0.0001333777925975325,0.0001443834825295986,0.5238095238095238
6284,6772,그다음/Noun,21,11,10,0.0001444926086473269,0.00013327706079655256,0.5238095238095238
6285,6773,배틀/Noun,21,11,10,0.0001444926086473269,0.00013327706079655256,0.5238095238095238
6286,6774,팍/Noun,21,11,10,0.0001444926086473269,0.00013327706079655256,0.5238095238095238
6287,6775,...)/Punctuation,21,11,10,0.0001444926086473269,0.00013327706079655256,0.5238095238095238
6288,6776,연발/Noun,21,11,10,0.0001444926086473269,0.00013327706079655256,0.5238095238095238
6289,6777,기업/Noun,21,11,10,0.0001444926086473269,0.00013327706079655256,0.5238095238095238
6290,6778,으로서의/Josa,21,11,10,0.0001444926086473269,0.00013327706079655256,0.5238095238095238
6291,6779,극영화/Noun,21,10,11,0.0001333777925975325,0.0001443834825295986,0.5238095238095238
6292,6780,강남/Noun,21,10,11,0.0001333777925975325,0.0001443834825295986,0.5238095238095238
6293,6781,뮤지컬영화/Noun,21,11,10,0.0001444926086473269,0.00013327706079655256,0.5238095238095238
6294,6782,아파트/Noun,21,10,11,0.0001333777925975325,0.0001443834825295986,0.5238095238095238
6295,6783,..)/Punctuation,21,11,10,0.0001444926086473269,0.00013327706079655256,0.5238095238095238
6296,6784,로부터/Noun,21,10,11,0.0001333777925975325,0.0001443834825295986,0.5238095238095238
6297,6785,팩트/Noun,21,11,10,0.0001444926086473269,0.00013327706079655256,0.5238095238095238
6298,6786,우승/Noun,21,10,11,0.0001333777925975325,0.0001443834825295986,0.5238095238095238
6299,6787,낭패/Noun,20,0,20,2.2229632099588756e-05,0.00024434127812701304,1.0
6300,6788,낚시질/Noun,20,0,20,2.2229632099588756e-05,0.00024434127812701304,1.0
6301,6789,GOOD/Alpha,20,19,1,0.0002334111370456819,3.331926519913814e-05,0.95
6302,6790,맛없다/Adjective,20,1,19,3.334444814938313e-05,0.000233234856393967,0.95
6303,6791,자연스레/Adverb,20,19,1,0.0002334111370456819,3.331926519913814e-05,0.95
6304,6792,^^~/Punctuation,20,19,1,0.0002334111370456819,3.331926519913814e-05,0.95
6305,6793,우기다/Verb,20,1,19,3.334444814938313e-05,0.000233234856393967,0.95
6306,6794,어따/Exclamation,20,1,19,3.334444814938313e-05,0.000233234856393967,0.95
6307,6795,잔치/Noun,20,1,19,3.334444814938313e-05,0.000233234856393967,0.95
6308,6796,무미건조하다/Adjective,20,1,19,3.334444814938313e-05,0.000233234856393967,0.95
6309,6797,꽉차다/Verb,20,18,2,0.0002222963209958875,4.4425686932184186e-05,0.9
6310,6798,기한/Noun,20,2,18,4.445926419917751e-05,0.00022212843466092096,0.9
6311,6799,뷁/Noun,20,2,18,4.445926419917751e-05,0.00022212843466092096,0.9
6312,6800,보다/Foreign,20,2,18,4.445926419917751e-05,0.00022212843466092096,0.9
6313,6801,노소/Noun,20,18,2,0.0002222963209958875,4.4425686932184186e-05,0.9
6314,6802,한구석/Noun,20,18,2,0.0002222963209958875,4.4425686932184186e-05,0.9
6315,6803,유년/Noun,20,18,2,0.0002222963209958875,4.4425686932184186e-05,0.9
6316,6804,mc/Alpha,20,2,18,4.445926419917751e-05,0.00022212843466092096,0.9
6317,6805,양키/Noun,20,2,18,4.445926419917751e-05,0.00022212843466092096,0.9
6318,6806,미워하다/Adjective,20,17,3,0.00021118150494609317,5.553210866523024e-05,0.85
6319,6807,고추/Noun,20,3,17,5.5574080248971876e-05,0.0002110220129278749,0.85
6320,6808,박진영/Noun,20,3,17,5.5574080248971876e-05,0.0002110220129278749,0.85
6321,6809,>_</Punctuation,20,17,3,0.00021118150494609317,5.553210866523024e-05,0.85
6322,6810,자국/Noun,20,3,17,5.5574080248971876e-05,0.0002110220129278749,0.85
6323,6811,쫄깃/Noun,20,17,3,0.00021118150494609317,5.553210866523024e-05,0.85
6324,6812,테일러/Noun,20,17,3,0.00021118150494609317,5.553210866523024e-05,0.85
6325,6813,명백하다/Adjective,20,3,17,5.5574080248971876e-05,0.0002110220129278749,0.85
6326,6814,드릅/Noun,20,3,17,5.5574080248971876e-05,0.0002110220129278749,0.85
6327,6815,탈락/Noun,20,3,17,5.5574080248971876e-05,0.0002110220129278749,0.85
6328,6816,나위/Noun,20,17,3,0.00021118150494609317,5.553210866523024e-05,0.85
6329,6817,삼천포/Noun,20,3,17,5.5574080248971876e-05,0.0002110220129278749,0.85
6330,6818,섹/Noun,20,3,17,5.5574080248971876e-05,0.0002110220129278749,0.85
6331,6819,...;/Punctuation,20,3,17,5.5574080248971876e-05,0.0002110220129278749,0.85
6332,6820,떨구다/Verb,20,3,17,5.5574080248971876e-05,0.0002110220129278749,0.85
6333,6821,마더/Noun,20,17,3,0.00021118150494609317,5.553210866523024e-05,0.85
6334,6822,It/Alpha,20,17,3,0.00021118150494609317,5.553210866523024e-05,0.85
6335,6823,생동감/Noun,20,16,4,0.0002000666888962988,6.663853039827628e-05,0.8
6336,6824,CF/Alpha,20,4,16,6.668889629876625e-05,0.00019991559119482882,0.8
6337,6825,더러/Noun,20,4,16,6.668889629876625e-05,0.00019991559119482882,0.8
6338,6826,친일파/Noun,20,4,16,6.668889629876625e-05,0.00019991559119482882,0.8
6339,6827,쫓기다/Verb,20,4,16,6.668889629876625e-05,0.00019991559119482882,0.8
6340,6828,부진하다/Adjective,20,4,16,6.668889629876625e-05,0.00019991559119482882,0.8
6341,6829,교묘하다/Adjective,20,4,16,6.668889629876625e-05,0.00019991559119482882,0.8
6342,6830,우물/Noun,20,4,16,6.668889629876625e-05,0.00019991559119482882,0.8
6343,6831,읍니/Noun,20,16,4,0.0002000666888962988,6.663853039827628e-05,0.8
6344,6832,허비하다/Adjective,20,4,16,6.668889629876625e-05,0.00019991559119482882,0.8
6345,6833,수식어/Noun,20,16,4,0.0002000666888962988,6.663853039827628e-05,0.8
6346,6834,기름/Noun,20,4,16,6.668889629876625e-05,0.00019991559119482882,0.8
6347,6835,박용우/Noun,20,16,4,0.0002000666888962988,6.663853039827628e-05,0.8
6348,6836,나하/Noun,20,4,16,6.668889629876625e-05,0.00019991559119482882,0.8
6349,6837,람사/Noun,20,16,4,0.0002000666888962988,6.663853039827628e-05,0.8
6350,6838,앞두다/Verb,20,16,4,0.0002000666888962988,6.663853039827628e-05,0.8
6351,6839,서글프다/Adjective,20,16,4,0.0002000666888962988,6.663853039827628e-05,0.8
6352,6840,학적/Noun,20,4,16,6.668889629876625e-05,0.00019991559119482882,0.8
6353,6841,월요일/Noun,20,16,4,0.0002000666888962988,6.663853039827628e-05,0.8
6354,6842,프랭크/Noun,20,16,4,0.0002000666888962988,6.663853039827628e-05,0.8
6355,6843,총기/Noun,20,15,5,0.00018895187284650438,7.774495213132233e-05,0.75
6356,6844,시계/Noun,20,5,15,7.780371234856063e-05,0.0001888091694617828,0.75
6357,6845,소리내다/Verb,20,15,5,0.00018895187284650438,7.774495213132233e-05,0.75
6358,6846,머리카락/Noun,20,5,15,7.780371234856063e-05,0.0001888091694617828,0.75
6359,6847,가르침/Noun,20,15,5,0.00018895187284650438,7.774495213132233e-05,0.75
6360,6848,짜장면/Noun,20,5,15,7.780371234856063e-05,0.0001888091694617828,0.75
6361,6849,여사/Noun,20,15,5,0.00018895187284650438,7.774495213132233e-05,0.75
6362,6850,합작/Noun,20,5,15,7.780371234856063e-05,0.0001888091694617828,0.75
6363,6851,무심코/Noun,20,15,5,0.00018895187284650438,7.774495213132233e-05,0.75
6364,6852,전무후무/Noun,20,15,5,0.00018895187284650438,7.774495213132233e-05,0.75
6365,6853,시달리다/Verb,20,5,15,7.780371234856063e-05,0.0001888091694617828,0.75
6366,6854,관해/Noun,20,15,5,0.00018895187284650438,7.774495213132233e-05,0.75
6367,6855,ever/Alpha,20,15,5,0.00018895187284650438,7.774495213132233e-05,0.75
6368,6856,얄밉다/Adjective,20,15,5,0.00018895187284650438,7.774495213132233e-05,0.75
6369,6857,오만하다/Adjective,20,5,15,7.780371234856063e-05,0.0001888091694617828,0.75
6370,6858,노릇/Noun,20,5,15,7.780371234856063e-05,0.0001888091694617828,0.75
6371,6859,경상도/Noun,20,5,15,7.780371234856063e-05,0.0001888091694617828,0.75
6372,6860,학대/Noun,20,5,15,7.780371234856063e-05,0.0001888091694617828,0.75
6373,6861,.~/Punctuation,20,15,5,0.00018895187284650438,7.774495213132233e-05,0.75
6374,6862,연예/Noun,20,5,15,7.780371234856063e-05,0.0001888091694617828,0.75
6375,6863,세금/Noun,20,5,15,7.780371234856063e-05,0.0001888091694617828,0.75
6376,6864,순정만화/Noun,20,5,15,7.780371234856063e-05,0.0001888091694617828,0.75
6377,6865,이로/Noun,20,14,6,0.00017783705679671002,8.885137386436837e-05,0.7
6378,6866,몰려오다/Verb,20,6,14,8.891852839835501e-05,0.00017770274772873674,0.7
6379,6867,벨라/Noun,20,6,14,8.891852839835501e-05,0.00017770274772873674,0.7
6380,6868,번하다/Adjective,20,6,14,8.891852839835501e-05,0.00017770274772873674,0.7
6381,6869,폰부스/Noun,20,6,14,8.891852839835501e-05,0.00017770274772873674,0.7
6382,6870,유희/Noun,20,14,6,0.00017783705679671002,8.885137386436837e-05,0.7
6383,6871,잡스/Noun,20,6,14,8.891852839835501e-05,0.00017770274772873674,0.7
6384,6872,쿵푸/Noun,20,6,14,8.891852839835501e-05,0.00017770274772873674,0.7
6385,6873,사토시/Noun,20,14,6,0.00017783705679671002,8.885137386436837e-05,0.7
6386,6874,무성영화/Noun,20,14,6,0.00017783705679671002,8.885137386436837e-05,0.7
6387,6875,인데/Foreign,20,6,14,8.891852839835501e-05,0.00017770274772873674,0.7
6388,6876,안에/Foreign,20,6,14,8.891852839835501e-05,0.00017770274772873674,0.7
6389,6877,리플/Noun,20,6,14,8.891852839835501e-05,0.00017770274772873674,0.7
6390,6878,신비하다/Adjective,20,14,6,0.00017783705679671002,8.885137386436837e-05,0.7
6391,6879,켈리/Noun,20,14,6,0.00017783705679671002,8.885137386436837e-05,0.7
6392,6880,페미니즘/Noun,20,6,14,8.891852839835501e-05,0.00017770274772873674,0.7
6393,6881,몰아치다/Verb,20,14,6,0.00017783705679671002,8.885137386436837e-05,0.7
6394,6882,티라노/Noun,20,6,14,8.891852839835501e-05,0.00017770274772873674,0.7
6395,6883,다섯손가락/Noun,20,14,6,0.00017783705679671002,8.885137386436837e-05,0.7
6396,6884,SM/Alpha,20,6,14,8.891852839835501e-05,0.00017770274772873674,0.7
6397,6885,서툴다/Adjective,20,14,6,0.00017783705679671002,8.885137386436837e-05,0.7
6398,6886,불멸/Noun,20,14,6,0.00017783705679671002,8.885137386436837e-05,0.7
6399,6887,은애/Noun,20,6,14,8.891852839835501e-05,0.00017770274772873674,0.7
6400,6888,허각/Noun,20,14,6,0.00017783705679671002,8.885137386436837e-05,0.7
6401,6889,원망/Noun,20,6,14,8.891852839835501e-05,0.00017770274772873674,0.7
6402,6890,송새벽/Noun,20,6,14,8.891852839835501e-05,0.00017770274772873674,0.7
6403,6891,울부짖다/Verb,20,14,6,0.00017783705679671002,8.885137386436837e-05,0.7
6404,6892,꽁/Adverb,20,6,14,8.891852839835501e-05,0.00017770274772873674,0.7
6405,6893,한치/Noun,20,6,14,8.891852839835501e-05,0.00017770274772873674,0.7
6406,6894,즈음/Noun,20,14,6,0.00017783705679671002,8.885137386436837e-05,0.7
6407,6895,pd/Alpha,20,6,14,8.891852839835501e-05,0.00017770274772873674,0.7
6408,6896,마돈나/Noun,20,6,14,8.891852839835501e-05,0.00017770274772873674,0.7
6409,6897,스티/Noun,20,7,13,0.0001000333444481494,0.0001665963259956907,0.65
6410,6898,김주혁/Noun,20,13,7,0.00016672224074691566,9.995779559741441e-05,0.65
6411,6899,고함/Noun,20,7,13,0.0001000333444481494,0.0001665963259956907,0.65
6412,6900,밸런스/Noun,20,7,13,0.0001000333444481494,0.0001665963259956907,0.65
6413,6901,판도/Noun,20,13,7,0.00016672224074691566,9.995779559741441e-05,0.65
6414,6902,연대기/Noun,20,13,7,0.00016672224074691566,9.995779559741441e-05,0.65
6415,6903,신들/Noun,20,7,13,0.0001000333444481494,0.0001665963259956907,0.65
6416,6904,소라/Noun,20,7,13,0.0001000333444481494,0.0001665963259956907,0.65
6417,6905,어스/Noun,20,13,7,0.00016672224074691566,9.995779559741441e-05,0.65
6418,6906,모범/Noun,20,13,7,0.00016672224074691566,9.995779559741441e-05,0.65
6419,6907,부각시키다/Verb,20,7,13,0.0001000333444481494,0.0001665963259956907,0.65
6420,6908,다우니/Noun,20,13,7,0.00016672224074691566,9.995779559741441e-05,0.65
6421,6909,탐험/Noun,20,7,13,0.0001000333444481494,0.0001665963259956907,0.65
6422,6910,대다수/Noun,20,7,13,0.0001000333444481494,0.0001665963259956907,0.65
6423,6911,이크/Noun,20,7,13,0.0001000333444481494,0.0001665963259956907,0.65
6424,6912,대중성/Noun,20,7,13,0.0001000333444481494,0.0001665963259956907,0.65
6425,6913,부천/Noun,20,13,7,0.00016672224074691566,9.995779559741441e-05,0.65
6426,6914,13일/Number,20,7,13,0.0001000333444481494,0.0001665963259956907,0.65
6427,6915,김창완/Noun,20,7,13,0.0001000333444481494,0.0001665963259956907,0.65
6428,6916,미지/Noun,20,13,7,0.00016672224074691566,9.995779559741441e-05,0.65
6429,6917,탐정/Noun,20,7,13,0.0001000333444481494,0.0001665963259956907,0.65
6430,6918,아이템/Noun,20,7,13,0.0001000333444481494,0.0001665963259956907,0.65
6431,6919,존트라볼타/Noun,20,13,7,0.00016672224074691566,9.995779559741441e-05,0.65
6432,6920,류승완/Noun,20,8,12,0.00011114816049794375,0.00015548990426264466,0.6
6433,6921,甲/Foreign,20,12,8,0.00015560742469712126,0.00011106421733046048,0.6
6434,6922,사람인/Noun,20,8,12,0.00011114816049794375,0.00015548990426264466,0.6
6435,6923,헤매다/Verb,20,8,12,0.00011114816049794375,0.00015548990426264466,0.6
6436,6924,주문/Noun,20,8,12,0.00011114816049794375,0.00015548990426264466,0.6
6437,6925,스웨덴/Noun,20,12,8,0.00015560742469712126,0.00011106421733046048,0.6
6438,6926,겄/Noun,20,8,12,0.00011114816049794375,0.00015548990426264466,0.6
6439,6927,존쿠삭/Noun,20,12,8,0.00015560742469712126,0.00011106421733046048,0.6
6440,6928,top/Alpha,20,12,8,0.00015560742469712126,0.00011106421733046048,0.6
6441,6929,고난/Noun,20,12,8,0.00015560742469712126,0.00011106421733046048,0.6
6442,6930,숫자/Noun,20,12,8,0.00015560742469712126,0.00011106421733046048,0.6
6443,6931,원스/Noun,20,12,8,0.00015560742469712126,0.00011106421733046048,0.6
6444,6932,록/Noun,20,12,8,0.00015560742469712126,0.00011106421733046048,0.6
6445,6933,비둘기/Noun,20,8,12,0.00011114816049794375,0.00015548990426264466,0.6
6446,6934,김옥빈/Noun,20,12,8,0.00015560742469712126,0.00011106421733046048,0.6
6447,6935,리처드/Noun,20,12,8,0.00015560742469712126,0.00011106421733046048,0.6
6448,6936,천년/Noun,20,12,8,0.00015560742469712126,0.00011106421733046048,0.6
6449,6937,김청기/Noun,20,8,12,0.00011114816049794375,0.00015548990426264466,0.6
6450,6938,아씨/Noun,20,8,12,0.00011114816049794375,0.00015548990426264466,0.6
6451,6939,고본/Noun,20,8,12,0.00011114816049794375,0.00015548990426264466,0.6
6452,6940,강예원/Noun,20,8,12,0.00011114816049794375,0.00015548990426264466,0.6
6453,6941,개운하다/Adjective,20,8,12,0.00011114816049794375,0.00015548990426264466,0.6
6454,6942,구속/Noun,20,8,12,0.00011114816049794375,0.00015548990426264466,0.6
6455,6943,네요/Eomi,20,12,8,0.00015560742469712126,0.00011106421733046048,0.6
6456,6944,up/Alpha,20,12,8,0.00015560742469712126,0.00011106421733046048,0.6
6457,6945,위협/Noun,20,8,12,0.00011114816049794375,0.00015548990426264466,0.6
6458,6946,담당/Noun,20,8,12,0.00011114816049794375,0.00015548990426264466,0.6
6459,6947,전체관람가/Noun,20,8,12,0.00011114816049794375,0.00015548990426264466,0.6
6460,6948,익숙해지다/Verb,20,12,8,0.00015560742469712126,0.00011106421733046048,0.6
6461,6949,똘끼/Noun,20,9,11,0.00012226297654773814,0.0001443834825295986,0.55
6462,6950,고스트/Noun,20,9,11,0.00012226297654773814,0.0001443834825295986,0.55
6463,6951,살수/Noun,20,11,9,0.0001444926086473269,0.00012217063906350652,0.55
6464,6952,유코/Noun,20,11,9,0.0001444926086473269,0.00012217063906350652,0.55
6465,6953,낄낄/Noun,20,9,11,0.00012226297654773814,0.0001443834825295986,0.55
6466,6954,뮤비/Noun,20,9,11,0.00012226297654773814,0.0001443834825295986,0.55
6467,6955,장수/Noun,20,11,9,0.0001444926086473269,0.00012217063906350652,0.55
6468,6956,조진웅/Noun,20,11,9,0.0001444926086473269,0.00012217063906350652,0.55
6469,6957,1만/Number,20,11,9,0.0001444926086473269,0.00012217063906350652,0.55
6470,6958,라서/Noun,20,9,11,0.00012226297654773814,0.0001443834825295986,0.55
6471,6959,반항/Noun,20,9,11,0.00012226297654773814,0.0001443834825295986,0.55
6472,6960,강도/Noun,20,9,11,0.00012226297654773814,0.0001443834825295986,0.55
6473,6961,최종/Noun,20,9,11,0.00012226297654773814,0.0001443834825295986,0.55
6474,6962,낮아지다/Verb,20,11,9,0.0001444926086473269,0.00012217063906350652,0.55
6475,6963,생전/Noun,20,11,9,0.0001444926086473269,0.00012217063906350652,0.55
6476,6964,폴라/Noun,20,9,11,0.00012226297654773814,0.0001443834825295986,0.55
6477,6965,다양성/Noun,20,11,9,0.0001444926086473269,0.00012217063906350652,0.55
6478,6966,그중/Adverb,20,9,11,0.00012226297654773814,0.0001443834825295986,0.55
6479,6967,경고/Noun,20,11,9,0.0001444926086473269,0.00012217063906350652,0.55
6480,6968,믿어지다/Verb,20,11,9,0.0001444926086473269,0.00012217063906350652,0.55
6481,6969,오정세/Noun,20,11,9,0.0001444926086473269,0.00012217063906350652,0.55
6482,6970,다코타/Noun,20,11,9,0.0001444926086473269,0.00012217063906350652,0.55
6483,6971,비평/Noun,20,11,9,0.0001444926086473269,0.00012217063906350652,0.55
6484,6972,불행/Noun,20,11,9,0.0001444926086473269,0.00012217063906350652,0.55
6485,6973,플러스/Noun,20,9,11,0.00012226297654773814,0.0001443834825295986,0.55
6486,6974,은유/Noun,20,11,9,0.0001444926086473269,0.00012217063906350652,0.55
6487,6975,레벨/Noun,20,11,9,0.0001444926086473269,0.00012217063906350652,0.55
6488,6976,맥주/Noun,20,9,11,0.00012226297654773814,0.0001443834825295986,0.55
6489,6977,슌/Noun,20,11,9,0.0001444926086473269,0.00012217063906350652,0.55
6490,6978,괴수영화/Noun,20,11,9,0.0001444926086473269,0.00012217063906350652,0.55
6491,6979,수학/Noun,20,11,9,0.0001444926086473269,0.00012217063906350652,0.55
6492,6980,지방/Noun,20,11,9,0.0001444926086473269,0.00012217063906350652,0.55
6493,6981,느/Noun,20,11,9,0.0001444926086473269,0.00012217063906350652,0.55
6494,6982,비치다/Verb,20,9,11,0.00012226297654773814,0.0001443834825295986,0.55
6495,6983,일치/Noun,20,11,9,0.0001444926086473269,0.00012217063906350652,0.55
6496,6998,영점/Noun,19,0,19,2.2229632099588756e-05,0.000233234856393967,1.0
6497,6999,해롭다/Adjective,19,0,19,2.2229632099588756e-05,0.000233234856393967,1.0
6498,7000,맘에듬/Noun,19,19,0,0.0002334111370456819,2.2212843466092093e-05,1.0
6499,7001,쒸레기/Noun,19,0,19,2.2229632099588756e-05,0.000233234856393967,1.0
6500,7002,빼어나다/Adjective,19,18,1,0.0002222963209958875,3.331926519913814e-05,0.9473684210526316
6501,7003,발정/Noun,19,1,18,3.334444814938313e-05,0.00022212843466092096,0.9473684210526316
6502,7004,~~~^^/Punctuation,19,18,1,0.0002222963209958875,3.331926519913814e-05,0.9473684210526316
6503,7005,ㅆㄹㄱ/KoreanParticle,19,1,18,3.334444814938313e-05,0.00022212843466092096,0.9473684210526316
6504,7006,빈약/Noun,19,1,18,3.334444814938313e-05,0.00022212843466092096,0.9473684210526316
6505,7007,상쾌/Noun,19,18,1,0.0002222963209958875,3.331926519913814e-05,0.9473684210526316
6506,7008,짜증스럽다/Adjective,19,1,18,3.334444814938313e-05,0.00022212843466092096,0.9473684210526316
6507,7009,냉혹하다/Adjective,19,18,1,0.0002222963209958875,3.331926519913814e-05,0.9473684210526316
6508,7010,짜깁다/Verb,19,1,18,3.334444814938313e-05,0.00022212843466092096,0.9473684210526316
6509,7011,Ost/Alpha,19,18,1,0.0002222963209958875,3.331926519913814e-05,0.9473684210526316
6510,7012,재밌엇음/Noun,19,18,1,0.0002222963209958875,3.331926519913814e-05,0.9473684210526316
6511,7013,진전/Noun,19,1,18,3.334444814938313e-05,0.00022212843466092096,0.9473684210526316
6512,7014,발성/Noun,19,1,18,3.334444814938313e-05,0.00022212843466092096,0.9473684210526316
6513,7015,우웩/Noun,19,1,18,3.334444814938313e-05,0.00022212843466092096,0.9473684210526316
6514,7016,남다르다/Adjective,19,17,2,0.00021118150494609317,4.4425686932184186e-05,0.8947368421052632
6515,7017,최상/Noun,19,17,2,0.00021118150494609317,4.4425686932184186e-05,0.8947368421052632
6516,7018,80%/Number,19,2,17,4.445926419917751e-05,0.0002110220129278749,0.8947368421052632
6517,7019,9~10/Number,19,2,17,4.445926419917751e-05,0.0002110220129278749,0.8947368421052632
6518,7020,완소/Noun,19,17,2,0.00021118150494609317,4.4425686932184186e-05,0.8947368421052632
6519,7021,다인/Noun,19,2,17,4.445926419917751e-05,0.0002110220129278749,0.8947368421052632
6520,7022,생뚱맞/Noun,19,2,17,4.445926419917751e-05,0.0002110220129278749,0.8947368421052632
6521,7023,이글/Noun,19,2,17,4.445926419917751e-05,0.0002110220129278749,0.8947368421052632
6522,7024,툭툭/Noun,19,3,16,5.5574080248971876e-05,0.00019991559119482882,0.8421052631578947
6523,7025,실천/Noun,19,16,3,0.0002000666888962988,5.553210866523024e-05,0.8421052631578947
6524,7026,관우/Noun,19,3,16,5.5574080248971876e-05,0.00019991559119482882,0.8421052631578947
6525,7027,망정/Noun,19,3,16,5.5574080248971876e-05,0.00019991559119482882,0.8421052631578947
6526,7028,고질/Noun,19,3,16,5.5574080248971876e-05,0.00019991559119482882,0.8421052631578947
6527,7029,김혜선/Noun,19,3,16,5.5574080248971876e-05,0.00019991559119482882,0.8421052631578947
6528,7030,때로는/Noun,19,16,3,0.0002000666888962988,5.553210866523024e-05,0.8421052631578947
6529,7031,안중근/Noun,19,3,16,5.5574080248971876e-05,0.00019991559119482882,0.8421052631578947
6530,7032,호연/Noun,19,16,3,0.0002000666888962988,5.553210866523024e-05,0.8421052631578947
6531,7033,박시후/Noun,19,16,3,0.0002000666888962988,5.553210866523024e-05,0.8421052631578947
6532,7034,이쯤/Noun,19,3,16,5.5574080248971876e-05,0.00019991559119482882,0.8421052631578947
6533,7035,천천히/Adverb,19,16,3,0.0002000666888962988,5.553210866523024e-05,0.8421052631578947
6534,7036,애비/Noun,19,3,16,5.5574080248971876e-05,0.00019991559119482882,0.8421052631578947
6535,7037,알아듣다/Verb,19,3,16,5.5574080248971876e-05,0.00019991559119482882,0.8421052631578947
6536,7038,멜로디/Noun,19,15,4,0.00018895187284650438,6.663853039827628e-05,0.7894736842105263
6537,7039,지게/Noun,19,15,4,0.00018895187284650438,6.663853039827628e-05,0.7894736842105263
6538,7040,오래간만/Adverb,19,15,4,0.00018895187284650438,6.663853039827628e-05,0.7894736842105263
6539,7041,맴도/Noun,19,15,4,0.00018895187284650438,6.663853039827628e-05,0.7894736842105263
6540,7042,소스/Noun,19,4,15,6.668889629876625e-05,0.0001888091694617828,0.7894736842105263
6541,7043,................/Punctuation,19,4,15,6.668889629876625e-05,0.0001888091694617828,0.7894736842105263
6542,7044,수영/Noun,19,15,4,0.00018895187284650438,6.663853039827628e-05,0.7894736842105263
6543,7045,짝짝/Noun,19,15,4,0.00018895187284650438,6.663853039827628e-05,0.7894736842105263
6544,7046,”/Foreign,19,4,15,6.668889629876625e-05,0.0001888091694617828,0.7894736842105263
6545,7047,창의/Noun,19,15,4,0.00018895187284650438,6.663853039827628e-05,0.7894736842105263
6546,7048,액션연기/Noun,19,15,4,0.00018895187284650438,6.663853039827628e-05,0.7894736842105263
6547,7049,천/Noun,19,14,5,0.00017783705679671002,7.774495213132233e-05,0.7368421052631579
6548,7050,도의/Noun,19,14,5,0.00017783705679671002,7.774495213132233e-05,0.7368421052631579
6549,7051,추모/Noun,19,14,5,0.00017783705679671002,7.774495213132233e-05,0.7368421052631579
6550,7052,육/Modifier,19,5,14,7.780371234856063e-05,0.00017770274772873674,0.7368421052631579
6551,7053,제라드/Noun,19,14,5,0.00017783705679671002,7.774495213132233e-05,0.7368421052631579
6552,7054,자도/Noun,19,5,14,7.780371234856063e-05,0.00017770274772873674,0.7368421052631579
6553,7055,덩/Noun,19,5,14,7.780371234856063e-05,0.00017770274772873674,0.7368421052631579
6554,7056,슴가/Noun,19,5,14,7.780371234856063e-05,0.00017770274772873674,0.7368421052631579
6555,7057,90%/Number,19,5,14,7.780371234856063e-05,0.00017770274772873674,0.7368421052631579
6556,7058,샹/Noun,19,5,14,7.780371234856063e-05,0.00017770274772873674,0.7368421052631579
6557,7059,쾌락/Noun,19,14,5,0.00017783705679671002,7.774495213132233e-05,0.7368421052631579
6558,7060,김고은/Noun,19,5,14,7.780371234856063e-05,0.00017770274772873674,0.7368421052631579
6559,7061,흑백영화/Noun,19,14,5,0.00017783705679671002,7.774495213132233e-05,0.7368421052631579
6560,7062,퓨전/Noun,19,5,14,7.780371234856063e-05,0.00017770274772873674,0.7368421052631579
6561,7063,박진희/Noun,19,14,5,0.00017783705679671002,7.774495213132233e-05,0.7368421052631579
6562,7064,한판/Noun,19,5,14,7.780371234856063e-05,0.00017770274772873674,0.7368421052631579
6563,7065,새기다/Verb,19,14,5,0.00017783705679671002,7.774495213132233e-05,0.7368421052631579
6564,7066,난생처음/Noun,19,5,14,7.780371234856063e-05,0.00017770274772873674,0.7368421052631579
6565,7067,금성무/Noun,19,14,5,0.00017783705679671002,7.774495213132233e-05,0.7368421052631579
6566,7068,세련/Noun,19,14,5,0.00017783705679671002,7.774495213132233e-05,0.7368421052631579
6567,7069,재활용/Noun,19,5,14,7.780371234856063e-05,0.00017770274772873674,0.7368421052631579
6568,7070,진호/Noun,19,5,14,7.780371234856063e-05,0.00017770274772873674,0.7368421052631579
6569,7071,스승/Noun,19,14,5,0.00017783705679671002,7.774495213132233e-05,0.7368421052631579
6570,7072,~./Punctuation,19,14,5,0.00017783705679671002,7.774495213132233e-05,0.7368421052631579
6571,7073,인질/Noun,19,5,14,7.780371234856063e-05,0.00017770274772873674,0.7368421052631579
6572,7074,별것/Noun,19,5,14,7.780371234856063e-05,0.00017770274772873674,0.7368421052631579
6573,7075,휼륭하다/Adjective,19,14,5,0.00017783705679671002,7.774495213132233e-05,0.7368421052631579
6574,7076,민간인/Noun,19,5,14,7.780371234856063e-05,0.00017770274772873674,0.7368421052631579
6575,7077,샤말란/Noun,19,5,14,7.780371234856063e-05,0.00017770274772873674,0.7368421052631579
6576,7078,다분하다/Adjective,19,5,14,7.780371234856063e-05,0.00017770274772873674,0.7368421052631579
6577,7079,Z/Alpha,19,5,14,7.780371234856063e-05,0.00017770274772873674,0.7368421052631579
6578,7080,바가지/Noun,19,6,13,8.891852839835501e-05,0.0001665963259956907,0.6842105263157895
6579,7081,이처럼/Noun,19,13,6,0.00016672224074691566,8.885137386436837e-05,0.6842105263157895
6580,7082,가필드/Noun,19,13,6,0.00016672224074691566,8.885137386436837e-05,0.6842105263157895
6581,7083,for/Alpha,19,13,6,0.00016672224074691566,8.885137386436837e-05,0.6842105263157895
6582,7084,사고방식/Noun,19,6,13,8.891852839835501e-05,0.0001665963259956907,0.6842105263157895
6583,7085,허락/Noun,19,6,13,8.891852839835501e-05,0.0001665963259956907,0.6842105263157895
6584,7086,조한선/Noun,19,6,13,8.891852839835501e-05,0.0001665963259956907,0.6842105263157895
6585,7087,톡톡/Noun,19,13,6,0.00016672224074691566,8.885137386436837e-05,0.6842105263157895
6586,7088,넨/Noun,19,13,6,0.00016672224074691566,8.885137386436837e-05,0.6842105263157895
6587,7089,포스트/Noun,19,6,13,8.891852839835501e-05,0.0001665963259956907,0.6842105263157895
6588,7090,특정/Noun,19,6,13,8.891852839835501e-05,0.0001665963259956907,0.6842105263157895
6589,7091,후보/Noun,19,6,13,8.891852839835501e-05,0.0001665963259956907,0.6842105263157895
6590,7092,애환/Noun,19,13,6,0.00016672224074691566,8.885137386436837e-05,0.6842105263157895
6591,7093,순식간/Noun,19,6,13,8.891852839835501e-05,0.0001665963259956907,0.6842105263157895
6592,7094,싸인/Noun,19,13,6,0.00016672224074691566,8.885137386436837e-05,0.6842105263157895
6593,7095,영역/Noun,19,13,6,0.00016672224074691566,8.885137386436837e-05,0.6842105263157895
6594,7096,구로/Noun,19,13,6,0.00016672224074691566,8.885137386436837e-05,0.6842105263157895
6595,7097,생방송/Noun,19,6,13,8.891852839835501e-05,0.0001665963259956907,0.6842105263157895
6596,7098,며느리/Noun,19,6,13,8.891852839835501e-05,0.0001665963259956907,0.6842105263157895
6597,7099,업그레이드/Noun,19,13,6,0.00016672224074691566,8.885137386436837e-05,0.6842105263157895
6598,7100,곽지민/Noun,19,6,13,8.891852839835501e-05,0.0001665963259956907,0.6842105263157895
6599,7101,영리하다/Adjective,19,13,6,0.00016672224074691566,8.885137386436837e-05,0.6842105263157895
6600,7102,킹콩/Noun,19,6,13,8.891852839835501e-05,0.0001665963259956907,0.6842105263157895
6601,7103,해치다/Verb,19,6,13,8.891852839835501e-05,0.0001665963259956907,0.6842105263157895
6602,7104,별그대/Noun,19,13,6,0.00016672224074691566,8.885137386436837e-05,0.6842105263157895
6603,7105,스페셜/Noun,19,6,13,8.891852839835501e-05,0.0001665963259956907,0.6842105263157895
6604,7106,자꾸만/Noun,19,13,6,0.00016672224074691566,8.885137386436837e-05,0.6842105263157895
6605,7107,올리비아/Noun,19,12,7,0.00015560742469712126,9.995779559741441e-05,0.631578947368421
6606,7108,성욕/Noun,19,7,12,0.0001000333444481494,0.00015548990426264466,0.631578947368421
6607,7109,승자/Noun,19,12,7,0.00015560742469712126,9.995779559741441e-05,0.631578947368421
6608,7110,예나/Noun,19,12,7,0.00015560742469712126,9.995779559741441e-05,0.631578947368421
6609,7111,와이/Modifier,19,12,7,0.00015560742469712126,9.995779559741441e-05,0.631578947368421
6610,7112,100년/Number,19,12,7,0.00015560742469712126,9.995779559741441e-05,0.631578947368421
6611,7113,바디/Noun,19,7,12,0.0001000333444481494,0.00015548990426264466,0.631578947368421
6612,7114,대강/Noun,19,7,12,0.0001000333444481494,0.00015548990426264466,0.631578947368421
6613,7115,썸/Noun,19,7,12,0.0001000333444481494,0.00015548990426264466,0.631578947368421
6614,7116,여럿/Noun,19,7,12,0.0001000333444481494,0.00015548990426264466,0.631578947368421
6615,7117,만치/Josa,19,12,7,0.00015560742469712126,9.995779559741441e-05,0.631578947368421
6616,7118,주식/Noun,19,12,7,0.00015560742469712126,9.995779559741441e-05,0.631578947368421
6617,7119,뒤집어지다/Verb,19,12,7,0.00015560742469712126,9.995779559741441e-05,0.631578947368421
6618,7120,당기다/Verb,19,7,12,0.0001000333444481494,0.00015548990426264466,0.631578947368421
6619,7121,딸아이/Noun,19,12,7,0.00015560742469712126,9.995779559741441e-05,0.631578947368421
6620,7122,개구리/Noun,19,7,12,0.0001000333444481494,0.00015548990426264466,0.631578947368421
6621,7123,몰리다/Verb,19,7,12,0.0001000333444481494,0.00015548990426264466,0.631578947368421
6622,7124,스나입스/Noun,19,7,12,0.0001000333444481494,0.00015548990426264466,0.631578947368421
6623,7125,일류/Noun,19,7,12,0.0001000333444481494,0.00015548990426264466,0.631578947368421
6624,7126,이미숙/Noun,19,12,7,0.00015560742469712126,9.995779559741441e-05,0.631578947368421
6625,7127,거북/Noun,19,7,12,0.0001000333444481494,0.00015548990426264466,0.631578947368421
6626,7128,원본/Noun,19,12,7,0.00015560742469712126,9.995779559741441e-05,0.631578947368421
6627,7129,돌고래/Noun,19,12,7,0.00015560742469712126,9.995779559741441e-05,0.631578947368421
6628,7130,작성/Noun,19,7,12,0.0001000333444481494,0.00015548990426264466,0.631578947368421
6629,7131,케로로/Noun,19,12,7,0.00015560742469712126,9.995779559741441e-05,0.631578947368421
6630,7132,외계/Noun,19,7,12,0.0001000333444481494,0.00015548990426264466,0.631578947368421
6631,7133,우주선/Noun,19,7,12,0.0001000333444481494,0.00015548990426264466,0.631578947368421
6632,7134,달린다/Noun,19,7,12,0.0001000333444481494,0.00015548990426264466,0.631578947368421
6633,7135,상대로/Noun,19,7,12,0.0001000333444481494,0.00015548990426264466,0.631578947368421
6634,7136,꺾다/Verb,19,7,12,0.0001000333444481494,0.00015548990426264466,0.631578947368421
6635,7137,4회/Number,19,7,12,0.0001000333444481494,0.00015548990426264466,0.631578947368421
6636,7138,넘어지다/Verb,19,7,12,0.0001000333444481494,0.00015548990426264466,0.631578947368421
6637,7139,터널/Noun,19,12,7,0.00015560742469712126,9.995779559741441e-05,0.631578947368421
6638,7140,다물다/Verb,19,12,7,0.00015560742469712126,9.995779559741441e-05,0.631578947368421
6639,7141,28/Number,19,12,7,0.00015560742469712126,9.995779559741441e-05,0.631578947368421
6640,7142,건전하다/Adjective,19,11,8,0.0001444926086473269,0.00011106421733046048,0.5789473684210527
6641,7143,유기/Noun,19,8,11,0.00011114816049794375,0.0001443834825295986,0.5789473684210527
6642,7144,확실/Noun,19,8,11,0.00011114816049794375,0.0001443834825295986,0.5789473684210527
6643,7145,10%/Number,19,8,11,0.00011114816049794375,0.0001443834825295986,0.5789473684210527
6644,7146,////Punctuation,19,8,11,0.00011114816049794375,0.0001443834825295986,0.5789473684210527
6645,7147,와인/Noun,19,11,8,0.0001444926086473269,0.00011106421733046048,0.5789473684210527
6646,7148,갚다/Verb,19,8,11,0.00011114816049794375,0.0001443834825295986,0.5789473684210527
6647,7149,스카이/Noun,19,8,11,0.00011114816049794375,0.0001443834825295986,0.5789473684210527
6648,7150,파이터/Noun,19,8,11,0.00011114816049794375,0.0001443834825295986,0.5789473684210527
6649,7151,한창/Noun,19,8,11,0.00011114816049794375,0.0001443834825295986,0.5789473684210527
6650,7152,되돌리다/Verb,19,8,11,0.00011114816049794375,0.0001443834825295986,0.5789473684210527
6651,7153,박하선/Noun,19,11,8,0.0001444926086473269,0.00011106421733046048,0.5789473684210527
6652,7154,한반도/Noun,19,8,11,0.00011114816049794375,0.0001443834825295986,0.5789473684210527
6653,7155,관능/Noun,19,8,11,0.00011114816049794375,0.0001443834825295986,0.5789473684210527
6654,7156,운영/Noun,19,11,8,0.0001444926086473269,0.00011106421733046048,0.5789473684210527
6655,7157,장예모/Noun,19,11,8,0.0001444926086473269,0.00011106421733046048,0.5789473684210527
6656,7158,씬들/Noun,19,8,11,0.00011114816049794375,0.0001443834825295986,0.5789473684210527
6657,7159,취한/Noun,19,8,11,0.00011114816049794375,0.0001443834825295986,0.5789473684210527
6658,7160,이해해/Noun,19,8,11,0.00011114816049794375,0.0001443834825295986,0.5789473684210527
6659,7161,이대로/Adverb,19,11,8,0.0001444926086473269,0.00011106421733046048,0.5789473684210527
6660,7162,비비다/Verb,19,11,8,0.0001444926086473269,0.00011106421733046048,0.5789473684210527
6661,7163,먹방/Noun,19,8,11,0.00011114816049794375,0.0001443834825295986,0.5789473684210527
6662,7164,우수하다/Adjective,19,11,8,0.0001444926086473269,0.00011106421733046048,0.5789473684210527
6663,7165,사냥/Noun,19,8,11,0.00011114816049794375,0.0001443834825295986,0.5789473684210527
6664,7166,서서/Noun,19,11,8,0.0001444926086473269,0.00011106421733046048,0.5789473684210527
6665,7167,토토/Noun,19,11,8,0.0001444926086473269,0.00011106421733046048,0.5789473684210527
6666,7168,기념비/Noun,19,11,8,0.0001444926086473269,0.00011106421733046048,0.5789473684210527
6667,7169,단호/Noun,19,11,8,0.0001444926086473269,0.00011106421733046048,0.5789473684210527
6668,7170,윌/Noun,19,8,11,0.00011114816049794375,0.0001443834825295986,0.5789473684210527
6669,7171,판사/Noun,19,11,8,0.0001444926086473269,0.00011106421733046048,0.5789473684210527
6670,7172,투척/Noun,19,11,8,0.0001444926086473269,0.00011106421733046048,0.5789473684210527
6671,7173,이세/Noun,19,9,10,0.00012226297654773814,0.00013327706079655256,0.5263157894736842
6672,7174,불타다/Adjective,19,10,9,0.0001333777925975325,0.00012217063906350652,0.5263157894736842
6673,7175,방송국/Noun,19,9,10,0.00012226297654773814,0.00013327706079655256,0.5263157894736842
6674,7176,80/Number,19,10,9,0.0001333777925975325,0.00012217063906350652,0.5263157894736842
6675,7177,박력/Noun,19,9,10,0.00012226297654773814,0.00013327706079655256,0.5263157894736842
6676,7178,패밀리/Noun,19,9,10,0.00012226297654773814,0.00013327706079655256,0.5263157894736842
6677,7179,음산하다/Adjective,19,9,10,0.00012226297654773814,0.00013327706079655256,0.5263157894736842
6678,7180,장식/Noun,19,10,9,0.0001333777925975325,0.00012217063906350652,0.5263157894736842
6679,7181,야말로/Josa,19,10,9,0.0001333777925975325,0.00012217063906350652,0.5263157894736842
6680,7182,흥분하다/Adjective,19,10,9,0.0001333777925975325,0.00012217063906350652,0.5263157894736842
6681,7183,유료/Noun,19,10,9,0.0001333777925975325,0.00012217063906350652,0.5263157894736842
6682,7184,업적/Noun,19,9,10,0.00012226297654773814,0.00013327706079655256,0.5263157894736842
6683,7185,쇼크/Noun,19,9,10,0.00012226297654773814,0.00013327706079655256,0.5263157894736842
6684,7186,입양/Noun,19,10,9,0.0001333777925975325,0.00012217063906350652,0.5263157894736842
6685,7187,스팅/Noun,19,9,10,0.00012226297654773814,0.00013327706079655256,0.5263157894736842
6686,7188,연하다/Adjective,19,10,9,0.0001333777925975325,0.00012217063906350652,0.5263157894736842
6687,7189,동일하다/Adjective,19,10,9,0.0001333777925975325,0.00012217063906350652,0.5263157894736842
6688,7190,조심/Noun,19,10,9,0.0001333777925975325,0.00012217063906350652,0.5263157894736842
6689,7191,인즈/Noun,19,10,9,0.0001333777925975325,0.00012217063906350652,0.5263157894736842
6690,7192,V/Alpha,19,9,10,0.00012226297654773814,0.00013327706079655256,0.5263157894736842
6691,7193,법도/Noun,19,9,10,0.00012226297654773814,0.00013327706079655256,0.5263157894736842
6692,7194,불행하다/Adjective,19,10,9,0.0001333777925975325,0.00012217063906350652,0.5263157894736842
6693,7195,청자/Noun,19,9,10,0.00012226297654773814,0.00013327706079655256,0.5263157894736842
6694,7196,복싱/Noun,19,10,9,0.0001333777925975325,0.00012217063906350652,0.5263157894736842
6695,7197,노고/Noun,19,10,9,0.0001333777925975325,0.00012217063906350652,0.5263157894736842
6696,7198,세이/Noun,19,9,10,0.00012226297654773814,0.00013327706079655256,0.5263157894736842
6697,7199,한니발/Noun,19,10,9,0.0001333777925975325,0.00012217063906350652,0.5263157894736842
6698,7200,늦추다/Verb,18,18,0,0.0002222963209958875,2.2212843466092093e-05,1.0
6699,7201,다려지다/Verb,18,18,0,0.0002222963209958875,2.2212843466092093e-05,1.0
6700,7202,보고또보고/Noun,18,18,0,0.0002222963209958875,2.2212843466092093e-05,1.0
6701,7203,김준호/Noun,18,0,18,2.2229632099588756e-05,0.00022212843466092096,1.0
6702,7204,오광록/Noun,18,0,18,2.2229632099588756e-05,0.00022212843466092096,1.0
6703,7205,놨/Noun,18,0,18,2.2229632099588756e-05,0.00022212843466092096,1.0
6704,7206,굿잡/Noun,18,17,1,0.00021118150494609317,3.331926519913814e-05,0.9444444444444444
6705,7207,여비/Noun,18,1,17,3.334444814938313e-05,0.0002110220129278749,0.9444444444444444
6706,7208,여균동/Noun,18,1,17,3.334444814938313e-05,0.0002110220129278749,0.9444444444444444
6707,7209,혈압/Noun,18,1,17,3.334444814938313e-05,0.0002110220129278749,0.9444444444444444
6708,7210,평온하다/Adjective,18,17,1,0.00021118150494609317,3.331926519913814e-05,0.9444444444444444
6709,7211,불법체류자/Noun,18,1,17,3.334444814938313e-05,0.0002110220129278749,0.9444444444444444
6710,7212,출품/Noun,18,1,17,3.334444814938313e-05,0.0002110220129278749,0.9444444444444444
6711,7213,발가락/Noun,18,1,17,3.334444814938313e-05,0.0002110220129278749,0.9444444444444444
6712,7214,좀해/Noun,18,2,16,4.445926419917751e-05,0.00019991559119482882,0.8888888888888888
6713,7215,성해/Noun,18,2,16,4.445926419917751e-05,0.00019991559119482882,0.8888888888888888
6714,7216,충돌/Noun,18,16,2,0.0002000666888962988,4.4425686932184186e-05,0.8888888888888888
6715,7217,+_+/Punctuation,18,16,2,0.0002000666888962988,4.4425686932184186e-05,0.8888888888888888
6716,7218,신랄하다/Adjective,18,16,2,0.0002000666888962988,4.4425686932184186e-05,0.8888888888888888
6717,7219,졸귀/Noun,18,16,2,0.0002000666888962988,4.4425686932184186e-05,0.8888888888888888
6718,7220,만만하다/Adjective,18,2,16,4.445926419917751e-05,0.00019991559119482882,0.8888888888888888
6719,7221,엘렌/Noun,18,16,2,0.0002000666888962988,4.4425686932184186e-05,0.8888888888888888
6720,7222,테잎/Noun,18,16,2,0.0002000666888962988,4.4425686932184186e-05,0.8888888888888888
6721,7223,가차/Noun,18,2,16,4.445926419917751e-05,0.00019991559119482882,0.8888888888888888
6722,7224,테이프/Noun,18,16,2,0.0002000666888962988,4.4425686932184186e-05,0.8888888888888888
6723,7225,갈팡질팡/Noun,18,2,16,4.445926419917751e-05,0.00019991559119482882,0.8888888888888888
6724,7226,신발/Noun,18,2,16,4.445926419917751e-05,0.00019991559119482882,0.8888888888888888
6725,7227,용인/Noun,18,2,16,4.445926419917751e-05,0.00019991559119482882,0.8888888888888888
6726,7228,....;;/Punctuation,18,2,16,4.445926419917751e-05,0.00019991559119482882,0.8888888888888888
6727,7229,불과/Noun,18,2,16,4.445926419917751e-05,0.00019991559119482882,0.8888888888888888
6728,7230,전설의고향/Noun,18,2,16,4.445926419917751e-05,0.00019991559119482882,0.8888888888888888
6729,7231,혁신/Noun,18,16,2,0.0002000666888962988,4.4425686932184186e-05,0.8888888888888888
6730,7232,444/Number,18,2,16,4.445926419917751e-05,0.00019991559119482882,0.8888888888888888
6731,7233,비로소/Noun,18,16,2,0.0002000666888962988,4.4425686932184186e-05,0.8888888888888888
6732,7234,윗/Modifier,18,3,15,5.5574080248971876e-05,0.0001888091694617828,0.8333333333333334
6733,7235,장비/Noun,18,3,15,5.5574080248971876e-05,0.0001888091694617828,0.8333333333333334
6734,7236,니콜슨/Noun,18,15,3,0.00018895187284650438,5.553210866523024e-05,0.8333333333333334
6735,7237,부풀리다/Verb,18,3,15,5.5574080248971876e-05,0.0001888091694617828,0.8333333333333334
6736,7238,5~6/Number,18,3,15,5.5574080248971876e-05,0.0001888091694617828,0.8333333333333334
6737,7239,산뜻하다/Adjective,18,15,3,0.00018895187284650438,5.553210866523024e-05,0.8333333333333334
6738,7240,칙칙하다/Adjective,18,3,15,5.5574080248971876e-05,0.0001888091694617828,0.8333333333333334
6739,7241,더군다나/Noun,18,3,15,5.5574080248971876e-05,0.0001888091694617828,0.8333333333333334
6740,7242,교통사고/Noun,18,3,15,5.5574080248971876e-05,0.0001888091694617828,0.8333333333333334
6741,7243,레기/Noun,18,3,15,5.5574080248971876e-05,0.0001888091694617828,0.8333333333333334
6742,7244,통제/Noun,18,14,4,0.00017783705679671002,6.663853039827628e-05,0.7777777777777778
6743,7245,기능/Noun,18,4,14,6.668889629876625e-05,0.00017770274772873674,0.7777777777777778
6744,7246,주걸륜/Noun,18,4,14,6.668889629876625e-05,0.00017770274772873674,0.7777777777777778
6745,7247,천지/Noun,18,4,14,6.668889629876625e-05,0.00017770274772873674,0.7777777777777778
6746,7248,매기/Noun,18,4,14,6.668889629876625e-05,0.00017770274772873674,0.7777777777777778
6747,7249,폭동/Noun,18,4,14,6.668889629876625e-05,0.00017770274772873674,0.7777777777777778
6748,7250,엇갈리다/Verb,18,14,4,0.00017783705679671002,6.663853039827628e-05,0.7777777777777778
6749,7251,김소연/Noun,18,14,4,0.00017783705679671002,6.663853039827628e-05,0.7777777777777778
6750,7252,17년/Number,18,14,4,0.00017783705679671002,6.663853039827628e-05,0.7777777777777778
6751,7253,권장/Noun,18,4,14,6.668889629876625e-05,0.00017770274772873674,0.7777777777777778
6752,7254,나무라다/Verb,18,14,4,0.00017783705679671002,6.663853039827628e-05,0.7777777777777778
6753,7255,SBS/Alpha,18,4,14,6.668889629876625e-05,0.00017770274772873674,0.7777777777777778
6754,7256,전화하다/Adjective,18,4,14,6.668889629876625e-05,0.00017770274772873674,0.7777777777777778
6755,7257,김동욱/Noun,18,14,4,0.00017783705679671002,6.663853039827628e-05,0.7777777777777778
6756,7258,무관심/Noun,18,14,4,0.00017783705679671002,6.663853039827628e-05,0.7777777777777778
6757,7259,사운드트랙/Noun,18,14,4,0.00017783705679671002,6.663853039827628e-05,0.7777777777777778
6758,7260,황우슬혜/Noun,18,4,14,6.668889629876625e-05,0.00017770274772873674,0.7777777777777778
6759,7261,무한도전/Noun,18,4,14,6.668889629876625e-05,0.00017770274772873674,0.7777777777777778
6760,7262,리얼리즘/Noun,18,14,4,0.00017783705679671002,6.663853039827628e-05,0.7777777777777778
6761,7263,천정명/Noun,18,4,14,6.668889629876625e-05,0.00017770274772873674,0.7777777777777778
6762,7264,상한/Noun,18,5,13,7.780371234856063e-05,0.0001665963259956907,0.7222222222222222
6763,7265,식겁하다/Adjective,18,5,13,7.780371234856063e-05,0.0001665963259956907,0.7222222222222222
6764,7266,해품달/Noun,18,13,5,0.00016672224074691566,7.774495213132233e-05,0.7222222222222222
6765,7267,쥬/Noun,18,13,5,0.00016672224074691566,7.774495213132233e-05,0.7222222222222222
6766,7268,....!/Punctuation,18,13,5,0.00016672224074691566,7.774495213132233e-05,0.7222222222222222
6767,7269,능청/Noun,18,13,5,0.00016672224074691566,7.774495213132233e-05,0.7222222222222222
6768,7270,자화상/Noun,18,13,5,0.00016672224074691566,7.774495213132233e-05,0.7222222222222222
6769,7271,화살/Noun,18,5,13,7.780371234856063e-05,0.0001665963259956907,0.7222222222222222
6770,7272,강수연/Noun,18,5,13,7.780371234856063e-05,0.0001665963259956907,0.7222222222222222
6771,7273,국회의원/Noun,18,5,13,7.780371234856063e-05,0.0001665963259956907,0.7222222222222222
6772,7274,드라큐라/Noun,18,13,5,0.00016672224074691566,7.774495213132233e-05,0.7222222222222222
6773,7275,페넬로페/Noun,18,13,5,0.00016672224074691566,7.774495213132233e-05,0.7222222222222222
6774,7276,막말/Noun,18,5,13,7.780371234856063e-05,0.0001665963259956907,0.7222222222222222
6775,7277,누굴/Noun,18,5,13,7.780371234856063e-05,0.0001665963259956907,0.7222222222222222
6776,7278,훗날/Noun,18,13,5,0.00016672224074691566,7.774495213132233e-05,0.7222222222222222
6777,7279,풋/Noun,18,5,13,7.780371234856063e-05,0.0001665963259956907,0.7222222222222222
6778,7280,우주전쟁/Noun,18,5,13,7.780371234856063e-05,0.0001665963259956907,0.7222222222222222
6779,7281,키이라/Noun,18,13,5,0.00016672224074691566,7.774495213132233e-05,0.7222222222222222
6780,7282,곤란하다/Adjective,18,5,13,7.780371234856063e-05,0.0001665963259956907,0.7222222222222222
6781,7283,절규/Noun,18,13,5,0.00016672224074691566,7.774495213132233e-05,0.7222222222222222
6782,7284,정우/Noun,18,13,5,0.00016672224074691566,7.774495213132233e-05,0.7222222222222222
6783,7285,경향/Noun,18,5,13,7.780371234856063e-05,0.0001665963259956907,0.7222222222222222
6784,7286,가든/Noun,18,5,13,7.780371234856063e-05,0.0001665963259956907,0.7222222222222222
6785,7287,싸대기/Noun,18,5,13,7.780371234856063e-05,0.0001665963259956907,0.7222222222222222
6786,7288,복잡/Noun,18,13,5,0.00016672224074691566,7.774495213132233e-05,0.7222222222222222
6787,7289,이필/Noun,18,13,5,0.00016672224074691566,7.774495213132233e-05,0.7222222222222222
6788,7290,공자/Noun,18,13,5,0.00016672224074691566,7.774495213132233e-05,0.7222222222222222
6789,7291,치매/Noun,18,5,13,7.780371234856063e-05,0.0001665963259956907,0.7222222222222222
6790,7292,친근하다/Adjective,18,13,5,0.00016672224074691566,7.774495213132233e-05,0.7222222222222222
6791,7293,정교하다/Adjective,18,13,5,0.00016672224074691566,7.774495213132233e-05,0.7222222222222222
6792,7294,고서/Noun,18,5,13,7.780371234856063e-05,0.0001665963259956907,0.7222222222222222
6793,7295,주저/Noun,18,13,5,0.00016672224074691566,7.774495213132233e-05,0.7222222222222222
6794,7296,.;;/Punctuation,18,5,13,7.780371234856063e-05,0.0001665963259956907,0.7222222222222222
6795,7297,열차/Noun,18,5,13,7.780371234856063e-05,0.0001665963259956907,0.7222222222222222
6796,7298,이득/Noun,18,5,13,7.780371234856063e-05,0.0001665963259956907,0.7222222222222222
6797,7299,라네/Josa,18,6,12,8.891852839835501e-05,0.00015548990426264466,0.6666666666666666
6798,7300,내부/Noun,18,12,6,0.00015560742469712126,8.885137386436837e-05,0.6666666666666666
6799,7301,천원/Noun,18,6,12,8.891852839835501e-05,0.00015548990426264466,0.6666666666666666
6800,7302,악령/Noun,18,6,12,8.891852839835501e-05,0.00015548990426264466,0.6666666666666666
6801,7303,가오/Noun,18,6,12,8.891852839835501e-05,0.00015548990426264466,0.6666666666666666
6802,7304,투모로우/Noun,18,6,12,8.891852839835501e-05,0.00015548990426264466,0.6666666666666666
6803,7305,딱지/Noun,18,6,12,8.891852839835501e-05,0.00015548990426264466,0.6666666666666666
6804,7306,짤/Noun,18,6,12,8.891852839835501e-05,0.00015548990426264466,0.6666666666666666
6805,7307,강의/Noun,18,12,6,0.00015560742469712126,8.885137386436837e-05,0.6666666666666666
6806,7308,대우/Noun,18,12,6,0.00015560742469712126,8.885137386436837e-05,0.6666666666666666
6807,7309,고마/Noun,18,6,12,8.891852839835501e-05,0.00015548990426264466,0.6666666666666666
6808,7310,종편/Noun,18,12,6,0.00015560742469712126,8.885137386436837e-05,0.6666666666666666
6809,7311,미지근하다/Adjective,18,6,12,8.891852839835501e-05,0.00015548990426264466,0.6666666666666666
6810,7312,자부/Noun,18,12,6,0.00015560742469712126,8.885137386436837e-05,0.6666666666666666
6811,7313,세뇌/Noun,18,6,12,8.891852839835501e-05,0.00015548990426264466,0.6666666666666666
6812,7314,정사씬/Noun,18,6,12,8.891852839835501e-05,0.00015548990426264466,0.6666666666666666
6813,7315,오만/Noun,18,6,12,8.891852839835501e-05,0.00015548990426264466,0.6666666666666666
6814,7316,더더/Noun,18,12,6,0.00015560742469712126,8.885137386436837e-05,0.6666666666666666
6815,7317,김사랑/Noun,18,6,12,8.891852839835501e-05,0.00015548990426264466,0.6666666666666666
6816,7318,가져가다/Verb,18,6,12,8.891852839835501e-05,0.00015548990426264466,0.6666666666666666
6817,7319,140/Number,18,12,6,0.00015560742469712126,8.885137386436837e-05,0.6666666666666666
6818,7320,베니/Noun,18,12,6,0.00015560742469712126,8.885137386436837e-05,0.6666666666666666
6819,7321,"~""/Punctuation",18,12,6,0.00015560742469712126,8.885137386436837e-05,0.6666666666666666
6820,7322,추격자/Noun,18,6,12,8.891852839835501e-05,0.00015548990426264466,0.6666666666666666
6821,7323,건데/Noun,18,6,12,8.891852839835501e-05,0.00015548990426264466,0.6666666666666666
6822,7324,주니어/Noun,18,12,6,0.00015560742469712126,8.885137386436837e-05,0.6666666666666666
6823,7325,날수/Noun,18,12,6,0.00015560742469712126,8.885137386436837e-05,0.6666666666666666
6824,7326,핀처/Noun,18,12,6,0.00015560742469712126,8.885137386436837e-05,0.6666666666666666
6825,7327,김대중/Noun,18,6,12,8.891852839835501e-05,0.00015548990426264466,0.6666666666666666
6826,7328,삽질/Noun,18,6,12,8.891852839835501e-05,0.00015548990426264466,0.6666666666666666
6827,7329,위험/Noun,18,6,12,8.891852839835501e-05,0.00015548990426264466,0.6666666666666666
6828,7330,기해/Noun,18,6,12,8.891852839835501e-05,0.00015548990426264466,0.6666666666666666
6829,7331,정당하다/Adjective,18,6,12,8.891852839835501e-05,0.00015548990426264466,0.6666666666666666
6830,7332,정준/Noun,18,12,6,0.00015560742469712126,8.885137386436837e-05,0.6666666666666666
6831,7333,심각/Noun,18,12,6,0.00015560742469712126,8.885137386436837e-05,0.6666666666666666
6832,7334,2등/Number,18,7,11,0.0001000333444481494,0.0001443834825295986,0.6111111111111112
6833,7335,이나라/Noun,18,11,7,0.0001444926086473269,9.995779559741441e-05,0.6111111111111112
6834,7336,웬/Modifier,18,7,11,0.0001000333444481494,0.0001443834825295986,0.6111111111111112
6835,7337,80분/Number,18,7,11,0.0001000333444481494,0.0001443834825295986,0.6111111111111112
6836,7338,특선/Noun,18,11,7,0.0001444926086473269,9.995779559741441e-05,0.6111111111111112
6837,7339,비됴/Noun,18,7,11,0.0001000333444481494,0.0001443834825295986,0.6111111111111112
6838,7340,돌프/Noun,18,7,11,0.0001000333444481494,0.0001443834825295986,0.6111111111111112
6839,7341,노다메/Noun,18,11,7,0.0001444926086473269,9.995779559741441e-05,0.6111111111111112
6840,7342,장기/Noun,18,7,11,0.0001000333444481494,0.0001443834825295986,0.6111111111111112
6841,7343,오후/Noun,18,11,7,0.0001444926086473269,9.995779559741441e-05,0.6111111111111112
6842,7344,힐러리/Noun,18,11,7,0.0001444926086473269,9.995779559741441e-05,0.6111111111111112
6843,7345,선교/Noun,18,7,11,0.0001000333444481494,0.0001443834825295986,0.6111111111111112
6844,7346,바지/Noun,18,11,7,0.0001444926086473269,9.995779559741441e-05,0.6111111111111112
6845,7347,나오미/Noun,18,11,7,0.0001444926086473269,9.995779559741441e-05,0.6111111111111112
6846,7348,6~7/Number,18,11,7,0.0001444926086473269,9.995779559741441e-05,0.6111111111111112
6847,7349,바이블/Noun,18,11,7,0.0001444926086473269,9.995779559741441e-05,0.6111111111111112
6848,7350,비긴/Noun,18,11,7,0.0001444926086473269,9.995779559741441e-05,0.6111111111111112
6849,7351,익/Noun,18,7,11,0.0001000333444481494,0.0001443834825295986,0.6111111111111112
6850,7352,할리/Noun,18,11,7,0.0001444926086473269,9.995779559741441e-05,0.6111111111111112
6851,7353,여백/Noun,18,11,7,0.0001444926086473269,9.995779559741441e-05,0.6111111111111112
6852,7354,매드/Noun,18,11,7,0.0001444926086473269,9.995779559741441e-05,0.6111111111111112
6853,7355,쟁쟁/Noun,18,7,11,0.0001000333444481494,0.0001443834825295986,0.6111111111111112
6854,7356,왜캐/Noun,18,7,11,0.0001000333444481494,0.0001443834825295986,0.6111111111111112
6855,7357,제리/Noun,18,11,7,0.0001444926086473269,9.995779559741441e-05,0.6111111111111112
6856,7358,샷/Noun,18,7,11,0.0001000333444481494,0.0001443834825295986,0.6111111111111112
6857,7359,홍경인/Noun,18,7,11,0.0001000333444481494,0.0001443834825295986,0.6111111111111112
6858,7360,라기보다는/Josa,18,7,11,0.0001000333444481494,0.0001443834825295986,0.6111111111111112
6859,7361,현우/Noun,18,11,7,0.0001444926086473269,9.995779559741441e-05,0.6111111111111112
6860,7362,왈/Noun,18,7,11,0.0001000333444481494,0.0001443834825295986,0.6111111111111112
6861,7363,죄악/Noun,18,7,11,0.0001000333444481494,0.0001443834825295986,0.6111111111111112
6862,7364,곱/Noun,18,7,11,0.0001000333444481494,0.0001443834825295986,0.6111111111111112
6863,7365,닮음/Noun,18,11,7,0.0001444926086473269,9.995779559741441e-05,0.6111111111111112
6864,7366,오컬트/Noun,18,7,11,0.0001000333444481494,0.0001443834825295986,0.6111111111111112
6865,7367,상사/Noun,18,7,11,0.0001000333444481494,0.0001443834825295986,0.6111111111111112
6866,7368,날아다니다/Verb,18,7,11,0.0001000333444481494,0.0001443834825295986,0.6111111111111112
6867,7369,달래다/Verb,18,11,7,0.0001444926086473269,9.995779559741441e-05,0.6111111111111112
6868,7370,갈아타다/Verb,18,7,11,0.0001000333444481494,0.0001443834825295986,0.6111111111111112
6869,7371,유감/Noun,18,7,11,0.0001000333444481494,0.0001443834825295986,0.6111111111111112
6870,7372,남여/Noun,18,11,7,0.0001444926086473269,9.995779559741441e-05,0.6111111111111112
6871,7373,초대/Noun,18,11,7,0.0001444926086473269,9.995779559741441e-05,0.6111111111111112
6872,7374,달러/Noun,18,7,11,0.0001000333444481494,0.0001443834825295986,0.6111111111111112
6873,7375,날때/Noun,18,11,7,0.0001444926086473269,9.995779559741441e-05,0.6111111111111112
6874,7376,차카/Noun,18,7,11,0.0001000333444481494,0.0001443834825295986,0.6111111111111112
6875,7377,불가하다/Adjective,18,7,11,0.0001000333444481494,0.0001443834825295986,0.6111111111111112
6876,7378,무모하다/Adjective,18,11,7,0.0001444926086473269,9.995779559741441e-05,0.6111111111111112
6877,7379,씩/Adverb,18,7,11,0.0001000333444481494,0.0001443834825295986,0.6111111111111112
6878,7380,기초/Noun,18,8,10,0.00011114816049794375,0.00013327706079655256,0.5555555555555556
6879,7381,예외/Noun,18,8,10,0.00011114816049794375,0.00013327706079655256,0.5555555555555556
6880,7382,소식/Noun,18,10,8,0.0001333777925975325,0.00011106421733046048,0.5555555555555556
6881,7383,홉킨스/Noun,18,10,8,0.0001333777925975325,0.00011106421733046048,0.5555555555555556
6882,7384,에나/Noun,18,10,8,0.0001333777925975325,0.00011106421733046048,0.5555555555555556
6883,7385,그랬는데/Conjunction,18,8,10,0.00011114816049794375,0.00013327706079655256,0.5555555555555556
6884,7386,메이저/Noun,18,8,10,0.00011114816049794375,0.00013327706079655256,0.5555555555555556
6885,7387,주진모/Noun,18,10,8,0.0001333777925975325,0.00011106421733046048,0.5555555555555556
6886,7388,애쉬/Noun,18,10,8,0.0001333777925975325,0.00011106421733046048,0.5555555555555556
6887,7389,단단하다/Adjective,18,8,10,0.00011114816049794375,0.00013327706079655256,0.5555555555555556
6888,7390,서유기/Noun,18,10,8,0.0001333777925975325,0.00011106421733046048,0.5555555555555556
6889,7391,그릇/Noun,18,8,10,0.00011114816049794375,0.00013327706079655256,0.5555555555555556
6890,7392,..'/Punctuation,18,8,10,0.00011114816049794375,0.00013327706079655256,0.5555555555555556
6891,7393,어간/Noun,18,10,8,0.0001333777925975325,0.00011106421733046048,0.5555555555555556
6892,7394,망각/Noun,18,8,10,0.00011114816049794375,0.00013327706079655256,0.5555555555555556
6893,7395,스페이스/Noun,18,8,10,0.00011114816049794375,0.00013327706079655256,0.5555555555555556
6894,7396,이소연/Noun,18,8,10,0.00011114816049794375,0.00013327706079655256,0.5555555555555556
6895,7397,여부/Noun,18,8,10,0.00011114816049794375,0.00013327706079655256,0.5555555555555556
6896,7398,핳/Exclamation,18,8,10,0.00011114816049794375,0.00013327706079655256,0.5555555555555556
6897,7399,모세/Noun,18,10,8,0.0001333777925975325,0.00011106421733046048,0.5555555555555556
6898,7400,지기/Noun,18,8,10,0.00011114816049794375,0.00013327706079655256,0.5555555555555556
6899,7401,겸/Noun,18,10,8,0.0001333777925975325,0.00011106421733046048,0.5555555555555556
6900,7402,크기/Noun,18,8,10,0.00011114816049794375,0.00013327706079655256,0.5555555555555556
6901,7403,입체/Noun,18,8,10,0.00011114816049794375,0.00013327706079655256,0.5555555555555556
6902,7404,레이스/Noun,18,10,8,0.0001333777925975325,0.00011106421733046048,0.5555555555555556
6903,7405,이아/Noun,18,8,10,0.00011114816049794375,0.00013327706079655256,0.5555555555555556
6904,7406,유투브/Noun,18,10,8,0.0001333777925975325,0.00011106421733046048,0.5555555555555556
6905,7407,구현/Noun,18,10,8,0.0001333777925975325,0.00011106421733046048,0.5555555555555556
6906,7408,주로/Noun,18,8,10,0.00011114816049794375,0.00013327706079655256,0.5555555555555556
6907,7409,부시/Noun,18,8,10,0.00011114816049794375,0.00013327706079655256,0.5555555555555556
6908,7410,유선/Noun,18,10,8,0.0001333777925975325,0.00011106421733046048,0.5555555555555556
6909,7411,듬뿍/Noun,18,8,10,0.00011114816049794375,0.00013327706079655256,0.5555555555555556
6910,7412,드릴/Noun,18,8,10,0.00011114816049794375,0.00013327706079655256,0.5555555555555556
6911,7413,탱크/Noun,18,10,8,0.0001333777925975325,0.00011106421733046048,0.5555555555555556
6912,7414,정식/Noun,18,8,10,0.00011114816049794375,0.00013327706079655256,0.5555555555555556
6913,7415,중국어/Noun,18,8,10,0.00011114816049794375,0.00013327706079655256,0.5555555555555556
6914,7416,독재/Noun,18,8,10,0.00011114816049794375,0.00013327706079655256,0.5555555555555556
6915,7417,가스/Noun,18,8,10,0.00011114816049794375,0.00013327706079655256,0.5555555555555556
6916,7418,페이스/Noun,18,8,10,0.00011114816049794375,0.00013327706079655256,0.5555555555555556
6917,7419,요정/Noun,18,8,10,0.00011114816049794375,0.00013327706079655256,0.5555555555555556
6918,7420,포커스/Noun,18,8,10,0.00011114816049794375,0.00013327706079655256,0.5555555555555556
6919,7421,이미연/Noun,18,10,8,0.0001333777925975325,0.00011106421733046048,0.5555555555555556
6920,7422,알포인트/Noun,18,10,8,0.0001333777925975325,0.00011106421733046048,0.5555555555555556
6921,7423,크크/Exclamation,18,10,8,0.0001333777925975325,0.00011106421733046048,0.5555555555555556
6922,7424,지현우/Noun,18,8,10,0.00011114816049794375,0.00013327706079655256,0.5555555555555556
6923,7425,처지/Noun,18,10,8,0.0001333777925975325,0.00011106421733046048,0.5555555555555556
6924,7452,패륜/Noun,17,0,17,2.2229632099588756e-05,0.0002110220129278749,1.0
6925,7453,김대희/Noun,17,0,17,2.2229632099588756e-05,0.0002110220129278749,1.0
6926,7454,이러니까/Conjunction,17,0,17,2.2229632099588756e-05,0.0002110220129278749,1.0
6927,7455,*^^*/Punctuation,17,17,0,0.00021118150494609317,2.2212843466092093e-05,1.0
6928,7456,숙면/Noun,17,0,17,2.2229632099588756e-05,0.0002110220129278749,1.0
6929,7457,클레이/Noun,17,17,0,0.00021118150494609317,2.2212843466092093e-05,1.0
6930,7458,조음/Noun,17,17,0,0.00021118150494609317,2.2212843466092093e-05,1.0
6931,7459,8~10/Number,17,0,17,2.2229632099588756e-05,0.0002110220129278749,1.0
6932,7460,0.1/Number,17,1,16,3.334444814938313e-05,0.00019991559119482882,0.9411764705882352
6933,7461,하락/Noun,17,1,16,3.334444814938313e-05,0.00019991559119482882,0.9411764705882352
6934,7462,죄송/Noun,17,1,16,3.334444814938313e-05,0.00019991559119482882,0.9411764705882352
6935,7463,ㅡㅡㅡ/KoreanParticle,17,1,16,3.334444814938313e-05,0.00019991559119482882,0.9411764705882352
6936,7464,임성한/Noun,17,1,16,3.334444814938313e-05,0.00019991559119482882,0.9411764705882352
6937,7465,데려오다/Verb,17,1,16,3.334444814938313e-05,0.00019991559119482882,0.9411764705882352
6938,7466,눈시울/Noun,17,16,1,0.0002000666888962988,3.331926519913814e-05,0.9411764705882352
6939,7467,끓이다/Verb,17,1,16,3.334444814938313e-05,0.00019991559119482882,0.9411764705882352
6940,7468,원주고/Noun,17,1,16,3.334444814938313e-05,0.00019991559119482882,0.9411764705882352
6941,7469,고리타분하다/Adjective,17,2,15,4.445926419917751e-05,0.0001888091694617828,0.8823529411764706
6942,7470,훈녀/Noun,17,15,2,0.00018895187284650438,4.4425686932184186e-05,0.8823529411764706
6943,7471,궁합/Noun,17,15,2,0.00018895187284650438,4.4425686932184186e-05,0.8823529411764706
6944,7472,작자/Noun,17,2,15,4.445926419917751e-05,0.0001888091694617828,0.8823529411764706
6945,7473,암만/Noun,17,2,15,4.445926419917751e-05,0.0001888091694617828,0.8823529411764706
6946,7474,폐/Noun,17,2,15,4.445926419917751e-05,0.0001888091694617828,0.8823529411764706
6947,7475,신음/Noun,17,2,15,4.445926419917751e-05,0.0001888091694617828,0.8823529411764706
6948,7476,랄프/Noun,17,15,2,0.00018895187284650438,4.4425686932184186e-05,0.8823529411764706
6949,7477,쨋/Noun,17,15,2,0.00018895187284650438,4.4425686932184186e-05,0.8823529411764706
6950,7478,로더/Noun,17,2,15,4.445926419917751e-05,0.0001888091694617828,0.8823529411764706
6951,7479,bbb/Alpha,17,15,2,0.00018895187284650438,4.4425686932184186e-05,0.8823529411764706
6952,7480,야망/Noun,17,15,2,0.00018895187284650438,4.4425686932184186e-05,0.8823529411764706
6953,7481,파란만장하다/Adjective,17,15,2,0.00018895187284650438,4.4425686932184186e-05,0.8823529411764706
6954,7482,or/Alpha,17,2,15,4.445926419917751e-05,0.0001888091694617828,0.8823529411764706
6955,7483,서른/Noun,17,15,2,0.00018895187284650438,4.4425686932184186e-05,0.8823529411764706
6956,7484,앞세우다/Verb,17,2,15,4.445926419917751e-05,0.0001888091694617828,0.8823529411764706
6957,7485,심플/Noun,17,14,3,0.00017783705679671002,5.553210866523024e-05,0.8235294117647058
6958,7486,단면/Noun,17,14,3,0.00017783705679671002,5.553210866523024e-05,0.8235294117647058
6959,7487,사지/Noun,17,3,14,5.5574080248971876e-05,0.00017770274772873674,0.8235294117647058
6960,7488,딘/Noun,17,14,3,0.00017783705679671002,5.553210866523024e-05,0.8235294117647058
6961,7489,심보/Noun,17,3,14,5.5574080248971876e-05,0.00017770274772873674,0.8235294117647058
6962,7490,악어/Noun,17,3,14,5.5574080248971876e-05,0.00017770274772873674,0.8235294117647058
6963,7491,거저/Noun,17,3,14,5.5574080248971876e-05,0.00017770274772873674,0.8235294117647058
6964,7492,상위/Noun,17,14,3,0.00017783705679671002,5.553210866523024e-05,0.8235294117647058
6965,7493,생생/Noun,17,14,3,0.00017783705679671002,5.553210866523024e-05,0.8235294117647058
6966,7494,앤드류/Noun,17,14,3,0.00017783705679671002,5.553210866523024e-05,0.8235294117647058
6967,7495,폐인/Noun,17,14,3,0.00017783705679671002,5.553210866523024e-05,0.8235294117647058
6968,7496,ok/Alpha,17,3,14,5.5574080248971876e-05,0.00017770274772873674,0.8235294117647058
6969,7497,시리/Noun,17,14,3,0.00017783705679671002,5.553210866523024e-05,0.8235294117647058
6970,7498,제멋대로/Noun,17,3,14,5.5574080248971876e-05,0.00017770274772873674,0.8235294117647058
6971,7499,서비스/Noun,17,3,14,5.5574080248971876e-05,0.00017770274772873674,0.8235294117647058
6972,7500,쏠리다/Verb,17,3,14,5.5574080248971876e-05,0.00017770274772873674,0.8235294117647058
6973,7501,꽥꽥/Adverb,17,3,14,5.5574080248971876e-05,0.00017770274772873674,0.8235294117647058
6974,7502,빙빙/Noun,17,3,14,5.5574080248971876e-05,0.00017770274772873674,0.8235294117647058
6975,7503,뮤/Noun,17,14,3,0.00017783705679671002,5.553210866523024e-05,0.8235294117647058
6976,7504,쑤시다/Verb,17,3,14,5.5574080248971876e-05,0.00017770274772873674,0.8235294117647058
6977,7505,저희/Modifier,17,14,3,0.00017783705679671002,5.553210866523024e-05,0.8235294117647058
6978,7506,일색/Noun,17,3,14,5.5574080248971876e-05,0.00017770274772873674,0.8235294117647058
6979,7507,진진/Noun,17,14,3,0.00017783705679671002,5.553210866523024e-05,0.8235294117647058
6980,7508,배급/Noun,17,3,14,5.5574080248971876e-05,0.00017770274772873674,0.8235294117647058
6981,7509,운지/Noun,17,3,14,5.5574080248971876e-05,0.00017770274772873674,0.8235294117647058
6982,7510,토크/Noun,17,4,13,6.668889629876625e-05,0.0001665963259956907,0.7647058823529411
6983,7511,교/Noun,17,4,13,6.668889629876625e-05,0.0001665963259956907,0.7647058823529411
6984,7512,커트/Noun,17,13,4,0.00016672224074691566,6.663853039827628e-05,0.7647058823529411
6985,7513,우상/Noun,17,13,4,0.00016672224074691566,6.663853039827628e-05,0.7647058823529411
6986,7514,웠/Noun,17,13,4,0.00016672224074691566,6.663853039827628e-05,0.7647058823529411
6987,7515,미생/Noun,17,13,4,0.00016672224074691566,6.663853039827628e-05,0.7647058823529411
6988,7516,1998년/Number,17,13,4,0.00016672224074691566,6.663853039827628e-05,0.7647058823529411
6989,7517,내사/Noun,17,13,4,0.00016672224074691566,6.663853039827628e-05,0.7647058823529411
6990,7518,토시/Noun,17,4,13,6.668889629876625e-05,0.0001665963259956907,0.7647058823529411
6991,7519,아비/Noun,17,4,13,6.668889629876625e-05,0.0001665963259956907,0.7647058823529411
6992,7520,웨스/Noun,17,13,4,0.00016672224074691566,6.663853039827628e-05,0.7647058823529411
6993,7521,붙이/Noun,17,4,13,6.668889629876625e-05,0.0001665963259956907,0.7647058823529411
6994,7522,넘사벽/Noun,17,13,4,0.00016672224074691566,6.663853039827628e-05,0.7647058823529411
6995,7523,--;;/Punctuation,17,4,13,6.668889629876625e-05,0.0001665963259956907,0.7647058823529411
6996,7524,맘마미아/Noun,17,4,13,6.668889629876625e-05,0.0001665963259956907,0.7647058823529411
6997,7525,처지다/Verb,17,4,13,6.668889629876625e-05,0.0001665963259956907,0.7647058823529411
6998,7526,쉰/Noun,17,13,4,0.00016672224074691566,6.663853039827628e-05,0.7647058823529411
6999,7527,뽑히다/Verb,17,4,13,6.668889629876625e-05,0.0001665963259956907,0.7647058823529411
7000,7528,거려/Noun,17,4,13,6.668889629876625e-05,0.0001665963259956907,0.7647058823529411
7001,7529,..~/Punctuation,17,13,4,0.00016672224074691566,6.663853039827628e-05,0.7647058823529411
7002,7530,기립박수/Noun,17,13,4,0.00016672224074691566,6.663853039827628e-05,0.7647058823529411
7003,7531,래서/Noun,17,4,13,6.668889629876625e-05,0.0001665963259956907,0.7647058823529411
7004,7532,만능/Noun,17,13,4,0.00016672224074691566,6.663853039827628e-05,0.7647058823529411
7005,7533,마당/Noun,17,4,13,6.668889629876625e-05,0.0001665963259956907,0.7647058823529411
7006,7534,시궁창/Noun,17,4,13,6.668889629876625e-05,0.0001665963259956907,0.7647058823529411
7007,7535,발랄/Noun,17,13,4,0.00016672224074691566,6.663853039827628e-05,0.7647058823529411
7008,7536,항/Noun,17,4,13,6.668889629876625e-05,0.0001665963259956907,0.7647058823529411
7009,7537,시원찮다/Adjective,17,4,13,6.668889629876625e-05,0.0001665963259956907,0.7647058823529411
7010,7538,릴/Noun,17,5,12,7.780371234856063e-05,0.00015548990426264466,0.7058823529411765
7011,7539,연쇄/Noun,17,5,12,7.780371234856063e-05,0.00015548990426264466,0.7058823529411765
7012,7540,회수/Noun,17,5,12,7.780371234856063e-05,0.00015548990426264466,0.7058823529411765
7013,7541,소금/Noun,17,5,12,7.780371234856063e-05,0.00015548990426264466,0.7058823529411765
7014,7542,아가씨/Noun,17,5,12,7.780371234856063e-05,0.00015548990426264466,0.7058823529411765
7015,7543,머임/Noun,17,5,12,7.780371234856063e-05,0.00015548990426264466,0.7058823529411765
7016,7544,위엄/Noun,17,5,12,7.780371234856063e-05,0.00015548990426264466,0.7058823529411765
7017,7545,스탭/Noun,17,12,5,0.00015560742469712126,7.774495213132233e-05,0.7058823529411765
7018,7546,다행하다/Adjective,17,12,5,0.00015560742469712126,7.774495213132233e-05,0.7058823529411765
7019,7547,비위/Noun,17,5,12,7.780371234856063e-05,0.00015548990426264466,0.7058823529411765
7020,7548,특수부대/Noun,17,5,12,7.780371234856063e-05,0.00015548990426264466,0.7058823529411765
7021,7549,신영화/Noun,17,5,12,7.780371234856063e-05,0.00015548990426264466,0.7058823529411765
7022,7550,더럽히다/Verb,17,5,12,7.780371234856063e-05,0.00015548990426264466,0.7058823529411765
7023,7551,은밀/Noun,17,5,12,7.780371234856063e-05,0.00015548990426264466,0.7058823529411765
7024,7552,요한/Noun,17,12,5,0.00015560742469712126,7.774495213132233e-05,0.7058823529411765
7025,7553,p/Alpha,17,5,12,7.780371234856063e-05,0.00015548990426264466,0.7058823529411765
7026,7554,어쩌다가/Noun,17,5,12,7.780371234856063e-05,0.00015548990426264466,0.7058823529411765
7027,7555,아버/Noun,17,5,12,7.780371234856063e-05,0.00015548990426264466,0.7058823529411765
7028,7556,뒷모습/Noun,17,12,5,0.00015560742469712126,7.774495213132233e-05,0.7058823529411765
7029,7557,우습다/Adjective,17,5,12,7.780371234856063e-05,0.00015548990426264466,0.7058823529411765
7030,7558,................../Punctuation,17,5,12,7.780371234856063e-05,0.00015548990426264466,0.7058823529411765
7031,7559,당첨/Noun,17,5,12,7.780371234856063e-05,0.00015548990426264466,0.7058823529411765
7032,7560,물어/Noun,17,5,12,7.780371234856063e-05,0.00015548990426264466,0.7058823529411765
7033,7561,9.5/Number,17,12,5,0.00015560742469712126,7.774495213132233e-05,0.7058823529411765
7034,7562,종결/Noun,17,5,12,7.780371234856063e-05,0.00015548990426264466,0.7058823529411765
7035,7563,드럼/Noun,17,12,5,0.00015560742469712126,7.774495213132233e-05,0.7058823529411765
7036,7564,영화제작/Noun,17,5,12,7.780371234856063e-05,0.00015548990426264466,0.7058823529411765
7037,7565,입술/Noun,17,5,12,7.780371234856063e-05,0.00015548990426264466,0.7058823529411765
7038,7566,졋/Noun,17,5,12,7.780371234856063e-05,0.00015548990426264466,0.7058823529411765
7039,7567,맴/Noun,17,12,5,0.00015560742469712126,7.774495213132233e-05,0.7058823529411765
7040,7568,아부/Noun,17,5,12,7.780371234856063e-05,0.00015548990426264466,0.7058823529411765
7041,7569,전기영/Noun,17,12,5,0.00015560742469712126,7.774495213132233e-05,0.7058823529411765
7042,7570,윤제문/Noun,17,12,5,0.00015560742469712126,7.774495213132233e-05,0.7058823529411765
7043,7571,라가/Noun,17,5,12,7.780371234856063e-05,0.00015548990426264466,0.7058823529411765
7044,7572,해바라기/Noun,17,5,12,7.780371234856063e-05,0.00015548990426264466,0.7058823529411765
7045,7573,이보영/Noun,17,12,5,0.00015560742469712126,7.774495213132233e-05,0.7058823529411765
7046,7574,클로즈업/Noun,17,5,12,7.780371234856063e-05,0.00015548990426264466,0.7058823529411765
7047,7575,!!!!!!!!!!!!!!/Punctuation,17,11,6,0.0001444926086473269,8.885137386436837e-05,0.6470588235294118
7048,7576,92년/Number,17,11,6,0.0001444926086473269,8.885137386436837e-05,0.6470588235294118
7049,7577,판빙빙/Noun,17,6,11,8.891852839835501e-05,0.0001443834825295986,0.6470588235294118
7050,7578,끝없이/Adverb,17,11,6,0.0001444926086473269,8.885137386436837e-05,0.6470588235294118
7051,7579,영향력/Noun,17,11,6,0.0001444926086473269,8.885137386436837e-05,0.6470588235294118
7052,7580,한류/Noun,17,6,11,8.891852839835501e-05,0.0001443834825295986,0.6470588235294118
7053,7581,몇몇/Modifier,17,6,11,8.891852839835501e-05,0.0001443834825295986,0.6470588235294118
7054,7582,내심/Noun,17,6,11,8.891852839835501e-05,0.0001443834825295986,0.6470588235294118
7055,7583,도발/Noun,17,6,11,8.891852839835501e-05,0.0001443834825295986,0.6470588235294118
7056,7584,어나/Modifier,17,6,11,8.891852839835501e-05,0.0001443834825295986,0.6470588235294118
7057,7585,서영희/Noun,17,11,6,0.0001444926086473269,8.885137386436837e-05,0.6470588235294118
7058,7586,세계대전/Noun,17,6,11,8.891852839835501e-05,0.0001443834825295986,0.6470588235294118
7059,7587,투신/Noun,17,11,6,0.0001444926086473269,8.885137386436837e-05,0.6470588235294118
7060,7588,VOD/Alpha,17,6,11,8.891852839835501e-05,0.0001443834825295986,0.6470588235294118
7061,7589,민감하다/Adjective,17,6,11,8.891852839835501e-05,0.0001443834825295986,0.6470588235294118
7062,7590,정경호/Noun,17,11,6,0.0001444926086473269,8.885137386436837e-05,0.6470588235294118
7063,7591,You/Alpha,17,11,6,0.0001444926086473269,8.885137386436837e-05,0.6470588235294118
7064,7592,휴대폰/Noun,17,6,11,8.891852839835501e-05,0.0001443834825295986,0.6470588235294118
7065,7593,인디영화/Noun,17,6,11,8.891852839835501e-05,0.0001443834825295986,0.6470588235294118
7066,7594,94년/Number,17,11,6,0.0001444926086473269,8.885137386436837e-05,0.6470588235294118
7067,7595,가격/Noun,17,6,11,8.891852839835501e-05,0.0001443834825295986,0.6470588235294118
7068,7596,사투/Noun,17,11,6,0.0001444926086473269,8.885137386436837e-05,0.6470588235294118
7069,7597,초한지/Noun,17,11,6,0.0001444926086473269,8.885137386436837e-05,0.6470588235294118
7070,7598,십/Noun,17,6,11,8.891852839835501e-05,0.0001443834825295986,0.6470588235294118
7071,7599,훨신/Noun,17,6,11,8.891852839835501e-05,0.0001443834825295986,0.6470588235294118
7072,7600,장안/Noun,17,6,11,8.891852839835501e-05,0.0001443834825295986,0.6470588235294118
7073,7601,자동/Noun,17,6,11,8.891852839835501e-05,0.0001443834825295986,0.6470588235294118
7074,7602,대명사/Noun,17,11,6,0.0001444926086473269,8.885137386436837e-05,0.6470588235294118
7075,7603,이명박/Noun,17,6,11,8.891852839835501e-05,0.0001443834825295986,0.6470588235294118
7076,7604,은영/Noun,17,6,11,8.891852839835501e-05,0.0001443834825295986,0.6470588235294118
7077,7605,사색/Noun,17,11,6,0.0001444926086473269,8.885137386436837e-05,0.6470588235294118
7078,7606,요괴/Noun,17,11,6,0.0001444926086473269,8.885137386436837e-05,0.6470588235294118
7079,7607,발킬머/Noun,17,11,6,0.0001444926086473269,8.885137386436837e-05,0.6470588235294118
7080,7608,하녀/Noun,17,6,11,8.891852839835501e-05,0.0001443834825295986,0.6470588235294118
7081,7609,디지털/Noun,17,6,11,8.891852839835501e-05,0.0001443834825295986,0.6470588235294118
7082,7610,옆집/Noun,17,6,11,8.891852839835501e-05,0.0001443834825295986,0.6470588235294118
7083,7611,후후/Exclamation,17,11,6,0.0001444926086473269,8.885137386436837e-05,0.6470588235294118
7084,7612,차이나다/Verb,17,6,11,8.891852839835501e-05,0.0001443834825295986,0.6470588235294118
7085,7613,뒷이야기/Noun,17,11,6,0.0001444926086473269,8.885137386436837e-05,0.6470588235294118
7086,7614,김지수/Noun,17,11,6,0.0001444926086473269,8.885137386436837e-05,0.6470588235294118
7087,7615,올드/Noun,17,6,11,8.891852839835501e-05,0.0001443834825295986,0.6470588235294118
7088,7616,툭/Noun,17,6,11,8.891852839835501e-05,0.0001443834825295986,0.6470588235294118
7089,7617,일로/Noun,17,6,11,8.891852839835501e-05,0.0001443834825295986,0.6470588235294118
7090,7618,사이먼/Noun,17,11,6,0.0001444926086473269,8.885137386436837e-05,0.6470588235294118
7091,7619,카이/Noun,17,11,6,0.0001444926086473269,8.885137386436837e-05,0.6470588235294118
7092,7620,유일/Noun,17,10,7,0.0001333777925975325,9.995779559741441e-05,0.5882352941176471
7093,7621,올리버/Noun,17,7,10,0.0001000333444481494,0.00013327706079655256,0.5882352941176471
7094,7622,60/Number,17,7,10,0.0001000333444481494,0.00013327706079655256,0.5882352941176471
7095,7623,공중/Noun,17,10,7,0.0001333777925975325,9.995779559741441e-05,0.5882352941176471
7096,7624,)./Punctuation,17,7,10,0.0001000333444481494,0.00013327706079655256,0.5882352941176471
7097,7625,박시연/Noun,17,10,7,0.0001333777925975325,9.995779559741441e-05,0.5882352941176471
7098,7626,실버/Noun,17,10,7,0.0001333777925975325,9.995779559741441e-05,0.5882352941176471
7099,7627,봣으/Noun,17,10,7,0.0001333777925975325,9.995779559741441e-05,0.5882352941176471
7100,7628,후려/Noun,17,7,10,0.0001000333444481494,0.00013327706079655256,0.5882352941176471
7101,7629,70/Number,17,10,7,0.0001333777925975325,9.995779559741441e-05,0.5882352941176471
7102,7630,보리/Noun,17,10,7,0.0001333777925975325,9.995779559741441e-05,0.5882352941176471
7103,7631,한가인/Noun,17,7,10,0.0001000333444481494,0.00013327706079655256,0.5882352941176471
7104,7632,인의/Noun,17,7,10,0.0001000333444481494,0.00013327706079655256,0.5882352941176471
7105,7633,볼타/Noun,17,10,7,0.0001333777925975325,9.995779559741441e-05,0.5882352941176471
7106,7634,금물/Noun,17,7,10,0.0001000333444481494,0.00013327706079655256,0.5882352941176471
7107,7635,1970년/Number,17,7,10,0.0001000333444481494,0.00013327706079655256,0.5882352941176471
7108,7636,배우진/Noun,17,7,10,0.0001000333444481494,0.00013327706079655256,0.5882352941176471
7109,7637,헨리/Noun,17,10,7,0.0001333777925975325,9.995779559741441e-05,0.5882352941176471
7110,7638,의의/Noun,17,10,7,0.0001333777925975325,9.995779559741441e-05,0.5882352941176471
7111,7639,마사/Noun,17,10,7,0.0001333777925975325,9.995779559741441e-05,0.5882352941176471
7112,7640,킬빌/Noun,17,7,10,0.0001000333444481494,0.00013327706079655256,0.5882352941176471
7113,7641,유태인/Noun,17,10,7,0.0001333777925975325,9.995779559741441e-05,0.5882352941176471
7114,7642,이런저런/Modifier,17,7,10,0.0001000333444481494,0.00013327706079655256,0.5882352941176471
7115,7643,는가/Noun,17,10,7,0.0001333777925975325,9.995779559741441e-05,0.5882352941176471
7116,7644,동방불패/Noun,17,10,7,0.0001333777925975325,9.995779559741441e-05,0.5882352941176471
7117,7645,NO/Alpha,17,7,10,0.0001000333444481494,0.00013327706079655256,0.5882352941176471
7118,7646,마루/Noun,17,10,7,0.0001333777925975325,9.995779559741441e-05,0.5882352941176471
7119,7647,브로스/Noun,17,10,7,0.0001333777925975325,9.995779559741441e-05,0.5882352941176471
7120,7648,베테/Noun,17,10,7,0.0001333777925975325,9.995779559741441e-05,0.5882352941176471
7121,7649,싱크/Noun,17,7,10,0.0001000333444481494,0.00013327706079655256,0.5882352941176471
7122,7650,일병/Noun,17,10,7,0.0001333777925975325,9.995779559741441e-05,0.5882352941176471
7123,7651,존슨/Noun,17,7,10,0.0001000333444481494,0.00013327706079655256,0.5882352941176471
7124,7652,배경음/Noun,17,10,7,0.0001333777925975325,9.995779559741441e-05,0.5882352941176471
7125,7653,10000/Number,17,10,7,0.0001333777925975325,9.995779559741441e-05,0.5882352941176471
7126,7654,백년/Noun,17,10,7,0.0001333777925975325,9.995779559741441e-05,0.5882352941176471
7127,7655,이이/Noun,17,10,7,0.0001333777925975325,9.995779559741441e-05,0.5882352941176471
7128,7656,잡기/Noun,17,7,10,0.0001000333444481494,0.00013327706079655256,0.5882352941176471
7129,7657,라라/Noun,17,8,9,0.00011114816049794375,0.00012217063906350652,0.5294117647058824
7130,7658,도록/Noun,17,9,8,0.00012226297654773814,0.00011106421733046048,0.5294117647058824
7131,7659,라나/Noun,17,9,8,0.00012226297654773814,0.00011106421733046048,0.5294117647058824
7132,7660,본분/Noun,17,9,8,0.00012226297654773814,0.00011106421733046048,0.5294117647058824
7133,7661,예감/Noun,17,9,8,0.00012226297654773814,0.00011106421733046048,0.5294117647058824
7134,7662,제대/Noun,17,9,8,0.00012226297654773814,0.00011106421733046048,0.5294117647058824
7135,7663,안도/Noun,17,8,9,0.00011114816049794375,0.00012217063906350652,0.5294117647058824
7136,7664,더글라스/Noun,17,8,9,0.00011114816049794375,0.00012217063906350652,0.5294117647058824
7137,7665,인천/Noun,17,9,8,0.00012226297654773814,0.00011106421733046048,0.5294117647058824
7138,7666,무릎/Noun,17,9,8,0.00012226297654773814,0.00011106421733046048,0.5294117647058824
7139,7667,홀딱/Noun,17,8,9,0.00011114816049794375,0.00012217063906350652,0.5294117647058824
7140,7668,?(/Punctuation,17,8,9,0.00011114816049794375,0.00012217063906350652,0.5294117647058824
7141,7669,다람쥐/Noun,17,9,8,0.00012226297654773814,0.00011106421733046048,0.5294117647058824
7142,7670,햄버거/Noun,17,9,8,0.00012226297654773814,0.00011106421733046048,0.5294117647058824
7143,7671,움직/Noun,17,9,8,0.00012226297654773814,0.00011106421733046048,0.5294117647058824
7144,7672,퍼포먼스/Noun,17,9,8,0.00012226297654773814,0.00011106421733046048,0.5294117647058824
7145,7673,다잡다/Verb,17,8,9,0.00011114816049794375,0.00012217063906350652,0.5294117647058824
7146,7674,굿닥터/Noun,17,8,9,0.00011114816049794375,0.00012217063906350652,0.5294117647058824
7147,7675,지니어스/Noun,17,9,8,0.00012226297654773814,0.00011106421733046048,0.5294117647058824
7148,7676,티스/Noun,17,9,8,0.00012226297654773814,0.00011106421733046048,0.5294117647058824
7149,7677,디자이너/Noun,17,9,8,0.00012226297654773814,0.00011106421733046048,0.5294117647058824
7150,7678,주자/Noun,17,9,8,0.00012226297654773814,0.00011106421733046048,0.5294117647058824
7151,7679,G/Alpha,17,8,9,0.00011114816049794375,0.00012217063906350652,0.5294117647058824
7152,7680,어드벤쳐/Noun,17,9,8,0.00012226297654773814,0.00011106421733046048,0.5294117647058824
7153,7681,어어/Noun,17,8,9,0.00011114816049794375,0.00012217063906350652,0.5294117647058824
7154,7682,더블/Noun,17,8,9,0.00011114816049794375,0.00012217063906350652,0.5294117647058824
7155,7683,디다/Noun,17,8,9,0.00011114816049794375,0.00012217063906350652,0.5294117647058824
7156,7684,치아/Noun,17,9,8,0.00012226297654773814,0.00011106421733046048,0.5294117647058824
7157,7685,드류/Noun,17,9,8,0.00012226297654773814,0.00011106421733046048,0.5294117647058824
7158,7686,공산당/Noun,17,9,8,0.00012226297654773814,0.00011106421733046048,0.5294117647058824
7159,7687,주년/Noun,17,8,9,0.00011114816049794375,0.00012217063906350652,0.5294117647058824
7160,7688,쿨/Noun,17,9,8,0.00012226297654773814,0.00011106421733046048,0.5294117647058824
7161,7689,옜날/Noun,17,9,8,0.00012226297654773814,0.00011106421733046048,0.5294117647058824
7162,7690,내미다/Verb,17,9,8,0.00012226297654773814,0.00011106421733046048,0.5294117647058824
7163,7691,니슨/Noun,17,8,9,0.00011114816049794375,0.00012217063906350652,0.5294117647058824
7164,7692,100만/Number,17,9,8,0.00012226297654773814,0.00011106421733046048,0.5294117647058824
7165,7693,참담하다/Adjective,17,8,9,0.00011114816049794375,0.00012217063906350652,0.5294117647058824
7166,7694,조화롭다/Adjective,17,9,8,0.00012226297654773814,0.00011106421733046048,0.5294117647058824
7167,7695,위인/Noun,17,8,9,0.00011114816049794375,0.00012217063906350652,0.5294117647058824
7168,7696,이동진/Noun,17,9,8,0.00012226297654773814,0.00011106421733046048,0.5294117647058824
7169,7697,정준영/Noun,17,9,8,0.00012226297654773814,0.00011106421733046048,0.5294117647058824
7170,7698,빼먹다/Verb,17,9,8,0.00012226297654773814,0.00011106421733046048,0.5294117647058824
7171,7699,타파/Noun,17,9,8,0.00012226297654773814,0.00011106421733046048,0.5294117647058824
7172,7700,ㅁㅈㅎ/KoreanParticle,16,0,16,2.2229632099588756e-05,0.00019991559119482882,1.0
7173,7701,이뭐병/Noun,16,0,16,2.2229632099588756e-05,0.00019991559119482882,1.0
7174,7702,코끝/Noun,16,16,0,0.0002000666888962988,2.2212843466092093e-05,1.0
7175,7703,루고/Noun,16,0,16,2.2229632099588756e-05,0.00019991559119482882,1.0
7176,7704,감격/Noun,16,16,0,0.0002000666888962988,2.2212843466092093e-05,1.0
7177,7705,bbbb/Alpha,16,16,0,0.0002000666888962988,2.2212843466092093e-05,1.0
7178,7706,박하/Noun,16,16,0,0.0002000666888962988,2.2212843466092093e-05,1.0
7179,7707,좆망/Noun,16,1,15,3.334444814938313e-05,0.0001888091694617828,0.9375
7180,7708,찰스/Noun,16,15,1,0.00018895187284650438,3.331926519913814e-05,0.9375
7181,7709,상술/Noun,16,1,15,3.334444814938313e-05,0.0001888091694617828,0.9375
7182,7710,넘침/Noun,16,15,1,0.00018895187284650438,3.331926519913814e-05,0.9375
7183,7711,공군/Noun,16,1,15,3.334444814938313e-05,0.0001888091694617828,0.9375
7184,7712,모도/Noun,16,15,1,0.00018895187284650438,3.331926519913814e-05,0.9375
7185,7713,짱깨/Noun,16,1,15,3.334444814938313e-05,0.0001888091694617828,0.9375
7186,7714,씌우다/Verb,16,1,15,3.334444814938313e-05,0.0001888091694617828,0.9375
7187,7715,am/Alpha,16,15,1,0.00018895187284650438,3.331926519913814e-05,0.9375
7188,7716,빙자/Noun,16,1,15,3.334444814938313e-05,0.0001888091694617828,0.9375
7189,7717,윤재/Noun,16,1,15,3.334444814938313e-05,0.0001888091694617828,0.9375
7190,7718,얼렁뚱땅/Noun,16,1,15,3.334444814938313e-05,0.0001888091694617828,0.9375
7191,7719,하비에르/Noun,16,15,1,0.00018895187284650438,3.331926519913814e-05,0.9375
7192,7720,표지/Noun,16,2,14,4.445926419917751e-05,0.00017770274772873674,0.875
7193,7721,부추기다/Verb,16,2,14,4.445926419917751e-05,0.00017770274772873674,0.875
7194,7722,전과/Noun,16,14,2,0.00017783705679671002,4.4425686932184186e-05,0.875
7195,7723,우수/Noun,16,14,2,0.00017783705679671002,4.4425686932184186e-05,0.875
7196,7724,샤크/Noun,16,2,14,4.445926419917751e-05,0.00017770274772873674,0.875
7197,7725,과소/Noun,16,14,2,0.00017783705679671002,4.4425686932184186e-05,0.875
7198,7726,신중하다/Adjective,16,2,14,4.445926419917751e-05,0.00017770274772873674,0.875
7199,7727,유부/Noun,16,2,14,4.445926419917751e-05,0.00017770274772873674,0.875
7200,7728,돌아이/Noun,16,2,14,4.445926419917751e-05,0.00017770274772873674,0.875
7201,7729,!!!!!!!!!!/Punctuation,16,14,2,0.00017783705679671002,4.4425686932184186e-05,0.875
7202,7730,프렌즈/Noun,16,14,2,0.00017783705679671002,4.4425686932184186e-05,0.875
7203,7731,사죄/Noun,16,2,14,4.445926419917751e-05,0.00017770274772873674,0.875
7204,7732,어렴풋이/Adverb,16,14,2,0.00017783705679671002,4.4425686932184186e-05,0.875
7205,7733,막연하다/Adjective,16,14,2,0.00017783705679671002,4.4425686932184186e-05,0.875
7206,7734,값지다/Adjective,16,14,2,0.00017783705679671002,4.4425686932184186e-05,0.875
7207,7735,수박/Noun,16,2,14,4.445926419917751e-05,0.00017770274772873674,0.875
7208,7736,찌꺼기/Noun,16,2,14,4.445926419917751e-05,0.00017770274772873674,0.875
7209,7737,사먹다/Verb,16,2,14,4.445926419917751e-05,0.00017770274772873674,0.875
7210,7738,벗/Noun,16,2,14,4.445926419917751e-05,0.00017770274772873674,0.875
7211,7739,타겟/Noun,16,2,14,4.445926419917751e-05,0.00017770274772873674,0.875
7212,7740,직설/Noun,16,14,2,0.00017783705679671002,4.4425686932184186e-05,0.875
7213,7741,볼품/Noun,16,2,14,4.445926419917751e-05,0.00017770274772873674,0.875
7214,7742,sm/Alpha,16,2,14,4.445926419917751e-05,0.00017770274772873674,0.875
7215,7743,쓰시/Noun,16,3,13,5.5574080248971876e-05,0.0001665963259956907,0.8125
7216,7744,야마카시/Noun,16,3,13,5.5574080248971876e-05,0.0001665963259956907,0.8125
7217,7745,훈훈/Noun,16,13,3,0.00016672224074691566,5.553210866523024e-05,0.8125
7218,7746,지리하다/Adjective,16,3,13,5.5574080248971876e-05,0.0001665963259956907,0.8125
7219,7747,김아중/Noun,16,13,3,0.00016672224074691566,5.553210866523024e-05,0.8125
7220,7748,연성/Noun,16,3,13,5.5574080248971876e-05,0.0001665963259956907,0.8125
7221,7749,여학생/Noun,16,3,13,5.5574080248971876e-05,0.0001665963259956907,0.8125
7222,7750,찔끔/Adverb,16,13,3,0.00016672224074691566,5.553210866523024e-05,0.8125
7223,7751,개무시/Noun,16,3,13,5.5574080248971876e-05,0.0001665963259956907,0.8125
7224,7752,하트넷/Noun,16,13,3,0.00016672224074691566,5.553210866523024e-05,0.8125
7225,7753,;;;;;;/Punctuation,16,3,13,5.5574080248971876e-05,0.0001665963259956907,0.8125
7226,7754,입사/Noun,16,3,13,5.5574080248971876e-05,0.0001665963259956907,0.8125
7227,7755,지혜/Noun,16,13,3,0.00016672224074691566,5.553210866523024e-05,0.8125
7228,7756,살의/Noun,16,13,3,0.00016672224074691566,5.553210866523024e-05,0.8125
7229,7757,리나/Noun,16,3,13,5.5574080248971876e-05,0.0001665963259956907,0.8125
7230,7758,황정음/Noun,16,13,3,0.00016672224074691566,5.553210866523024e-05,0.8125
7231,7759,강정/Noun,16,3,13,5.5574080248971876e-05,0.0001665963259956907,0.8125
7232,7760,방화/Noun,16,3,13,5.5574080248971876e-05,0.0001665963259956907,0.8125
7233,7761,색기/Noun,16,3,13,5.5574080248971876e-05,0.0001665963259956907,0.8125
7234,7762,현기증/Noun,16,13,3,0.00016672224074691566,5.553210866523024e-05,0.8125
7235,7763,갈피/Noun,16,3,13,5.5574080248971876e-05,0.0001665963259956907,0.8125
7236,7764,차려/Noun,16,3,13,5.5574080248971876e-05,0.0001665963259956907,0.8125
7237,7765,이시영/Noun,16,13,3,0.00016672224074691566,5.553210866523024e-05,0.8125
7238,7766,퇴/Noun,16,3,13,5.5574080248971876e-05,0.0001665963259956907,0.8125
7239,7767,불허/Noun,16,13,3,0.00016672224074691566,5.553210866523024e-05,0.8125
7240,7768,배틀로얄/Noun,16,3,13,5.5574080248971876e-05,0.0001665963259956907,0.8125
7241,7769,국민학교/Noun,16,13,3,0.00016672224074691566,5.553210866523024e-05,0.8125
7242,7770,무당/Noun,16,3,13,5.5574080248971876e-05,0.0001665963259956907,0.8125
7243,7771,유동근/Noun,16,13,3,0.00016672224074691566,5.553210866523024e-05,0.8125
7244,7772,매염방/Noun,16,12,4,0.00015560742469712126,6.663853039827628e-05,0.75
7245,7773,꼬박꼬박/Noun,16,12,4,0.00015560742469712126,6.663853039827628e-05,0.75
7246,7774,넘버원/Noun,16,12,4,0.00015560742469712126,6.663853039827628e-05,0.75
7247,7775,쥑/Noun,16,12,4,0.00015560742469712126,6.663853039827628e-05,0.75
7248,7776,사무엘/Noun,16,12,4,0.00015560742469712126,6.663853039827628e-05,0.75
7249,7777,be/Alpha,16,12,4,0.00015560742469712126,6.663853039827628e-05,0.75
7250,7778,자폐/Noun,16,4,12,6.668889629876625e-05,0.00015548990426264466,0.75
7251,7779,빠돌이/Noun,16,4,12,6.668889629876625e-05,0.00015548990426264466,0.75
7252,7780,세기말/Noun,16,12,4,0.00015560742469712126,6.663853039827628e-05,0.75
7253,7781,김지운/Noun,16,12,4,0.00015560742469712126,6.663853039827628e-05,0.75
7254,7782,럼/Noun,16,4,12,6.668889629876625e-05,0.00015548990426264466,0.75
7255,7783,_-/Punctuation,16,4,12,6.668889629876625e-05,0.00015548990426264466,0.75
7256,7784,화구/Noun,16,4,12,6.668889629876625e-05,0.00015548990426264466,0.75
7257,7785,가물가물/Adverb,16,12,4,0.00015560742469712126,6.663853039827628e-05,0.75
7258,7786,1995년/Number,16,12,4,0.00015560742469712126,6.663853039827628e-05,0.75
7259,7787,-_-;;;/Punctuation,16,4,12,6.668889629876625e-05,0.00015548990426264466,0.75
7260,7788,한채영/Noun,16,4,12,6.668889629876625e-05,0.00015548990426264466,0.75
7261,7789,연속극/Noun,16,4,12,6.668889629876625e-05,0.00015548990426264466,0.75
7262,7790,뜻밖/Noun,16,12,4,0.00015560742469712126,6.663853039827628e-05,0.75
7263,7791,손녀/Noun,16,4,12,6.668889629876625e-05,0.00015548990426264466,0.75
7264,7792,상품/Noun,16,4,12,6.668889629876625e-05,0.00015548990426264466,0.75
7265,7793,장엄하다/Adjective,16,12,4,0.00015560742469712126,6.663853039827628e-05,0.75
7266,7794,꼽으라/Noun,16,12,4,0.00015560742469712126,6.663853039827628e-05,0.75
7267,7795,앙상블/Noun,16,12,4,0.00015560742469712126,6.663853039827628e-05,0.75
7268,7796,피닉스/Noun,16,12,4,0.00015560742469712126,6.663853039827628e-05,0.75
7269,7797,건축/Noun,16,12,4,0.00015560742469712126,6.663853039827628e-05,0.75
7270,7798,알콩달콩/Noun,16,12,4,0.00015560742469712126,6.663853039827628e-05,0.75
7271,7799,개쩜/Noun,16,12,4,0.00015560742469712126,6.663853039827628e-05,0.75
7272,7800,두기/Noun,16,12,4,0.00015560742469712126,6.663853039827628e-05,0.75
7273,7801,...??/Punctuation,16,4,12,6.668889629876625e-05,0.00015548990426264466,0.75
7274,7802,시내/Noun,16,4,12,6.668889629876625e-05,0.00015548990426264466,0.75
7275,7803,김상경/Noun,16,12,4,0.00015560742469712126,6.663853039827628e-05,0.75
7276,7804,우기/Noun,16,4,12,6.668889629876625e-05,0.00015548990426264466,0.75
7277,7805,숙제/Noun,16,12,4,0.00015560742469712126,6.663853039827628e-05,0.75
7278,7806,"...""/Punctuation",16,4,12,6.668889629876625e-05,0.00015548990426264466,0.75
7279,7807,설계/Noun,16,4,12,6.668889629876625e-05,0.00015548990426264466,0.75
7280,7808,베댓/Noun,16,4,12,6.668889629876625e-05,0.00015548990426264466,0.75
7281,7809,불편/Noun,16,4,12,6.668889629876625e-05,0.00015548990426264466,0.75
7282,7810,코메/Noun,16,4,12,6.668889629876625e-05,0.00015548990426264466,0.75
7283,7811,바리/Noun,16,4,12,6.668889629876625e-05,0.00015548990426264466,0.75
7284,7812,파커/Noun,16,12,4,0.00015560742469712126,6.663853039827628e-05,0.75
7285,7813,십분/Noun,16,4,12,6.668889629876625e-05,0.00015548990426264466,0.75
7286,7814,바둑/Noun,16,4,12,6.668889629876625e-05,0.00015548990426264466,0.75
7287,7815,제압/Noun,16,4,12,6.668889629876625e-05,0.00015548990426264466,0.75
7288,7816,집어치우다/Verb,16,4,12,6.668889629876625e-05,0.00015548990426264466,0.75
7289,7817,치의/Noun,16,12,4,0.00015560742469712126,6.663853039827628e-05,0.75
7290,7818,간혹/Noun,16,5,11,7.780371234856063e-05,0.0001443834825295986,0.6875
7291,7819,힘차다/Adjective,16,5,11,7.780371234856063e-05,0.0001443834825295986,0.6875
7292,7820,맥과이어/Noun,16,11,5,0.0001444926086473269,7.774495213132233e-05,0.6875
7293,7821,쉐프/Noun,16,5,11,7.780371234856063e-05,0.0001443834825295986,0.6875
7294,7822,민영화/Noun,16,11,5,0.0001444926086473269,7.774495213132233e-05,0.6875
7295,7823,외설/Noun,16,5,11,7.780371234856063e-05,0.0001443834825295986,0.6875
7296,7824,도서관/Noun,16,11,5,0.0001444926086473269,7.774495213132233e-05,0.6875
7297,7825,나마/Noun,16,11,5,0.0001444926086473269,7.774495213132233e-05,0.6875
7298,7826,후딱/Adverb,16,11,5,0.0001444926086473269,7.774495213132233e-05,0.6875
7299,7827,도둑질/Noun,16,5,11,7.780371234856063e-05,0.0001443834825295986,0.6875
7300,7828,일과/Noun,16,11,5,0.0001444926086473269,7.774495213132233e-05,0.6875
7301,7829,다다/Noun,16,5,11,7.780371234856063e-05,0.0001443834825295986,0.6875
7302,7830,혼합/Noun,16,5,11,7.780371234856063e-05,0.0001443834825295986,0.6875
7303,7831,끈끈/Noun,16,11,5,0.0001444926086473269,7.774495213132233e-05,0.6875
7304,7832,사위/Noun,16,5,11,7.780371234856063e-05,0.0001443834825295986,0.6875
7305,7833,타고나다/Verb,16,11,5,0.0001444926086473269,7.774495213132233e-05,0.6875
7306,7834,TOP/Alpha,16,11,5,0.0001444926086473269,7.774495213132233e-05,0.6875
7307,7835,괴리감/Noun,16,5,11,7.780371234856063e-05,0.0001443834825295986,0.6875
7308,7836,지로/Noun,16,5,11,7.780371234856063e-05,0.0001443834825295986,0.6875
7309,7837,확장/Noun,16,11,5,0.0001444926086473269,7.774495213132233e-05,0.6875
7310,7838,김민정/Noun,16,11,5,0.0001444926086473269,7.774495213132233e-05,0.6875
7311,7839,세포/Noun,16,11,5,0.0001444926086473269,7.774495213132233e-05,0.6875
7312,7840,시티/Noun,16,11,5,0.0001444926086473269,7.774495213132233e-05,0.6875
7313,7841,이영애/Noun,16,11,5,0.0001444926086473269,7.774495213132233e-05,0.6875
7314,7842,줄어들다/Verb,16,11,5,0.0001444926086473269,7.774495213132233e-05,0.6875
7315,7843,대회/Noun,16,5,11,7.780371234856063e-05,0.0001443834825295986,0.6875
7316,7844,똥파리/Noun,16,5,11,7.780371234856063e-05,0.0001443834825295986,0.6875
7317,7845,극우/Noun,16,5,11,7.780371234856063e-05,0.0001443834825295986,0.6875
7318,7846,곽경택/Noun,16,5,11,7.780371234856063e-05,0.0001443834825295986,0.6875
7319,7847,세로/Noun,16,5,11,7.780371234856063e-05,0.0001443834825295986,0.6875
7320,7848,수출/Noun,16,5,11,7.780371234856063e-05,0.0001443834825295986,0.6875
7321,7849,쌀/Noun,16,11,5,0.0001444926086473269,7.774495213132233e-05,0.6875
7322,7850,겜/Noun,16,11,5,0.0001444926086473269,7.774495213132233e-05,0.6875
7323,7851,고정관념/Noun,16,11,5,0.0001444926086473269,7.774495213132233e-05,0.6875
7324,7852,치도/Noun,16,11,5,0.0001444926086473269,7.774495213132233e-05,0.6875
7325,7853,민중/Noun,16,11,5,0.0001444926086473269,7.774495213132233e-05,0.6875
7326,7854,고하/Noun,16,5,11,7.780371234856063e-05,0.0001443834825295986,0.6875
7327,7855,23/Number,16,11,5,0.0001444926086473269,7.774495213132233e-05,0.6875
7328,7856,으아아/Exclamation,16,5,11,7.780371234856063e-05,0.0001443834825295986,0.6875
7329,7857,오마이갓/Noun,16,5,11,7.780371234856063e-05,0.0001443834825295986,0.6875
7330,7858,효과음/Noun,16,5,11,7.780371234856063e-05,0.0001443834825295986,0.6875
7331,7859,모조리/Noun,16,5,11,7.780371234856063e-05,0.0001443834825295986,0.6875
7332,7860,쇼생크탈출/Noun,16,11,5,0.0001444926086473269,7.774495213132233e-05,0.6875
7333,7861,닐/Noun,16,10,6,0.0001333777925975325,8.885137386436837e-05,0.625
7334,7862,여느/Noun,16,10,6,0.0001333777925975325,8.885137386436837e-05,0.625
7335,7863,깨우치다/Verb,16,10,6,0.0001333777925975325,8.885137386436837e-05,0.625
7336,7864,밭/Noun,16,10,6,0.0001333777925975325,8.885137386436837e-05,0.625
7337,7865,안전/Noun,16,6,10,8.891852839835501e-05,0.00013327706079655256,0.625
7338,7866,라디오스타/Noun,16,6,10,8.891852839835501e-05,0.00013327706079655256,0.625
7339,7867,억/Suffix,16,10,6,0.0001333777925975325,8.885137386436837e-05,0.625
7340,7868,정무문/Noun,16,10,6,0.0001333777925975325,8.885137386436837e-05,0.625
7341,7869,오시/Noun,16,6,10,8.891852839835501e-05,0.00013327706079655256,0.625
7342,7870,였음/Eomi,16,6,10,8.891852839835501e-05,0.00013327706079655256,0.625
7343,7871,차용/Noun,16,6,10,8.891852839835501e-05,0.00013327706079655256,0.625
7344,7872,라디오/Noun,16,10,6,0.0001333777925975325,8.885137386436837e-05,0.625
7345,7873,내포/Noun,16,10,6,0.0001333777925975325,8.885137386436837e-05,0.625
7346,7874,병들다/Verb,16,6,10,8.891852839835501e-05,0.00013327706079655256,0.625
7347,7875,마법사/Noun,16,10,6,0.0001333777925975325,8.885137386436837e-05,0.625
7348,7876,소지/Noun,16,6,10,8.891852839835501e-05,0.00013327706079655256,0.625
7349,7877,포켓몬스터/Noun,16,10,6,0.0001333777925975325,8.885137386436837e-05,0.625
7350,7878,어르신/Noun,16,10,6,0.0001333777925975325,8.885137386436837e-05,0.625
7351,7879,가방/Noun,16,6,10,8.891852839835501e-05,0.00013327706079655256,0.625
7352,7880,미사/Noun,16,10,6,0.0001333777925975325,8.885137386436837e-05,0.625
7353,7881,샤론/Noun,16,6,10,8.891852839835501e-05,0.00013327706079655256,0.625
7354,7882,메이킹/Noun,16,6,10,8.891852839835501e-05,0.00013327706079655256,0.625
7355,7883,복습/Noun,16,10,6,0.0001333777925975325,8.885137386436837e-05,0.625
7356,7884,죄인/Noun,16,6,10,8.891852839835501e-05,0.00013327706079655256,0.625
7357,7885,점줄/Noun,16,6,10,8.891852839835501e-05,0.00013327706079655256,0.625
7358,7886,소심하다/Adjective,16,6,10,8.891852839835501e-05,0.00013327706079655256,0.625
7359,7887,v/Alpha,16,6,10,8.891852839835501e-05,0.00013327706079655256,0.625
7360,7888,뮬란/Noun,16,10,6,0.0001333777925975325,8.885137386436837e-05,0.625
7361,7889,찍어내다/Verb,16,6,10,8.891852839835501e-05,0.00013327706079655256,0.625
7362,7890,저스틴/Noun,16,6,10,8.891852839835501e-05,0.00013327706079655256,0.625
7363,7891,요시/Noun,16,6,10,8.891852839835501e-05,0.00013327706079655256,0.625
7364,7892,도리/Noun,16,10,6,0.0001333777925975325,8.885137386436837e-05,0.625
7365,7893,각종/Noun,16,10,6,0.0001333777925975325,8.885137386436837e-05,0.625
7366,7894,도달/Noun,16,6,10,8.891852839835501e-05,0.00013327706079655256,0.625
7367,7895,거꾸로/Noun,16,6,10,8.891852839835501e-05,0.00013327706079655256,0.625
7368,7896,슬/Noun,16,10,6,0.0001333777925975325,8.885137386436837e-05,0.625
7369,7897,알라/Noun,16,10,6,0.0001333777925975325,8.885137386436837e-05,0.625
7370,7898,라던가/Josa,16,6,10,8.891852839835501e-05,0.00013327706079655256,0.625
7371,7899,폭스/Noun,16,10,6,0.0001333777925975325,8.885137386436837e-05,0.625
7372,7900,사탄/Noun,16,6,10,8.891852839835501e-05,0.00013327706079655256,0.625
7373,7901,약해지다/Verb,16,6,10,8.891852839835501e-05,0.00013327706079655256,0.625
7374,7902,저걸/Noun,16,6,10,8.891852839835501e-05,0.00013327706079655256,0.625
7375,7903,엘/Josa,16,10,6,0.0001333777925975325,8.885137386436837e-05,0.625
7376,7904,자임/Noun,16,6,10,8.891852839835501e-05,0.00013327706079655256,0.625
7377,7905,앨런/Noun,16,10,6,0.0001333777925975325,8.885137386436837e-05,0.625
7378,7906,랫/Noun,16,6,10,8.891852839835501e-05,0.00013327706079655256,0.625
7379,7907,딸도/Noun,16,6,10,8.891852839835501e-05,0.00013327706079655256,0.625
7380,7908,외도/Noun,16,6,10,8.891852839835501e-05,0.00013327706079655256,0.625
7381,7909,후련하다/Adjective,16,10,6,0.0001333777925975325,8.885137386436837e-05,0.625
7382,7910,출생/Noun,16,6,10,8.891852839835501e-05,0.00013327706079655256,0.625
7383,7911,차고/Noun,16,6,10,8.891852839835501e-05,0.00013327706079655256,0.625
7384,7912,ㅛ/KoreanParticle,16,9,7,0.00012226297654773814,9.995779559741441e-05,0.5625
7385,7913,김우빈/Noun,16,9,7,0.00012226297654773814,9.995779559741441e-05,0.5625
7386,7914,꼬리/Noun,16,9,7,0.00012226297654773814,9.995779559741441e-05,0.5625
7387,7915,송일국/Noun,16,9,7,0.00012226297654773814,9.995779559741441e-05,0.5625
7388,7916,샤/Noun,16,7,9,0.0001000333444481494,0.00012217063906350652,0.5625
7389,7917,취/Noun,16,7,9,0.0001000333444481494,0.00012217063906350652,0.5625
7390,7918,증언/Noun,16,7,9,0.0001000333444481494,0.00012217063906350652,0.5625
7391,7919,안구/Noun,16,9,7,0.00012226297654773814,9.995779559741441e-05,0.5625
7392,7920,엘리베이터/Noun,16,9,7,0.00012226297654773814,9.995779559741441e-05,0.5625
7393,7921,설날/Noun,16,9,7,0.00012226297654773814,9.995779559741441e-05,0.5625
7394,7922,부치다/Verb,16,7,9,0.0001000333444481494,0.00012217063906350652,0.5625
7395,7923,하느님/Noun,16,9,7,0.00012226297654773814,9.995779559741441e-05,0.5625
7396,7924,청순하다/Adjective,16,9,7,0.00012226297654773814,9.995779559741441e-05,0.5625
7397,7925,소위/Noun,16,9,7,0.00012226297654773814,9.995779559741441e-05,0.5625
7398,7926,트렌드/Noun,16,7,9,0.0001000333444481494,0.00012217063906350652,0.5625
7399,7927,실질/Noun,16,9,7,0.00012226297654773814,9.995779559741441e-05,0.5625
7400,7928,기교/Noun,16,7,9,0.0001000333444481494,0.00012217063906350652,0.5625
7401,7929,결심/Noun,16,7,9,0.0001000333444481494,0.00012217063906350652,0.5625
7402,7930,무언/Noun,16,7,9,0.0001000333444481494,0.00012217063906350652,0.5625
7403,7931,96년/Number,16,7,9,0.0001000333444481494,0.00012217063906350652,0.5625
7404,7932,모래/Noun,16,7,9,0.0001000333444481494,0.00012217063906350652,0.5625
7405,7933,초창/Noun,16,9,7,0.00012226297654773814,9.995779559741441e-05,0.5625
7406,7934,용면/Noun,16,7,9,0.0001000333444481494,0.00012217063906350652,0.5625
7407,7935,들어맞다/Verb,16,7,9,0.0001000333444481494,0.00012217063906350652,0.5625
7408,7936,태희/Noun,16,9,7,0.00012226297654773814,9.995779559741441e-05,0.5625
7409,7937,P/Alpha,16,9,7,0.00012226297654773814,9.995779559741441e-05,0.5625
7410,7938,강철/Noun,16,9,7,0.00012226297654773814,9.995779559741441e-05,0.5625
7411,7939,생물/Noun,16,7,9,0.0001000333444481494,0.00012217063906350652,0.5625
7412,7940,후손/Noun,16,7,9,0.0001000333444481494,0.00012217063906350652,0.5625
7413,7941,마키/Noun,16,7,9,0.0001000333444481494,0.00012217063906350652,0.5625
7414,7942,닌/Noun,16,7,9,0.0001000333444481494,0.00012217063906350652,0.5625
7415,7943,2만/Number,16,9,7,0.00012226297654773814,9.995779559741441e-05,0.5625
7416,7944,은하/Noun,16,9,7,0.00012226297654773814,9.995779559741441e-05,0.5625
7417,7945,선보이다/Verb,16,7,9,0.0001000333444481494,0.00012217063906350652,0.5625
7418,7946,악한/Noun,16,9,7,0.00012226297654773814,9.995779559741441e-05,0.5625
7419,7947,갠차다/Adjective,16,7,9,0.0001000333444481494,0.00012217063906350652,0.5625
7420,7948,강용석/Noun,16,7,9,0.0001000333444481494,0.00012217063906350652,0.5625
7421,7949,아메리카/Noun,16,7,9,0.0001000333444481494,0.00012217063906350652,0.5625
7422,7950,생산/Noun,16,7,9,0.0001000333444481494,0.00012217063906350652,0.5625
7423,7951,절친/Noun,16,7,9,0.0001000333444481494,0.00012217063906350652,0.5625
7424,7952,다투다/Verb,16,9,7,0.00012226297654773814,9.995779559741441e-05,0.5625
7425,7953,어쩌나/Adverb,16,9,7,0.00012226297654773814,9.995779559741441e-05,0.5625
7426,7954,태극기/Noun,16,7,9,0.0001000333444481494,0.00012217063906350652,0.5625
7427,7955,니모/Noun,16,7,9,0.0001000333444481494,0.00012217063906350652,0.5625
7428,7956,정복/Noun,16,9,7,0.00012226297654773814,9.995779559741441e-05,0.5625
7429,7957,써니/Noun,16,7,9,0.0001000333444481494,0.00012217063906350652,0.5625
7430,7958,앤더슨/Noun,16,9,7,0.00012226297654773814,9.995779559741441e-05,0.5625
7431,7959,태민/Noun,16,7,9,0.0001000333444481494,0.00012217063906350652,0.5625
7432,7960,공정하다/Adjective,16,7,9,0.0001000333444481494,0.00012217063906350652,0.5625
7433,7961,ㅔ/KoreanParticle,16,9,7,0.00012226297654773814,9.995779559741441e-05,0.5625
7434,7985,다임/Noun,15,0,15,2.2229632099588756e-05,0.0001888091694617828,1.0
7435,7986,감회/Noun,15,15,0,0.00018895187284650438,2.2212843466092093e-05,1.0
7436,7987,리좀/Noun,15,0,15,2.2229632099588756e-05,0.0001888091694617828,1.0
7437,7988,이상자/Noun,15,0,15,2.2229632099588756e-05,0.0001888091694617828,1.0
7438,7989,이수정/Noun,15,0,15,2.2229632099588756e-05,0.0001888091694617828,1.0
7439,7990,어루만지다/Verb,15,15,0,0.00018895187284650438,2.2212843466092093e-05,1.0
7440,7991,보다가/Foreign,15,0,15,2.2229632099588756e-05,0.0001888091694617828,1.0
7441,7992,왕정/Noun,15,0,15,2.2229632099588756e-05,0.0001888091694617828,1.0
7442,7993,폭풍눈물/Noun,15,15,0,0.00018895187284650438,2.2212843466092093e-05,1.0
7443,7994,착오/Noun,15,0,15,2.2229632099588756e-05,0.0001888091694617828,1.0
7444,7995,밋/Noun,15,15,0,0.00018895187284650438,2.2212843466092093e-05,1.0
7445,7996,대자연/Noun,15,15,0,0.00018895187284650438,2.2212843466092093e-05,1.0
7446,7997,중국산/Noun,15,0,15,2.2229632099588756e-05,0.0001888091694617828,1.0
7447,7998,잼슴/Noun,15,14,1,0.00017783705679671002,3.331926519913814e-05,0.9333333333333332
7448,7999,설마설마/Adverb,15,1,14,3.334444814938313e-05,0.00017770274772873674,0.9333333333333332
7449,8000,핫세/Noun,15,14,1,0.00017783705679671002,3.331926519913814e-05,0.9333333333333332
7450,8001,넣기/Noun,15,1,14,3.334444814938313e-05,0.00017770274772873674,0.9333333333333332
7451,8002,음미/Noun,15,14,1,0.00017783705679671002,3.331926519913814e-05,0.9333333333333332
7452,8003,boring/Alpha,15,1,14,3.334444814938313e-05,0.00017770274772873674,0.9333333333333332
7453,8004,아포칼립토/Noun,15,1,14,3.334444814938313e-05,0.00017770274772873674,0.9333333333333332
7454,8005,잘봣어/Noun,15,14,1,0.00017783705679671002,3.331926519913814e-05,0.9333333333333332
7455,8006,신소율/Noun,15,1,14,3.334444814938313e-05,0.00017770274772873674,0.9333333333333332
7456,8007,더티/Noun,15,1,14,3.334444814938313e-05,0.00017770274772873674,0.9333333333333332
7457,8008,무능력하다/Adjective,15,1,14,3.334444814938313e-05,0.00017770274772873674,0.9333333333333332
7458,8009,대소/Noun,15,14,1,0.00017783705679671002,3.331926519913814e-05,0.9333333333333332
7459,8010,성관계/Noun,15,1,14,3.334444814938313e-05,0.00017770274772873674,0.9333333333333332
7460,8011,핥다/Verb,15,1,14,3.334444814938313e-05,0.00017770274772873674,0.9333333333333332
7461,8012,보듬다/Verb,15,14,1,0.00017783705679671002,3.331926519913814e-05,0.9333333333333332
7462,8013,Best/Alpha,15,14,1,0.00017783705679671002,3.331926519913814e-05,0.9333333333333332
7463,8014,반했어/Noun,15,14,1,0.00017783705679671002,3.331926519913814e-05,0.9333333333333332
7464,8015,호모/Noun,15,1,14,3.334444814938313e-05,0.00017770274772873674,0.9333333333333332
7465,8016,로치/Noun,15,14,1,0.00017783705679671002,3.331926519913814e-05,0.9333333333333332
7466,8017,아른거리다/Verb,15,14,1,0.00017783705679671002,3.331926519913814e-05,0.9333333333333332
7467,8018,리슨/Noun,15,13,2,0.00016672224074691566,4.4425686932184186e-05,0.8666666666666667
7468,8019,참되다/Adjective,15,13,2,0.00016672224074691566,4.4425686932184186e-05,0.8666666666666667
7469,8020,아청법/Noun,15,2,13,4.445926419917751e-05,0.0001665963259956907,0.8666666666666667
7470,8021,편승/Noun,15,2,13,4.445926419917751e-05,0.0001665963259956907,0.8666666666666667
7471,8022,도현/Noun,15,2,13,4.445926419917751e-05,0.0001665963259956907,0.8666666666666667
7472,8023,버겁다/Adjective,15,2,13,4.445926419917751e-05,0.0001665963259956907,0.8666666666666667
7473,8024,잡다하다/Adjective,15,2,13,4.445926419917751e-05,0.0001665963259956907,0.8666666666666667
7474,8025,귀여니/Noun,15,2,13,4.445926419917751e-05,0.0001665963259956907,0.8666666666666667
7475,8026,오지랖/Noun,15,2,13,4.445926419917751e-05,0.0001665963259956907,0.8666666666666667
7476,8027,노년/Noun,15,13,2,0.00016672224074691566,4.4425686932184186e-05,0.8666666666666667
7477,8028,헬/Noun,15,2,13,4.445926419917751e-05,0.0001665963259956907,0.8666666666666667
7478,8029,조사/Noun,15,2,13,4.445926419917751e-05,0.0001665963259956907,0.8666666666666667
7479,8030,나니아/Noun,15,13,2,0.00016672224074691566,4.4425686932184186e-05,0.8666666666666667
7480,8031,위력/Noun,15,13,2,0.00016672224074691566,4.4425686932184186e-05,0.8666666666666667
7481,8032,우어/Noun,15,13,2,0.00016672224074691566,4.4425686932184186e-05,0.8666666666666667
7482,8033,쒯/Noun,15,2,13,4.445926419917751e-05,0.0001665963259956907,0.8666666666666667
7483,8034,투영/Noun,15,13,2,0.00016672224074691566,4.4425686932184186e-05,0.8666666666666667
7484,8035,임상수/Noun,15,2,13,4.445926419917751e-05,0.0001665963259956907,0.8666666666666667
7485,8036,워스트/Noun,15,2,13,4.445926419917751e-05,0.0001665963259956907,0.8666666666666667
7486,8037,히로/Noun,15,13,2,0.00016672224074691566,4.4425686932184186e-05,0.8666666666666667
7487,8038,박아/Noun,15,2,13,4.445926419917751e-05,0.0001665963259956907,0.8666666666666667
7488,8039,도신/Noun,15,2,13,4.445926419917751e-05,0.0001665963259956907,0.8666666666666667
7489,8040,사족/Noun,15,2,13,4.445926419917751e-05,0.0001665963259956907,0.8666666666666667
7490,8041,챔피언/Noun,15,13,2,0.00016672224074691566,4.4425686932184186e-05,0.8666666666666667
7491,8042,무차별/Noun,15,2,13,4.445926419917751e-05,0.0001665963259956907,0.8666666666666667
7492,8043,;;;;;/Punctuation,15,2,13,4.445926419917751e-05,0.0001665963259956907,0.8666666666666667
7493,8044,발매/Noun,15,13,2,0.00016672224074691566,4.4425686932184186e-05,0.8666666666666667
7494,8045,독수리/Noun,15,2,13,4.445926419917751e-05,0.0001665963259956907,0.8666666666666667
7495,8046,무관/Noun,15,2,13,4.445926419917751e-05,0.0001665963259956907,0.8666666666666667
7496,8047,연예계/Noun,15,2,13,4.445926419917751e-05,0.0001665963259956907,0.8666666666666667
7497,8048,소망/Noun,15,13,2,0.00016672224074691566,4.4425686932184186e-05,0.8666666666666667
7498,8049,차예련/Noun,15,2,13,4.445926419917751e-05,0.0001665963259956907,0.8666666666666667
7499,8050,안무/Noun,15,2,13,4.445926419917751e-05,0.0001665963259956907,0.8666666666666667
7500,8051,장학우/Noun,15,12,3,0.00015560742469712126,5.553210866523024e-05,0.8
7501,8052,분만/Noun,15,3,12,5.5574080248971876e-05,0.00015548990426264466,0.8
7502,8053,누드/Noun,15,3,12,5.5574080248971876e-05,0.00015548990426264466,0.8
7503,8054,다지/Noun,15,3,12,5.5574080248971876e-05,0.00015548990426264466,0.8
7504,8055,자칭/Noun,15,3,12,5.5574080248971876e-05,0.00015548990426264466,0.8
7505,8056,R/Alpha,15,12,3,0.00015560742469712126,5.553210866523024e-05,0.8
7506,8057,능력자/Noun,15,3,12,5.5574080248971876e-05,0.00015548990426264466,0.8
7507,8058,꿀잼임/Noun,15,12,3,0.00015560742469712126,5.553210866523024e-05,0.8
7508,8059,잠기다/Verb,15,12,3,0.00015560742469712126,5.553210866523024e-05,0.8
7509,8060,인양/Noun,15,3,12,5.5574080248971876e-05,0.00015548990426264466,0.8
7510,8061,지수/Noun,15,3,12,5.5574080248971876e-05,0.00015548990426264466,0.8
7511,8062,눈가/Noun,15,12,3,0.00015560742469712126,5.553210866523024e-05,0.8
7512,8063,카펜터/Noun,15,3,12,5.5574080248971876e-05,0.00015548990426264466,0.8
7513,8064,오버액션/Noun,15,3,12,5.5574080248971876e-05,0.00015548990426264466,0.8
7514,8065,가려진/Noun,15,12,3,0.00015560742469712126,5.553210866523024e-05,0.8
7515,8066,that/Alpha,15,12,3,0.00015560742469712126,5.553210866523024e-05,0.8
7516,8067,맴돈다/Verb,15,12,3,0.00015560742469712126,5.553210866523024e-05,0.8
7517,8068,노부/Noun,15,12,3,0.00015560742469712126,5.553210866523024e-05,0.8
7518,8069,정준하/Noun,15,3,12,5.5574080248971876e-05,0.00015548990426264466,0.8
7519,8070,사치/Noun,15,3,12,5.5574080248971876e-05,0.00015548990426264466,0.8
7520,8071,갈구다/Verb,15,12,3,0.00015560742469712126,5.553210866523024e-05,0.8
7521,8072,폭행/Noun,15,3,12,5.5574080248971876e-05,0.00015548990426264466,0.8
7522,8073,선명하다/Adjective,15,12,3,0.00015560742469712126,5.553210866523024e-05,0.8
7523,8074,황진이/Noun,15,12,3,0.00015560742469712126,5.553210866523024e-05,0.8
7524,8075,장하다/Adjective,15,3,12,5.5574080248971876e-05,0.00015548990426264466,0.8
7525,8076,티켓/Noun,15,3,12,5.5574080248971876e-05,0.00015548990426264466,0.8
7526,8077,장님/Noun,15,12,3,0.00015560742469712126,5.553210866523024e-05,0.8
7527,8078,세밀/Noun,15,12,3,0.00015560742469712126,5.553210866523024e-05,0.8
7528,8079,각본가/Noun,15,3,12,5.5574080248971876e-05,0.00015548990426264466,0.8
7529,8080,뿅/Adverb,15,12,3,0.00015560742469712126,5.553210866523024e-05,0.8
7530,8081,깊숙하다/Adjective,15,12,3,0.00015560742469712126,5.553210866523024e-05,0.8
7531,8082,버릇/Noun,15,4,11,6.668889629876625e-05,0.0001443834825295986,0.7333333333333333
7532,8083,혼신/Noun,15,11,4,0.0001444926086473269,6.663853039827628e-05,0.7333333333333333
7533,8084,토리/Noun,15,4,11,6.668889629876625e-05,0.0001443834825295986,0.7333333333333333
7534,8085,웅/Noun,15,11,4,0.0001444926086473269,6.663853039827628e-05,0.7333333333333333
7535,8086,로멘틱/Noun,15,11,4,0.0001444926086473269,6.663853039827628e-05,0.7333333333333333
7536,8087,격정/Noun,15,11,4,0.0001444926086473269,6.663853039827628e-05,0.7333333333333333
7537,8088,커다랗다/Adjective,15,11,4,0.0001444926086473269,6.663853039827628e-05,0.7333333333333333
7538,8089,불문/Noun,15,4,11,6.668889629876625e-05,0.0001443834825295986,0.7333333333333333
7539,8090,료/Noun,15,4,11,6.668889629876625e-05,0.0001443834825295986,0.7333333333333333
7540,8091,가발/Noun,15,4,11,6.668889629876625e-05,0.0001443834825295986,0.7333333333333333
7541,8092,걸어가다/Verb,15,11,4,0.0001444926086473269,6.663853039827628e-05,0.7333333333333333
7542,8093,고조/Noun,15,11,4,0.0001444926086473269,6.663853039827628e-05,0.7333333333333333
7543,8094,단언컨대/Noun,15,11,4,0.0001444926086473269,6.663853039827628e-05,0.7333333333333333
7544,8095,바람직하다/Adjective,15,11,4,0.0001444926086473269,6.663853039827628e-05,0.7333333333333333
7545,8096,꿈속/Noun,15,11,4,0.0001444926086473269,6.663853039827628e-05,0.7333333333333333
7546,8097,매달리다/Verb,15,4,11,6.668889629876625e-05,0.0001443834825295986,0.7333333333333333
7547,8098,모음/Noun,15,4,11,6.668889629876625e-05,0.0001443834825295986,0.7333333333333333
7548,8099,88년/Number,15,11,4,0.0001444926086473269,6.663853039827628e-05,0.7333333333333333
7549,8100,발끝/Noun,15,4,11,6.668889629876625e-05,0.0001443834825295986,0.7333333333333333
7550,8101,데스티네이션/Noun,15,4,11,6.668889629876625e-05,0.0001443834825295986,0.7333333333333333
7551,8102,편협/Noun,15,4,11,6.668889629876625e-05,0.0001443834825295986,0.7333333333333333
7552,8103,이하나/Noun,15,11,4,0.0001444926086473269,6.663853039827628e-05,0.7333333333333333
7553,8104,우애/Noun,15,11,4,0.0001444926086473269,6.663853039827628e-05,0.7333333333333333
7554,8105,썰전/Noun,15,4,11,6.668889629876625e-05,0.0001443834825295986,0.7333333333333333
7555,8106,비스트/Noun,15,11,4,0.0001444926086473269,6.663853039827628e-05,0.7333333333333333
7556,8107,are/Alpha,15,11,4,0.0001444926086473269,6.663853039827628e-05,0.7333333333333333
7557,8108,멘타리/Noun,15,4,11,6.668889629876625e-05,0.0001443834825295986,0.7333333333333333
7558,8109,깨달/Noun,15,11,4,0.0001444926086473269,6.663853039827628e-05,0.7333333333333333
7559,8110,쓸모없다/Adjective,15,4,11,6.668889629876625e-05,0.0001443834825295986,0.7333333333333333
7560,8111,루나/Noun,15,4,11,6.668889629876625e-05,0.0001443834825295986,0.7333333333333333
7561,8112,체감/Noun,15,11,4,0.0001444926086473269,6.663853039827628e-05,0.7333333333333333
7562,8113,생명력/Noun,15,11,4,0.0001444926086473269,6.663853039827628e-05,0.7333333333333333
7563,8114,|/Punctuation,15,4,11,6.668889629876625e-05,0.0001443834825295986,0.7333333333333333
7564,8115,켜/Noun,15,4,11,6.668889629876625e-05,0.0001443834825295986,0.7333333333333333
7565,8116,갈아/Adverb,15,4,11,6.668889629876625e-05,0.0001443834825295986,0.7333333333333333
7566,8117,뇨/Noun,15,4,11,6.668889629876625e-05,0.0001443834825295986,0.7333333333333333
7567,8118,샤이니/Noun,15,11,4,0.0001444926086473269,6.663853039827628e-05,0.7333333333333333
7568,8119,....;;;/Punctuation,15,4,11,6.668889629876625e-05,0.0001443834825295986,0.7333333333333333
7569,8120,부처/Noun,15,4,11,6.668889629876625e-05,0.0001443834825295986,0.7333333333333333
7570,8121,유전자/Noun,15,4,11,6.668889629876625e-05,0.0001443834825295986,0.7333333333333333
7571,8122,이기주의/Noun,15,4,11,6.668889629876625e-05,0.0001443834825295986,0.7333333333333333
7572,8123,를/Foreign,15,11,4,0.0001444926086473269,6.663853039827628e-05,0.7333333333333333
7573,8124,포맷/Noun,15,4,11,6.668889629876625e-05,0.0001443834825295986,0.7333333333333333
7574,8125,3시/Number,15,11,4,0.0001444926086473269,6.663853039827628e-05,0.7333333333333333
7575,8126,간결하다/Adjective,15,11,4,0.0001444926086473269,6.663853039827628e-05,0.7333333333333333
7576,8127,해체/Noun,15,4,11,6.668889629876625e-05,0.0001443834825295986,0.7333333333333333
7577,8128,모녀/Noun,15,5,10,7.780371234856063e-05,0.00013327706079655256,0.6666666666666666
7578,8129,책보/Noun,15,10,5,0.0001333777925975325,7.774495213132233e-05,0.6666666666666666
7579,8130,소림사/Noun,15,5,10,7.780371234856063e-05,0.00013327706079655256,0.6666666666666666
7580,8131,미스터빈/Noun,15,10,5,0.0001333777925975325,7.774495213132233e-05,0.6666666666666666
7581,8132,팝/Noun,15,5,10,7.780371234856063e-05,0.00013327706079655256,0.6666666666666666
7582,8133,출근/Noun,15,10,5,0.0001333777925975325,7.774495213132233e-05,0.6666666666666666
7583,8134,독특/Noun,15,10,5,0.0001333777925975325,7.774495213132233e-05,0.6666666666666666
7584,8135,스턴트맨/Noun,15,5,10,7.780371234856063e-05,0.00013327706079655256,0.6666666666666666
7585,8136,갈기/Noun,15,5,10,7.780371234856063e-05,0.00013327706079655256,0.6666666666666666
7586,8137,분야/Noun,15,5,10,7.780371234856063e-05,0.00013327706079655256,0.6666666666666666
7587,8138,아야세/Noun,15,10,5,0.0001333777925975325,7.774495213132233e-05,0.6666666666666666
7588,8139,프로도/Noun,15,5,10,7.780371234856063e-05,0.00013327706079655256,0.6666666666666666
7589,8140,타임슬립/Noun,15,5,10,7.780371234856063e-05,0.00013327706079655256,0.6666666666666666
7590,8141,은주/Noun,15,10,5,0.0001333777925975325,7.774495213132233e-05,0.6666666666666666
7591,8142,세운/Noun,15,5,10,7.780371234856063e-05,0.00013327706079655256,0.6666666666666666
7592,8143,일상생활/Noun,15,10,5,0.0001333777925975325,7.774495213132233e-05,0.6666666666666666
7593,8144,29/Number,15,5,10,7.780371234856063e-05,0.00013327706079655256,0.6666666666666666
7594,8145,박상민/Noun,15,5,10,7.780371234856063e-05,0.00013327706079655256,0.6666666666666666
7595,8146,무참/Noun,15,5,10,7.780371234856063e-05,0.00013327706079655256,0.6666666666666666
7596,8147,상류층/Noun,15,5,10,7.780371234856063e-05,0.00013327706079655256,0.6666666666666666
7597,8148,투니버스/Noun,15,5,10,7.780371234856063e-05,0.00013327706079655256,0.6666666666666666
7598,8149,심은경/Noun,15,10,5,0.0001333777925975325,7.774495213132233e-05,0.6666666666666666
7599,8150,천하다/Adjective,15,5,10,7.780371234856063e-05,0.00013327706079655256,0.6666666666666666
7600,8151,시오/Noun,15,10,5,0.0001333777925975325,7.774495213132233e-05,0.6666666666666666
7601,8152,동일/Noun,15,5,10,7.780371234856063e-05,0.00013327706079655256,0.6666666666666666
7602,8153,슬랩/Noun,15,5,10,7.780371234856063e-05,0.00013327706079655256,0.6666666666666666
7603,8154,손님/Noun,15,5,10,7.780371234856063e-05,0.00013327706079655256,0.6666666666666666
7604,8155,니야/Noun,15,5,10,7.780371234856063e-05,0.00013327706079655256,0.6666666666666666
7605,8156,설치/Noun,15,5,10,7.780371234856063e-05,0.00013327706079655256,0.6666666666666666
7606,8157,고든/Noun,15,10,5,0.0001333777925975325,7.774495213132233e-05,0.6666666666666666
7607,8158,뚫리다/Verb,15,5,10,7.780371234856063e-05,0.00013327706079655256,0.6666666666666666
7608,8159,철철/Noun,15,10,5,0.0001333777925975325,7.774495213132233e-05,0.6666666666666666
7609,8160,고리/Noun,15,10,5,0.0001333777925975325,7.774495213132233e-05,0.6666666666666666
7610,8161,93년/Number,15,10,5,0.0001333777925975325,7.774495213132233e-05,0.6666666666666666
7611,8162,잘해야/Noun,15,10,5,0.0001333777925975325,7.774495213132233e-05,0.6666666666666666
7612,8163,ㅕ/KoreanParticle,15,5,10,7.780371234856063e-05,0.00013327706079655256,0.6666666666666666
7613,8164,로랑/Noun,15,10,5,0.0001333777925975325,7.774495213132233e-05,0.6666666666666666
7614,8165,캐리비안/Noun,15,10,5,0.0001333777925975325,7.774495213132233e-05,0.6666666666666666
7615,8166,모토/Noun,15,10,5,0.0001333777925975325,7.774495213132233e-05,0.6666666666666666
7616,8167,돌파/Noun,15,10,5,0.0001333777925975325,7.774495213132233e-05,0.6666666666666666
7617,8168,거미/Noun,15,5,10,7.780371234856063e-05,0.00013327706079655256,0.6666666666666666
7618,8169,명치/Noun,15,5,10,7.780371234856063e-05,0.00013327706079655256,0.6666666666666666
7619,8170,진중하다/Adjective,15,10,5,0.0001333777925975325,7.774495213132233e-05,0.6666666666666666
7620,8171,89년/Number,15,10,5,0.0001333777925975325,7.774495213132233e-05,0.6666666666666666
7621,8172,매국노/Noun,15,5,10,7.780371234856063e-05,0.00013327706079655256,0.6666666666666666
7622,8173,컨텐츠/Noun,15,5,10,7.780371234856063e-05,0.00013327706079655256,0.6666666666666666
7623,8174,시나/Noun,15,5,10,7.780371234856063e-05,0.00013327706079655256,0.6666666666666666
7624,8175,비열하다/Adjective,15,10,5,0.0001333777925975325,7.774495213132233e-05,0.6666666666666666
7625,8176,what/Alpha,15,5,10,7.780371234856063e-05,0.00013327706079655256,0.6666666666666666
7626,8177,거두다/Verb,15,10,5,0.0001333777925975325,7.774495213132233e-05,0.6666666666666666
7627,8178,노리/Noun,15,5,10,7.780371234856063e-05,0.00013327706079655256,0.6666666666666666
7628,8179,지아/Noun,15,6,9,8.891852839835501e-05,0.00012217063906350652,0.6
7629,8180,멍하니/Noun,15,6,9,8.891852839835501e-05,0.00012217063906350652,0.6
7630,8181,말론/Noun,15,9,6,0.00012226297654773814,8.885137386436837e-05,0.6
7631,8182,베이비/Noun,15,6,9,8.891852839835501e-05,0.00012217063906350652,0.6
7632,8183,군요/Eomi,15,9,6,0.00012226297654773814,8.885137386436837e-05,0.6
7633,8184,...'/Punctuation,15,6,9,8.891852839835501e-05,0.00012217063906350652,0.6
7634,8185,놈놈놈/Noun,15,6,9,8.891852839835501e-05,0.00012217063906350652,0.6
7635,8186,쓸리다/Verb,15,6,9,8.891852839835501e-05,0.00012217063906350652,0.6
7636,8187,서리/Noun,15,9,6,0.00012226297654773814,8.885137386436837e-05,0.6
7637,8188,어드벤처/Noun,15,9,6,0.00012226297654773814,8.885137386436837e-05,0.6
7638,8189,충성/Noun,15,9,6,0.00012226297654773814,8.885137386436837e-05,0.6
7639,8190,맹목/Noun,15,9,6,0.00012226297654773814,8.885137386436837e-05,0.6
7640,8191,루카스/Noun,15,6,9,8.891852839835501e-05,0.00012217063906350652,0.6
7641,8192,어도/Noun,15,9,6,0.00012226297654773814,8.885137386436837e-05,0.6
7642,8193,기울이다/Verb,15,9,6,0.00012226297654773814,8.885137386436837e-05,0.6
7643,8194,코끼리/Noun,15,6,9,8.891852839835501e-05,0.00012217063906350652,0.6
7644,8195,여성부/Noun,15,6,9,8.891852839835501e-05,0.00012217063906350652,0.6
7645,8196,제보/Noun,15,9,6,0.00012226297654773814,8.885137386436837e-05,0.6
7646,8197,포로/Noun,15,6,9,8.891852839835501e-05,0.00012217063906350652,0.6
7647,8198,믹스/Noun,15,9,6,0.00012226297654773814,8.885137386436837e-05,0.6
7648,8199,복고/Noun,15,6,9,8.891852839835501e-05,0.00012217063906350652,0.6
7649,8200,우에노/Noun,15,6,9,8.891852839835501e-05,0.00012217063906350652,0.6
7650,8201,우울함/Noun,15,6,9,8.891852839835501e-05,0.00012217063906350652,0.6
7651,8202,맴돌다/Verb,15,9,6,0.00012226297654773814,8.885137386436837e-05,0.6
7652,8203,화법/Noun,15,6,9,8.891852839835501e-05,0.00012217063906350652,0.6
7653,8204,국가대표/Noun,15,6,9,8.891852839835501e-05,0.00012217063906350652,0.6
7654,8205,ㅑ/KoreanParticle,15,9,6,0.00012226297654773814,8.885137386436837e-05,0.6
7655,8206,권위/Noun,15,9,6,0.00012226297654773814,8.885137386436837e-05,0.6
7656,8207,트럭/Noun,15,6,9,8.891852839835501e-05,0.00012217063906350652,0.6
7657,8208,♬/Foreign,15,9,6,0.00012226297654773814,8.885137386436837e-05,0.6
7658,8209,로티/Noun,15,9,6,0.00012226297654773814,8.885137386436837e-05,0.6
7659,8210,빌어먹을/Noun,15,6,9,8.891852839835501e-05,0.00012217063906350652,0.6
7660,8211,소림축구/Noun,15,6,9,8.891852839835501e-05,0.00012217063906350652,0.6
7661,8212,무사/Noun,15,9,6,0.00012226297654773814,8.885137386436837e-05,0.6
7662,8213,보도/Noun,15,9,6,0.00012226297654773814,8.885137386436837e-05,0.6
7663,8214,자만/Noun,15,6,9,8.891852839835501e-05,0.00012217063906350652,0.6
7664,8215,키키/Noun,15,9,6,0.00012226297654773814,8.885137386436837e-05,0.6
7665,8216,20%/Number,15,6,9,8.891852839835501e-05,0.00012217063906350652,0.6
7666,8217,무용/Noun,15,9,6,0.00012226297654773814,8.885137386436837e-05,0.6
7667,8218,모임/Noun,15,6,9,8.891852839835501e-05,0.00012217063906350652,0.6
7668,8219,멜라/Noun,15,9,6,0.00012226297654773814,8.885137386436837e-05,0.6
7669,8220,몹시/Noun,15,9,6,0.00012226297654773814,8.885137386436837e-05,0.6
7670,8221,똑/Noun,15,9,6,0.00012226297654773814,8.885137386436837e-05,0.6
7671,8222,몰이/Noun,15,6,9,8.891852839835501e-05,0.00012217063906350652,0.6
7672,8223,일본만화/Noun,15,9,6,0.00012226297654773814,8.885137386436837e-05,0.6
7673,8224,레미제라블/Noun,15,9,6,0.00012226297654773814,8.885137386436837e-05,0.6
7674,8225,백만/Noun,15,6,9,8.891852839835501e-05,0.00012217063906350652,0.6
7675,8226,라울/Noun,15,6,9,8.891852839835501e-05,0.00012217063906350652,0.6
7676,8227,삼키다/Verb,15,9,6,0.00012226297654773814,8.885137386436837e-05,0.6
7677,8228,이유리/Noun,15,9,6,0.00012226297654773814,8.885137386436837e-05,0.6
7678,8229,라운드/Noun,15,6,9,8.891852839835501e-05,0.00012217063906350652,0.6
7679,8230,로드리게즈/Noun,15,9,6,0.00012226297654773814,8.885137386436837e-05,0.6
7680,8231,랜드/Noun,15,6,9,8.891852839835501e-05,0.00012217063906350652,0.6
7681,8232,금시/Noun,15,7,8,0.0001000333444481494,0.00011106421733046048,0.5333333333333333
7682,8233,2시/Number,15,7,8,0.0001000333444481494,0.00011106421733046048,0.5333333333333333
7683,8234,채시라/Noun,15,8,7,0.00011114816049794375,9.995779559741441e-05,0.5333333333333333
7684,8235,"..""/Punctuation",15,8,7,0.00011114816049794375,9.995779559741441e-05,0.5333333333333333
7685,8236,정신과/Noun,15,7,8,0.0001000333444481494,0.00011106421733046048,0.5333333333333333
7686,8237,이루/Noun,15,7,8,0.0001000333444481494,0.00011106421733046048,0.5333333333333333
7687,8238,껀데/Noun,15,7,8,0.0001000333444481494,0.00011106421733046048,0.5333333333333333
7688,8239,time/Alpha,15,8,7,0.00011114816049794375,9.995779559741441e-05,0.5333333333333333
7689,8240,겐/Noun,15,7,8,0.0001000333444481494,0.00011106421733046048,0.5333333333333333
7690,8241,화성/Noun,15,8,7,0.00011114816049794375,9.995779559741441e-05,0.5333333333333333
7691,8242,대여/Noun,15,8,7,0.00011114816049794375,9.995779559741441e-05,0.5333333333333333
7692,8243,H/Alpha,15,8,7,0.00011114816049794375,9.995779559741441e-05,0.5333333333333333
7693,8244,앨범/Noun,15,8,7,0.00011114816049794375,9.995779559741441e-05,0.5333333333333333
7694,8245,부딪히다/Verb,15,7,8,0.0001000333444481494,0.00011106421733046048,0.5333333333333333
7695,8246,g/Alpha,15,7,8,0.0001000333444481494,0.00011106421733046048,0.5333333333333333
7696,8247,꼬꼬/Noun,15,7,8,0.0001000333444481494,0.00011106421733046048,0.5333333333333333
7697,8248,현명하다/Adjective,15,8,7,0.00011114816049794375,9.995779559741441e-05,0.5333333333333333
7698,8249,짜임/Noun,15,8,7,0.00011114816049794375,9.995779559741441e-05,0.5333333333333333
7699,8250,팔리다/Verb,15,7,8,0.0001000333444481494,0.00011106421733046048,0.5333333333333333
7700,8251,로리/Noun,15,7,8,0.0001000333444481494,0.00011106421733046048,0.5333333333333333
7701,8252,시놉시스/Noun,15,7,8,0.0001000333444481494,0.00011106421733046048,0.5333333333333333
7702,8253,설다/Verb,15,8,7,0.00011114816049794375,9.995779559741441e-05,0.5333333333333333
7703,8254,동성/Noun,15,7,8,0.0001000333444481494,0.00011106421733046048,0.5333333333333333
7704,8255,미덕/Noun,15,8,7,0.00011114816049794375,9.995779559741441e-05,0.5333333333333333
7705,8256,백윤식/Noun,15,7,8,0.0001000333444481494,0.00011106421733046048,0.5333333333333333
7706,8257,파트/Noun,15,7,8,0.0001000333444481494,0.00011106421733046048,0.5333333333333333
7707,8258,마징/Noun,15,8,7,0.00011114816049794375,9.995779559741441e-05,0.5333333333333333
7708,8259,기보/Noun,15,7,8,0.0001000333444481494,0.00011106421733046048,0.5333333333333333
7709,8260,삼총사/Noun,15,8,7,0.00011114816049794375,9.995779559741441e-05,0.5333333333333333
7710,8261,분하다/Adjective,15,7,8,0.0001000333444481494,0.00011106421733046048,0.5333333333333333
7711,8262,속물/Noun,15,8,7,0.00011114816049794375,9.995779559741441e-05,0.5333333333333333
7712,8263,8월/Number,15,8,7,0.00011114816049794375,9.995779559741441e-05,0.5333333333333333
7713,8264,아빠어디가/Noun,15,7,8,0.0001000333444481494,0.00011106421733046048,0.5333333333333333
7714,8265,사하다/Verb,15,7,8,0.0001000333444481494,0.00011106421733046048,0.5333333333333333
7715,8266,장교/Noun,15,7,8,0.0001000333444481494,0.00011106421733046048,0.5333333333333333
7716,8267,퀴즈/Noun,15,8,7,0.00011114816049794375,9.995779559741441e-05,0.5333333333333333
7717,8268,But/Alpha,15,7,8,0.0001000333444481494,0.00011106421733046048,0.5333333333333333
7718,8269,덩달아/Noun,15,7,8,0.0001000333444481494,0.00011106421733046048,0.5333333333333333
7719,8270,권투/Noun,15,8,7,0.00011114816049794375,9.995779559741441e-05,0.5333333333333333
7720,8271,요한슨/Noun,15,7,8,0.0001000333444481494,0.00011106421733046048,0.5333333333333333
7721,8272,널리/Noun,15,7,8,0.0001000333444481494,0.00011106421733046048,0.5333333333333333
7722,8273,다카/Noun,15,7,8,0.0001000333444481494,0.00011106421733046048,0.5333333333333333
7723,8274,클레/Noun,15,8,7,0.00011114816049794375,9.995779559741441e-05,0.5333333333333333
7724,8275,김정화/Noun,15,8,7,0.00011114816049794375,9.995779559741441e-05,0.5333333333333333
7725,8276,한낱/Adverb,15,7,8,0.0001000333444481494,0.00011106421733046048,0.5333333333333333
7726,8277,모어/Noun,15,8,7,0.00011114816049794375,9.995779559741441e-05,0.5333333333333333
7727,8278,남동생/Noun,15,7,8,0.0001000333444481494,0.00011106421733046048,0.5333333333333333
7728,8279,컬러/Noun,15,7,8,0.0001000333444481494,0.00011106421733046048,0.5333333333333333
7729,8280,가난/Noun,15,8,7,0.00011114816049794375,9.995779559741441e-05,0.5333333333333333
7730,8281,달성/Noun,15,8,7,0.00011114816049794375,9.995779559741441e-05,0.5333333333333333
7731,8282,슈퍼스타/Noun,15,7,8,0.0001000333444481494,0.00011106421733046048,0.5333333333333333
7732,8283,진과/Noun,15,8,7,0.00011114816049794375,9.995779559741441e-05,0.5333333333333333
7733,8284,그레이스/Noun,15,8,7,0.00011114816049794375,9.995779559741441e-05,0.5333333333333333
7734,8285,측은하다/Adjective,15,7,8,0.0001000333444481494,0.00011106421733046048,0.5333333333333333
7735,8286,신성일/Noun,15,7,8,0.0001000333444481494,0.00011106421733046048,0.5333333333333333
7736,8287,경치/Noun,15,7,8,0.0001000333444481494,0.00011106421733046048,0.5333333333333333
7737,8288,레이미/Noun,15,8,7,0.00011114816049794375,9.995779559741441e-05,0.5333333333333333
7738,8289,방안/Noun,15,7,8,0.0001000333444481494,0.00011106421733046048,0.5333333333333333
7739,8290,만족감/Noun,15,7,8,0.0001000333444481494,0.00011106421733046048,0.5333333333333333
7740,8291,공백/Noun,15,7,8,0.0001000333444481494,0.00011106421733046048,0.5333333333333333
7741,8292,과자/Noun,15,8,7,0.00011114816049794375,9.995779559741441e-05,0.5333333333333333
7742,8293,렌/Noun,15,8,7,0.00011114816049794375,9.995779559741441e-05,0.5333333333333333
7743,8294,87년/Number,15,7,8,0.0001000333444481494,0.00011106421733046048,0.5333333333333333
7744,8295,동이/Noun,15,7,8,0.0001000333444481494,0.00011106421733046048,0.5333333333333333
7745,8296,조이다/Verb,14,14,0,0.00017783705679671002,2.2212843466092093e-05,1.0
7746,8297,밥맛/Noun,14,0,14,2.2229632099588756e-05,0.00017770274772873674,1.0
7747,8298,분신사바/Noun,14,0,14,2.2229632099588756e-05,0.00017770274772873674,1.0
7748,8299,혐/Noun,14,0,14,2.2229632099588756e-05,0.00017770274772873674,1.0
7749,8300,짱개/Noun,14,0,14,2.2229632099588756e-05,0.00017770274772873674,1.0
7750,8301,잘봣습니/Noun,14,14,0,0.00017783705679671002,2.2212843466092093e-05,1.0
7751,8302,햇살/Noun,14,14,0,0.00017783705679671002,2.2212843466092093e-05,1.0
7752,8303,영아/Noun,14,0,14,2.2229632099588756e-05,0.00017770274772873674,1.0
7753,8304,..-/Punctuation,14,0,14,2.2229632099588756e-05,0.00017770274772873674,1.0
7754,8305,졸림/Noun,14,0,14,2.2229632099588756e-05,0.00017770274772873674,1.0
7755,8306,..-_-;;/Punctuation,14,0,14,2.2229632099588756e-05,0.00017770274772873674,1.0
7756,8307,심슨/Noun,14,14,0,0.00017783705679671002,2.2212843466092093e-05,1.0
7757,8308,빠져듬/Noun,14,14,0,0.00017783705679671002,2.2212843466092093e-05,1.0
7758,8309,최선정/Noun,14,0,14,2.2229632099588756e-05,0.00017770274772873674,1.0
7759,8310,홍석천/Noun,14,0,14,2.2229632099588756e-05,0.00017770274772873674,1.0
7760,8311,어쩌자/Noun,14,0,14,2.2229632099588756e-05,0.00017770274772873674,1.0
7761,8312,성준/Noun,14,13,1,0.00016672224074691566,3.331926519913814e-05,0.9285714285714286
7762,8313,으뜸/Noun,14,13,1,0.00016672224074691566,3.331926519913814e-05,0.9285714285714286
7763,8314,독보/Noun,14,13,1,0.00016672224074691566,3.331926519913814e-05,0.9285714285714286
7764,8315,옷벗다/Verb,14,1,13,3.334444814938313e-05,0.0001665963259956907,0.9285714285714286
7765,8316,소송/Noun,14,1,13,3.334444814938313e-05,0.0001665963259956907,0.9285714285714286
7766,8317,인간관계/Noun,14,13,1,0.00016672224074691566,3.331926519913814e-05,0.9285714285714286
7767,8318,탁재훈/Noun,14,1,13,3.334444814938313e-05,0.0001665963259956907,0.9285714285714286
7768,8319,케이온/Noun,14,13,1,0.00016672224074691566,3.331926519913814e-05,0.9285714285714286
7769,8320,인간극장/Noun,14,1,13,3.334444814938313e-05,0.0001665963259956907,0.9285714285714286
7770,8321,무조/Noun,14,13,1,0.00016672224074691566,3.331926519913814e-05,0.9285714285714286
7771,8322,박예진/Noun,14,1,13,3.334444814938313e-05,0.0001665963259956907,0.9285714285714286
7772,8323,강츄/Noun,14,13,1,0.00016672224074691566,3.331926519913814e-05,0.9285714285714286
7773,8324,표방/Noun,14,1,13,3.334444814938313e-05,0.0001665963259956907,0.9285714285714286
7774,8325,더스틴/Noun,14,13,1,0.00016672224074691566,3.331926519913814e-05,0.9285714285714286
7775,8326,현저/Noun,14,1,13,3.334444814938313e-05,0.0001665963259956907,0.9285714285714286
7776,8327,주몽/Noun,14,13,1,0.00016672224074691566,3.331926519913814e-05,0.9285714285714286
7777,8328,강인하다/Adjective,14,13,1,0.00016672224074691566,3.331926519913814e-05,0.9285714285714286
7778,8329,호프만/Noun,14,13,1,0.00016672224074691566,3.331926519913814e-05,0.9285714285714286
7779,8330,불명/Noun,14,1,13,3.334444814938313e-05,0.0001665963259956907,0.9285714285714286
7780,8331,16년/Number,14,13,1,0.00016672224074691566,3.331926519913814e-05,0.9285714285714286
7781,8332,민주/Noun,14,1,13,3.334444814938313e-05,0.0001665963259956907,0.9285714285714286
7782,8333,산만/Noun,14,1,13,3.334444814938313e-05,0.0001665963259956907,0.9285714285714286
7783,8334,모시다/Verb,14,1,13,3.334444814938313e-05,0.0001665963259956907,0.9285714285714286
7784,8335,노민우/Noun,14,13,1,0.00016672224074691566,3.331926519913814e-05,0.9285714285714286
7785,8336,삽입곡/Noun,14,13,1,0.00016672224074691566,3.331926519913814e-05,0.9285714285714286
7786,8337,외전/Noun,14,1,13,3.334444814938313e-05,0.0001665963259956907,0.9285714285714286
7787,8338,반말/Noun,14,1,13,3.334444814938313e-05,0.0001665963259956907,0.9285714285714286
7788,8339,유사라/Noun,14,1,13,3.334444814938313e-05,0.0001665963259956907,0.9285714285714286
7789,8340,능욕/Noun,14,1,13,3.334444814938313e-05,0.0001665963259956907,0.9285714285714286
7790,8341,마담/Noun,14,2,12,4.445926419917751e-05,0.00015548990426264466,0.8571428571428571
7791,8342,주입/Noun,14,2,12,4.445926419917751e-05,0.00015548990426264466,0.8571428571428571
7792,8343,탄도/Noun,14,12,2,0.00015560742469712126,4.4425686932184186e-05,0.8571428571428571
7793,8344,오로라공주/Noun,14,2,12,4.445926419917751e-05,0.00015548990426264466,0.8571428571428571
7794,8345,소란/Noun,14,2,12,4.445926419917751e-05,0.00015548990426264466,0.8571428571428571
7795,8346,무렵/Noun,14,12,2,0.00015560742469712126,4.4425686932184186e-05,0.8571428571428571
7796,8347,연말/Noun,14,12,2,0.00015560742469712126,4.4425686932184186e-05,0.8571428571428571
7797,8348,주룩주룩/Noun,14,12,2,0.00015560742469712126,4.4425686932184186e-05,0.8571428571428571
7798,8349,폴리스스토리/Noun,14,12,2,0.00015560742469712126,4.4425686932184186e-05,0.8571428571428571
7799,8350,8천원/Number,14,2,12,4.445926419917751e-05,0.00015548990426264466,0.8571428571428571
7800,8351,스탭들/Noun,14,2,12,4.445926419917751e-05,0.00015548990426264466,0.8571428571428571
7801,8352,로다주/Noun,14,12,2,0.00015560742469712126,4.4425686932184186e-05,0.8571428571428571
7802,8353,힛걸/Noun,14,12,2,0.00015560742469712126,4.4425686932184186e-05,0.8571428571428571
7803,8354,늙은이/Noun,14,2,12,4.445926419917751e-05,0.00015548990426264466,0.8571428571428571
7804,8355,작작하다/Adjective,14,2,12,4.445926419917751e-05,0.00015548990426264466,0.8571428571428571
7805,8356,끼어들다/Verb,14,2,12,4.445926419917751e-05,0.00015548990426264466,0.8571428571428571
7806,8357,화이자/Noun,14,12,2,0.00015560742469712126,4.4425686932184186e-05,0.8571428571428571
7807,8358,로군/Josa,14,2,12,4.445926419917751e-05,0.00015548990426264466,0.8571428571428571
7808,8359,포트/Noun,14,12,2,0.00015560742469712126,4.4425686932184186e-05,0.8571428571428571
7809,8360,엑소시즘/Noun,14,2,12,4.445926419917751e-05,0.00015548990426264466,0.8571428571428571
7810,8361,감탄사/Noun,14,12,2,0.00015560742469712126,4.4425686932184186e-05,0.8571428571428571
7811,8362,노출하다/Adjective,14,2,12,4.445926419917751e-05,0.00015548990426264466,0.8571428571428571
7812,8363,왜봄/Noun,14,2,12,4.445926419917751e-05,0.00015548990426264466,0.8571428571428571
7813,8364,ㅗㅗ/KoreanParticle,14,2,12,4.445926419917751e-05,0.00015548990426264466,0.8571428571428571
7814,8365,겨냥/Noun,14,2,12,4.445926419917751e-05,0.00015548990426264466,0.8571428571428571
7815,8366,내리막/Noun,14,2,12,4.445926419917751e-05,0.00015548990426264466,0.8571428571428571
7816,8367,따먹다/Verb,14,2,12,4.445926419917751e-05,0.00015548990426264466,0.8571428571428571
7817,8368,뻘/Noun,14,2,12,4.445926419917751e-05,0.00015548990426264466,0.8571428571428571
7818,8369,메우다/Verb,14,2,12,4.445926419917751e-05,0.00015548990426264466,0.8571428571428571
7819,8370,부제/Noun,14,2,12,4.445926419917751e-05,0.00015548990426264466,0.8571428571428571
7820,8371,휘두르다/Verb,14,2,12,4.445926419917751e-05,0.00015548990426264466,0.8571428571428571
7821,8372,일어서다/Verb,14,12,2,0.00015560742469712126,4.4425686932184186e-05,0.8571428571428571
7822,8373,핵꿀잼/Noun,14,12,2,0.00015560742469712126,4.4425686932184186e-05,0.8571428571428571
7823,8374,회한/Noun,14,12,2,0.00015560742469712126,4.4425686932184186e-05,0.8571428571428571
7824,8375,벌이/Noun,14,2,12,4.445926419917751e-05,0.00015548990426264466,0.8571428571428571
7825,8376,치장/Noun,14,2,12,4.445926419917751e-05,0.00015548990426264466,0.8571428571428571
7826,8377,야호/Noun,14,12,2,0.00015560742469712126,4.4425686932184186e-05,0.8571428571428571
7827,8378,우왕좌왕/Noun,14,2,12,4.445926419917751e-05,0.00015548990426264466,0.8571428571428571
7828,8379,교체/Noun,14,2,12,4.445926419917751e-05,0.00015548990426264466,0.8571428571428571
7829,8380,지도자/Noun,14,12,2,0.00015560742469712126,4.4425686932184186e-05,0.8571428571428571
7830,8381,서늘하다/Adjective,14,12,2,0.00015560742469712126,4.4425686932184186e-05,0.8571428571428571
7831,8382,막심/Noun,14,3,11,5.5574080248971876e-05,0.0001443834825295986,0.7857142857142857
7832,8383,붐/Noun,14,3,11,5.5574080248971876e-05,0.0001443834825295986,0.7857142857142857
7833,8384,오늘이/Noun,14,11,3,0.0001444926086473269,5.553210866523024e-05,0.7857142857142857
7834,8385,복장/Noun,14,3,11,5.5574080248971876e-05,0.0001443834825295986,0.7857142857142857
7835,8386,>.</Punctuation,14,11,3,0.0001444926086473269,5.553210866523024e-05,0.7857142857142857
7836,8387,상기/Noun,14,11,3,0.0001444926086473269,5.553210866523024e-05,0.7857142857142857
7837,8388,조형기/Noun,14,3,11,5.5574080248971876e-05,0.0001443834825295986,0.7857142857142857
7838,8389,불량/Noun,14,3,11,5.5574080248971876e-05,0.0001443834825295986,0.7857142857142857
7839,8390,가만있다/Verb,14,3,11,5.5574080248971876e-05,0.0001443834825295986,0.7857142857142857
7840,8391,수목/Noun,14,11,3,0.0001444926086473269,5.553210866523024e-05,0.7857142857142857
7841,8392,번개/Noun,14,11,3,0.0001444926086473269,5.553210866523024e-05,0.7857142857142857
7842,8393,미술관/Noun,14,11,3,0.0001444926086473269,5.553210866523024e-05,0.7857142857142857
7843,8394,정려원/Noun,14,11,3,0.0001444926086473269,5.553210866523024e-05,0.7857142857142857
7844,8395,오마주/Noun,14,3,11,5.5574080248971876e-05,0.0001443834825295986,0.7857142857142857
7845,8396,뽀뽀/Noun,14,3,11,5.5574080248971876e-05,0.0001443834825295986,0.7857142857142857
7846,8397,닷/Modifier,14,11,3,0.0001444926086473269,5.553210866523024e-05,0.7857142857142857
7847,8398,느릿느릿/Noun,14,3,11,5.5574080248971876e-05,0.0001443834825295986,0.7857142857142857
7848,8399,오즈/Noun,14,11,3,0.0001444926086473269,5.553210866523024e-05,0.7857142857142857
7849,8400,푼/Noun,14,3,11,5.5574080248971876e-05,0.0001443834825295986,0.7857142857142857
7850,8401,지니/Noun,14,11,3,0.0001444926086473269,5.553210866523024e-05,0.7857142857142857
7851,8402,개밥/Noun,14,3,11,5.5574080248971876e-05,0.0001443834825295986,0.7857142857142857
7852,8403,이색/Noun,14,11,3,0.0001444926086473269,5.553210866523024e-05,0.7857142857142857
7853,8404,오리엔탈리즘/Noun,14,3,11,5.5574080248971876e-05,0.0001443834825295986,0.7857142857142857
7854,8405,젬/Noun,14,11,3,0.0001444926086473269,5.553210866523024e-05,0.7857142857142857
7855,8406,브라보/Noun,14,11,3,0.0001444926086473269,5.553210866523024e-05,0.7857142857142857
7856,8407,작작/Noun,14,3,11,5.5574080248971876e-05,0.0001443834825295986,0.7857142857142857
7857,8408,이듬/Noun,14,3,11,5.5574080248971876e-05,0.0001443834825295986,0.7857142857142857
7858,8409,지긋지긋하다/Adjective,14,3,11,5.5574080248971876e-05,0.0001443834825295986,0.7857142857142857
7859,8410,시초/Noun,14,11,3,0.0001444926086473269,5.553210866523024e-05,0.7857142857142857
7860,8411,청순/Noun,14,11,3,0.0001444926086473269,5.553210866523024e-05,0.7857142857142857
7861,8412,.................../Punctuation,14,3,11,5.5574080248971876e-05,0.0001443834825295986,0.7857142857142857
7862,8413,맹/Noun,14,3,11,5.5574080248971876e-05,0.0001443834825295986,0.7857142857142857
7863,8414,비상/Noun,14,3,11,5.5574080248971876e-05,0.0001443834825295986,0.7857142857142857
7864,8415,리버/Noun,14,11,3,0.0001444926086473269,5.553210866523024e-05,0.7857142857142857
7865,8416,불평/Noun,14,11,3,0.0001444926086473269,5.553210866523024e-05,0.7857142857142857
7866,8417,머레이/Noun,14,11,3,0.0001444926086473269,5.553210866523024e-05,0.7857142857142857
7867,8418,주름/Noun,14,3,11,5.5574080248971876e-05,0.0001443834825295986,0.7857142857142857
7868,8419,대머리/Noun,14,3,11,5.5574080248971876e-05,0.0001443834825295986,0.7857142857142857
7869,8420,저조하다/Adjective,14,11,3,0.0001444926086473269,5.553210866523024e-05,0.7857142857142857
7870,8421,노숙자/Noun,14,3,11,5.5574080248971876e-05,0.0001443834825295986,0.7857142857142857
7871,8422,점차/Noun,14,11,3,0.0001444926086473269,5.553210866523024e-05,0.7857142857142857
7872,8423,적용/Noun,14,3,11,5.5574080248971876e-05,0.0001443834825295986,0.7857142857142857
7873,8424,몽골/Noun,14,3,11,5.5574080248971876e-05,0.0001443834825295986,0.7857142857142857
7874,8425,난장판/Noun,14,3,11,5.5574080248971876e-05,0.0001443834825295986,0.7857142857142857
7875,8426,시인/Noun,14,11,3,0.0001444926086473269,5.553210866523024e-05,0.7857142857142857
7876,8427,몰락하다/Adjective,14,3,11,5.5574080248971876e-05,0.0001443834825295986,0.7857142857142857
7877,8428,할인/Noun,14,3,11,5.5574080248971876e-05,0.0001443834825295986,0.7857142857142857
7878,8429,결승전/Noun,14,3,11,5.5574080248971876e-05,0.0001443834825295986,0.7857142857142857
7879,8430,헬렌/Noun,14,11,3,0.0001444926086473269,5.553210866523024e-05,0.7857142857142857
7880,8431,밨/Noun,14,11,3,0.0001444926086473269,5.553210866523024e-05,0.7857142857142857
7881,8432,무례하다/Adjective,14,3,11,5.5574080248971876e-05,0.0001443834825295986,0.7857142857142857
7882,8433,호호/Noun,14,11,3,0.0001444926086473269,5.553210866523024e-05,0.7857142857142857
7883,8434,연쇄살인/Noun,14,3,11,5.5574080248971876e-05,0.0001443834825295986,0.7857142857142857
7884,8435,찌라시/Noun,14,3,11,5.5574080248971876e-05,0.0001443834825295986,0.7857142857142857
7885,8436,~~!!!!/Punctuation,14,11,3,0.0001444926086473269,5.553210866523024e-05,0.7857142857142857
7886,8437,갈증/Noun,14,10,4,0.0001333777925975325,6.663853039827628e-05,0.7142857142857143
7887,8438,무식/Noun,14,4,10,6.668889629876625e-05,0.00013327706079655256,0.7142857142857143
7888,8439,역경/Noun,14,10,4,0.0001333777925975325,6.663853039827628e-05,0.7142857142857143
7889,8440,태권브이/Noun,14,4,10,6.668889629876625e-05,0.00013327706079655256,0.7142857142857143
7890,8441,발달/Noun,14,10,4,0.0001333777925975325,6.663853039827628e-05,0.7142857142857143
7891,8442,센세이션/Noun,14,10,4,0.0001333777925975325,6.663853039827628e-05,0.7142857142857143
7892,8443,개입/Noun,14,4,10,6.668889629876625e-05,0.00013327706079655256,0.7142857142857143
7893,8444,의무/Noun,14,10,4,0.0001333777925975325,6.663853039827628e-05,0.7142857142857143
7894,8445,퍽/Noun,14,4,10,6.668889629876625e-05,0.00013327706079655256,0.7142857142857143
7895,8446,줄기/Noun,14,10,4,0.0001333777925975325,6.663853039827628e-05,0.7142857142857143
7896,8447,다섯/Modifier,14,10,4,0.0001333777925975325,6.663853039827628e-05,0.7142857142857143
7897,8448,애니스톤/Noun,14,4,10,6.668889629876625e-05,0.00013327706079655256,0.7142857142857143
7898,8449,?!!/Punctuation,14,4,10,6.668889629876625e-05,0.00013327706079655256,0.7142857142857143
7899,8450,김재원/Noun,14,10,4,0.0001333777925975325,6.663853039827628e-05,0.7142857142857143
7900,8451,조미료/Noun,14,4,10,6.668889629876625e-05,0.00013327706079655256,0.7142857142857143
7901,8452,수상한/Noun,14,10,4,0.0001333777925975325,6.663853039827628e-05,0.7142857142857143
7902,8453,흠/Exclamation,14,4,10,6.668889629876625e-05,0.00013327706079655256,0.7142857142857143
7903,8454,타의/Noun,14,10,4,0.0001333777925975325,6.663853039827628e-05,0.7142857142857143
7904,8455,이만/Modifier,14,10,4,0.0001333777925975325,6.663853039827628e-05,0.7142857142857143
7905,8456,리듬/Noun,14,10,4,0.0001333777925975325,6.663853039827628e-05,0.7142857142857143
7906,8457,르노/Noun,14,4,10,6.668889629876625e-05,0.00013327706079655256,0.7142857142857143
7907,8458,정규/Noun,14,10,4,0.0001333777925975325,6.663853039827628e-05,0.7142857142857143
7908,8459,레디/Noun,14,4,10,6.668889629876625e-05,0.00013327706079655256,0.7142857142857143
7909,8460,덕화/Noun,14,10,4,0.0001333777925975325,6.663853039827628e-05,0.7142857142857143
7910,8461,혼돈/Noun,14,10,4,0.0001333777925975325,6.663853039827628e-05,0.7142857142857143
7911,8462,박철수/Noun,14,4,10,6.668889629876625e-05,0.00013327706079655256,0.7142857142857143
7912,8463,드라큘라/Noun,14,4,10,6.668889629876625e-05,0.00013327706079655256,0.7142857142857143
7913,8464,흡혈귀/Noun,14,4,10,6.668889629876625e-05,0.00013327706079655256,0.7142857142857143
7914,8465,가중/Noun,14,4,10,6.668889629876625e-05,0.00013327706079655256,0.7142857142857143
7915,8466,메가박스/Noun,14,10,4,0.0001333777925975325,6.663853039827628e-05,0.7142857142857143
7916,8467,학원물/Noun,14,4,10,6.668889629876625e-05,0.00013327706079655256,0.7142857142857143
7917,8468,앗다/Verb,14,4,10,6.668889629876625e-05,0.00013327706079655256,0.7142857142857143
7918,8469,상실하다/Adjective,14,4,10,6.668889629876625e-05,0.00013327706079655256,0.7142857142857143
7919,8470,치자/Noun,14,4,10,6.668889629876625e-05,0.00013327706079655256,0.7142857142857143
7920,8471,셜록홈즈/Noun,14,10,4,0.0001333777925975325,6.663853039827628e-05,0.7142857142857143
7921,8472,에고/Noun,14,4,10,6.668889629876625e-05,0.00013327706079655256,0.7142857142857143
7922,8473,이벤트/Noun,14,4,10,6.668889629876625e-05,0.00013327706079655256,0.7142857142857143
7923,8474,굴욕/Noun,14,4,10,6.668889629876625e-05,0.00013327706079655256,0.7142857142857143
7924,8475,사이비/Noun,14,4,10,6.668889629876625e-05,0.00013327706079655256,0.7142857142857143
7925,8476,시련/Noun,14,10,4,0.0001333777925975325,6.663853039827628e-05,0.7142857142857143
7926,8477,면모/Noun,14,10,4,0.0001333777925975325,6.663853039827628e-05,0.7142857142857143
7927,8478,대적/Noun,14,4,10,6.668889629876625e-05,0.00013327706079655256,0.7142857142857143
7928,8479,아우르다/Verb,14,10,4,0.0001333777925975325,6.663853039827628e-05,0.7142857142857143
7929,8480,우디앨런/Noun,14,10,4,0.0001333777925975325,6.663853039827628e-05,0.7142857142857143
7930,8481,미쉘/Noun,14,10,4,0.0001333777925975325,6.663853039827628e-05,0.7142857142857143
7931,8482,이수경/Noun,14,10,4,0.0001333777925975325,6.663853039827628e-05,0.7142857142857143
7932,8483,랬/Noun,14,4,10,6.668889629876625e-05,0.00013327706079655256,0.7142857142857143
7933,8484,1시/Number,14,4,10,6.668889629876625e-05,0.00013327706079655256,0.7142857142857143
7934,8485,사채/Noun,14,4,10,6.668889629876625e-05,0.00013327706079655256,0.7142857142857143
7935,8486,유학/Noun,14,9,5,0.00012226297654773814,7.774495213132233e-05,0.6428571428571429
7936,8487,허탈/Noun,14,5,9,7.780371234856063e-05,0.00012217063906350652,0.6428571428571429
7937,8488,리턴즈/Noun,14,9,5,0.00012226297654773814,7.774495213132233e-05,0.6428571428571429
7938,8489,간수/Noun,14,5,9,7.780371234856063e-05,0.00012217063906350652,0.6428571428571429
7939,8490,사만/Noun,14,9,5,0.00012226297654773814,7.774495213132233e-05,0.6428571428571429
7940,8491,아앙/Noun,14,5,9,7.780371234856063e-05,0.00012217063906350652,0.6428571428571429
7941,8492,엑스/Noun,14,5,9,7.780371234856063e-05,0.00012217063906350652,0.6428571428571429
7942,8493,부들/Noun,14,5,9,7.780371234856063e-05,0.00012217063906350652,0.6428571428571429
7943,8494,.;/Punctuation,14,5,9,7.780371234856063e-05,0.00012217063906350652,0.6428571428571429
7944,8495,락스/Noun,14,9,5,0.00012226297654773814,7.774495213132233e-05,0.6428571428571429
7945,8496,돈좀/Noun,14,5,9,7.780371234856063e-05,0.00012217063906350652,0.6428571428571429
7946,8497,할리웃/Noun,14,5,9,7.780371234856063e-05,0.00012217063906350652,0.6428571428571429
7947,8498,매장/Noun,14,5,9,7.780371234856063e-05,0.00012217063906350652,0.6428571428571429
7948,8499,극히/Noun,14,5,9,7.780371234856063e-05,0.00012217063906350652,0.6428571428571429
7949,8500,이참/Noun,14,5,9,7.780371234856063e-05,0.00012217063906350652,0.6428571428571429
7950,8501,시대극/Noun,14,5,9,7.780371234856063e-05,0.00012217063906350652,0.6428571428571429
7951,8502,실로/Noun,14,9,5,0.00012226297654773814,7.774495213132233e-05,0.6428571428571429
7952,8503,본영/Noun,14,9,5,0.00012226297654773814,7.774495213132233e-05,0.6428571428571429
7953,8504,뺴/Noun,14,5,9,7.780371234856063e-05,0.00012217063906350652,0.6428571428571429
7954,8505,소동/Noun,14,5,9,7.780371234856063e-05,0.00012217063906350652,0.6428571428571429
7955,8506,구심/Noun,14,5,9,7.780371234856063e-05,0.00012217063906350652,0.6428571428571429
7956,8507,기지/Noun,14,9,5,0.00012226297654773814,7.774495213132233e-05,0.6428571428571429
7957,8508,요리사/Noun,14,5,9,7.780371234856063e-05,0.00012217063906350652,0.6428571428571429
7958,8509,아이언/Noun,14,9,5,0.00012226297654773814,7.774495213132233e-05,0.6428571428571429
7959,8510,배부르다/Adjective,14,9,5,0.00012226297654773814,7.774495213132233e-05,0.6428571428571429
7960,8511,!!!!!!!!!!!!/Punctuation,14,9,5,0.00012226297654773814,7.774495213132233e-05,0.6428571428571429
7961,8512,감초/Noun,14,9,5,0.00012226297654773814,7.774495213132233e-05,0.6428571428571429
7962,8513,품격/Noun,14,9,5,0.00012226297654773814,7.774495213132233e-05,0.6428571428571429
7963,8514,하치/Noun,14,9,5,0.00012226297654773814,7.774495213132233e-05,0.6428571428571429
7964,8515,몽/Noun,14,5,9,7.780371234856063e-05,0.00012217063906350652,0.6428571428571429
7965,8516,안이/Noun,14,9,5,0.00012226297654773814,7.774495213132233e-05,0.6428571428571429
7966,8517,볼맛/Noun,14,5,9,7.780371234856063e-05,0.00012217063906350652,0.6428571428571429
7967,8518,련/Noun,14,9,5,0.00012226297654773814,7.774495213132233e-05,0.6428571428571429
7968,8519,북괴/Noun,14,5,9,7.780371234856063e-05,0.00012217063906350652,0.6428571428571429
7969,8520,안타/Noun,14,5,9,7.780371234856063e-05,0.00012217063906350652,0.6428571428571429
7970,8521,오감/Noun,14,9,5,0.00012226297654773814,7.774495213132233e-05,0.6428571428571429
7971,8522,임산부/Noun,14,5,9,7.780371234856063e-05,0.00012217063906350652,0.6428571428571429
7972,8523,..................../Punctuation,14,5,9,7.780371234856063e-05,0.00012217063906350652,0.6428571428571429
7973,8524,달이/Noun,14,9,5,0.00012226297654773814,7.774495213132233e-05,0.6428571428571429
7974,8525,댓/Noun,14,5,9,7.780371234856063e-05,0.00012217063906350652,0.6428571428571429
7975,8526,친하다/Adjective,14,5,9,7.780371234856063e-05,0.00012217063906350652,0.6428571428571429
7976,8527,부유하다/Adjective,14,9,5,0.00012226297654773814,7.774495213132233e-05,0.6428571428571429
7977,8528,비서/Noun,14,5,9,7.780371234856063e-05,0.00012217063906350652,0.6428571428571429
7978,8529,거물/Noun,14,9,5,0.00012226297654773814,7.774495213132233e-05,0.6428571428571429
7979,8530,편의점/Noun,14,5,9,7.780371234856063e-05,0.00012217063906350652,0.6428571428571429
7980,8531,셀/Noun,14,9,5,0.00012226297654773814,7.774495213132233e-05,0.6428571428571429
7981,8532,CSI/Alpha,14,9,5,0.00012226297654773814,7.774495213132233e-05,0.6428571428571429
7982,8533,아베/Noun,14,5,9,7.780371234856063e-05,0.00012217063906350652,0.6428571428571429
7983,8534,절도/Noun,14,5,9,7.780371234856063e-05,0.00012217063906350652,0.6428571428571429
7984,8535,파고/Noun,14,5,9,7.780371234856063e-05,0.00012217063906350652,0.6428571428571429
7985,8536,후진국/Noun,14,5,9,7.780371234856063e-05,0.00012217063906350652,0.6428571428571429
7986,8537,도구/Noun,14,5,9,7.780371234856063e-05,0.00012217063906350652,0.6428571428571429
7987,8538,낙태/Noun,14,5,9,7.780371234856063e-05,0.00012217063906350652,0.6428571428571429
7988,8539,유키/Noun,14,9,5,0.00012226297654773814,7.774495213132233e-05,0.6428571428571429
7989,8540,에피/Noun,14,9,5,0.00012226297654773814,7.774495213132233e-05,0.6428571428571429
7990,8541,보성/Noun,14,9,5,0.00012226297654773814,7.774495213132233e-05,0.6428571428571429
7991,8542,수두/Noun,14,5,9,7.780371234856063e-05,0.00012217063906350652,0.6428571428571429
7992,8543,친숙하다/Adjective,14,9,5,0.00012226297654773814,7.774495213132233e-05,0.6428571428571429
7993,8544,애국가/Noun,14,5,9,7.780371234856063e-05,0.00012217063906350652,0.6428571428571429
7994,8545,테러범/Noun,14,5,9,7.780371234856063e-05,0.00012217063906350652,0.6428571428571429
7995,8546,무진장/Noun,14,5,9,7.780371234856063e-05,0.00012217063906350652,0.6428571428571429
7996,8547,난리치다/Verb,14,5,9,7.780371234856063e-05,0.00012217063906350652,0.6428571428571429
7997,8548,송/Noun,14,9,5,0.00012226297654773814,7.774495213132233e-05,0.6428571428571429
7998,8549,잘해주다/Verb,14,9,5,0.00012226297654773814,7.774495213132233e-05,0.6428571428571429
7999,8550,본연/Noun,14,9,5,0.00012226297654773814,7.774495213132233e-05,0.6428571428571429
8000,8551,탐구/Noun,14,9,5,0.00012226297654773814,7.774495213132233e-05,0.6428571428571429
8001,8552,일어나지/Noun,14,9,5,0.00012226297654773814,7.774495213132233e-05,0.6428571428571429
8002,8553,골든/Noun,14,9,5,0.00012226297654773814,7.774495213132233e-05,0.6428571428571429
8003,8554,로이/Noun,14,5,9,7.780371234856063e-05,0.00012217063906350652,0.6428571428571429
8004,8555,중복/Noun,14,8,6,0.00011114816049794375,8.885137386436837e-05,0.5714285714285714
8005,8556,은혜/Noun,14,8,6,0.00011114816049794375,8.885137386436837e-05,0.5714285714285714
8006,8557,밤새다/Verb,14,8,6,0.00011114816049794375,8.885137386436837e-05,0.5714285714285714
8007,8558,무인도/Noun,14,8,6,0.00011114816049794375,8.885137386436837e-05,0.5714285714285714
8008,8559,커리어/Noun,14,6,8,8.891852839835501e-05,0.00011106421733046048,0.5714285714285714
8009,8560,밀리/Noun,14,8,6,0.00011114816049794375,8.885137386436837e-05,0.5714285714285714
8010,8561,10월/Number,14,8,6,0.00011114816049794375,8.885137386436837e-05,0.5714285714285714
8011,8562,다름없다/Adjective,14,6,8,8.891852839835501e-05,0.00011106421733046048,0.5714285714285714
8012,8563,장례식/Noun,14,8,6,0.00011114816049794375,8.885137386436837e-05,0.5714285714285714
8013,8564,유괴/Noun,14,6,8,8.891852839835501e-05,0.00011106421733046048,0.5714285714285714
8014,8565,육아/Noun,14,8,6,0.00011114816049794375,8.885137386436837e-05,0.5714285714285714
8015,8566,고준희/Noun,14,6,8,8.891852839835501e-05,0.00011106421733046048,0.5714285714285714
8016,8567,배기/Noun,14,6,8,8.891852839835501e-05,0.00011106421733046048,0.5714285714285714
8017,8568,2월/Number,14,6,8,8.891852839835501e-05,0.00011106421733046048,0.5714285714285714
8018,8569,유죄/Noun,14,8,6,0.00011114816049794375,8.885137386436837e-05,0.5714285714285714
8019,8570,블러드/Noun,14,6,8,8.891852839835501e-05,0.00011106421733046048,0.5714285714285714
8020,8571,복제/Noun,14,6,8,8.891852839835501e-05,0.00011106421733046048,0.5714285714285714
8021,8572,사주다/Verb,14,6,8,8.891852839835501e-05,0.00011106421733046048,0.5714285714285714
8022,8573,심야/Noun,14,6,8,8.891852839835501e-05,0.00011106421733046048,0.5714285714285714
8023,8574,결방/Noun,14,6,8,8.891852839835501e-05,0.00011106421733046048,0.5714285714285714
8024,8575,녹/Noun,14,8,6,0.00011114816049794375,8.885137386436837e-05,0.5714285714285714
8025,8576,펀치/Noun,14,6,8,8.891852839835501e-05,0.00011106421733046048,0.5714285714285714
8026,8577,무자비하다/Adjective,14,8,6,0.00011114816049794375,8.885137386436837e-05,0.5714285714285714
8027,8578,판매/Noun,14,6,8,8.891852839835501e-05,0.00011106421733046048,0.5714285714285714
8028,8579,컴백/Noun,14,6,8,8.891852839835501e-05,0.00011106421733046048,0.5714285714285714
8029,8580,대입/Noun,14,8,6,0.00011114816049794375,8.885137386436837e-05,0.5714285714285714
8030,8581,서구/Noun,14,6,8,8.891852839835501e-05,0.00011106421733046048,0.5714285714285714
8031,8582,광대/Noun,14,8,6,0.00011114816049794375,8.885137386436837e-05,0.5714285714285714
8032,8583,과극/Noun,14,8,6,0.00011114816049794375,8.885137386436837e-05,0.5714285714285714
8033,8584,허황/Noun,14,6,8,8.891852839835501e-05,0.00011106421733046048,0.5714285714285714
8034,8585,도피/Noun,14,8,6,0.00011114816049794375,8.885137386436837e-05,0.5714285714285714
8035,8586,오션스/Noun,14,6,8,8.891852839835501e-05,0.00011106421733046048,0.5714285714285714
8036,8587,종족/Noun,14,6,8,8.891852839835501e-05,0.00011106421733046048,0.5714285714285714
8037,8588,f/Alpha,14,6,8,8.891852839835501e-05,0.00011106421733046048,0.5714285714285714
8038,8589,괴짜/Noun,14,8,6,0.00011114816049794375,8.885137386436837e-05,0.5714285714285714
8039,8590,가져다주다/Verb,14,8,6,0.00011114816049794375,8.885137386436837e-05,0.5714285714285714
8040,8591,비보이/Noun,14,6,8,8.891852839835501e-05,0.00011106421733046048,0.5714285714285714
8041,8592,내려놓다/Verb,14,8,6,0.00011114816049794375,8.885137386436837e-05,0.5714285714285714
8042,8593,스턴/Noun,14,8,6,0.00011114816049794375,8.885137386436837e-05,0.5714285714285714
8043,8594,!.../Punctuation,14,8,6,0.00011114816049794375,8.885137386436837e-05,0.5714285714285714
8044,8595,이현우/Noun,14,8,6,0.00011114816049794375,8.885137386436837e-05,0.5714285714285714
8045,8596,드하/Noun,14,6,8,8.891852839835501e-05,0.00011106421733046048,0.5714285714285714
8046,8597,아티스트/Noun,14,6,8,8.891852839835501e-05,0.00011106421733046048,0.5714285714285714
8047,8598,마다가스카/Noun,14,8,6,0.00011114816049794375,8.885137386436837e-05,0.5714285714285714
8048,8599,사생활/Noun,14,6,8,8.891852839835501e-05,0.00011106421733046048,0.5714285714285714
8049,8600,눈길/Noun,14,6,8,8.891852839835501e-05,0.00011106421733046048,0.5714285714285714
8050,8601,주류/Noun,14,6,8,8.891852839835501e-05,0.00011106421733046048,0.5714285714285714
8051,8602,의적/Noun,14,6,8,8.891852839835501e-05,0.00011106421733046048,0.5714285714285714
8052,8603,최고급/Noun,14,6,8,8.891852839835501e-05,0.00011106421733046048,0.5714285714285714
8053,8604,둥이/Noun,14,8,6,0.00011114816049794375,8.885137386436837e-05,0.5714285714285714
8054,8605,으로라도/Josa,14,6,8,8.891852839835501e-05,0.00011106421733046048,0.5714285714285714
8055,8606,구름/Noun,14,8,6,0.00011114816049794375,8.885137386436837e-05,0.5714285714285714
8056,8607,홀/Noun,14,8,6,0.00011114816049794375,8.885137386436837e-05,0.5714285714285714
8057,8608,아이덴티티/Noun,14,6,8,8.891852839835501e-05,0.00011106421733046048,0.5714285714285714
8058,8609,카스/Noun,14,6,8,8.891852839835501e-05,0.00011106421733046048,0.5714285714285714
8059,8610,데인/Noun,14,6,8,8.891852839835501e-05,0.00011106421733046048,0.5714285714285714
8060,8611,냉철하다/Adjective,14,8,6,0.00011114816049794375,8.885137386436837e-05,0.5714285714285714
8061,8612,검술/Noun,14,8,6,0.00011114816049794375,8.885137386436837e-05,0.5714285714285714
8062,8613,프레임/Noun,14,8,6,0.00011114816049794375,8.885137386436837e-05,0.5714285714285714
8063,8614,저항/Noun,14,6,8,8.891852839835501e-05,0.00011106421733046048,0.5714285714285714
8064,8615,분다/Noun,14,8,6,0.00011114816049794375,8.885137386436837e-05,0.5714285714285714
8065,8616,쟈/Noun,14,8,6,0.00011114816049794375,8.885137386436837e-05,0.5714285714285714
8066,8617,강풀/Noun,14,6,8,8.891852839835501e-05,0.00011106421733046048,0.5714285714285714
8067,8618,해변/Noun,14,6,8,8.891852839835501e-05,0.00011106421733046048,0.5714285714285714
8068,8619,암흑/Noun,14,6,8,8.891852839835501e-05,0.00011106421733046048,0.5714285714285714
8069,8620,911/Number,14,8,6,0.00011114816049794375,8.885137386436837e-05,0.5714285714285714
8070,8621,터키/Noun,14,8,6,0.00011114816049794375,8.885137386436837e-05,0.5714285714285714
8071,8622,이다/Foreign,14,8,6,0.00011114816049794375,8.885137386436837e-05,0.5714285714285714
8072,8623,는바/Noun,14,8,6,0.00011114816049794375,8.885137386436837e-05,0.5714285714285714
8073,8624,발표/Noun,14,6,8,8.891852839835501e-05,0.00011106421733046048,0.5714285714285714
8074,8625,이집트/Noun,14,8,6,0.00011114816049794375,8.885137386436837e-05,0.5714285714285714
8075,8626,링컨/Noun,14,6,8,8.891852839835501e-05,0.00011106421733046048,0.5714285714285714
8076,8627,차안/Noun,14,6,8,8.891852839835501e-05,0.00011106421733046048,0.5714285714285714
8077,8628,분노의질주/Noun,14,8,6,0.00011114816049794375,8.885137386436837e-05,0.5714285714285714
8078,8629,위버/Noun,14,8,6,0.00011114816049794375,8.885137386436837e-05,0.5714285714285714
8079,8630,프레/Noun,14,8,6,0.00011114816049794375,8.885137386436837e-05,0.5714285714285714
8080,8631,고의/Noun,14,6,8,8.891852839835501e-05,0.00011106421733046048,0.5714285714285714
8081,8632,재산/Noun,14,6,8,8.891852839835501e-05,0.00011106421733046048,0.5714285714285714
8082,8633,2013/Number,14,6,8,8.891852839835501e-05,0.00011106421733046048,0.5714285714285714
8083,8634,갈릴/Noun,14,8,6,0.00011114816049794375,8.885137386436837e-05,0.5714285714285714
8084,8635,이지아/Noun,14,6,8,8.891852839835501e-05,0.00011106421733046048,0.5714285714285714
8085,8636,응징/Noun,14,6,8,8.891852839835501e-05,0.00011106421733046048,0.5714285714285714
8086,8637,데니스/Noun,14,6,8,8.891852839835501e-05,0.00011106421733046048,0.5714285714285714
8087,8638,횡포/Noun,14,6,8,8.891852839835501e-05,0.00011106421733046048,0.5714285714285714
8088,8639,페인/Noun,14,6,8,8.891852839835501e-05,0.00011106421733046048,0.5714285714285714
8089,8640,독일군/Noun,14,8,6,0.00011114816049794375,8.885137386436837e-05,0.5714285714285714
8090,8641,뽀/Noun,14,6,8,8.891852839835501e-05,0.00011106421733046048,0.5714285714285714
8091,8642,빌어/Noun,14,8,6,0.00011114816049794375,8.885137386436837e-05,0.5714285714285714
8092,8643,최성국/Noun,14,6,8,8.891852839835501e-05,0.00011106421733046048,0.5714285714285714
8093,8644,헝거게임/Noun,14,8,6,0.00011114816049794375,8.885137386436837e-05,0.5714285714285714
8094,8645,리딕/Noun,14,8,6,0.00011114816049794375,8.885137386436837e-05,0.5714285714285714
8095,8646,형사물/Noun,14,6,8,8.891852839835501e-05,0.00011106421733046048,0.5714285714285714
8096,8690,휴지통/Noun,13,0,13,2.2229632099588756e-05,0.0001665963259956907,1.0
8097,8691,동남아/Noun,13,0,13,2.2229632099588756e-05,0.0001665963259956907,1.0
8098,8692,we/Alpha,13,13,0,0.00016672224074691566,2.2212843466092093e-05,1.0
8099,8693,저리다/Adjective,13,13,0,0.00016672224074691566,2.2212843466092093e-05,1.0
8100,8694,졷/Noun,13,0,13,2.2229632099588756e-05,0.0001665963259956907,1.0
8101,8695,이화영/Noun,13,0,13,2.2229632099588756e-05,0.0001665963259956907,1.0
8102,8696,라그/Noun,13,0,13,2.2229632099588756e-05,0.0001665963259956907,1.0
8103,8697,정윤희/Noun,13,13,0,0.00016672224074691566,2.2212843466092093e-05,1.0
8104,8698,정도껏해/Noun,13,0,13,2.2229632099588756e-05,0.0001665963259956907,1.0
8105,8699,나사/Noun,13,0,13,2.2229632099588756e-05,0.0001665963259956907,1.0
8106,8700,이상준/Noun,13,0,13,2.2229632099588756e-05,0.0001665963259956907,1.0
8107,8701,죽도/Noun,13,0,13,2.2229632099588756e-05,0.0001665963259956907,1.0
8108,8702,아려/Noun,13,13,0,0.00016672224074691566,2.2212843466092093e-05,1.0
8109,8703,댕기/Noun,13,0,13,2.2229632099588756e-05,0.0001665963259956907,1.0
8110,8704,지스토리/Noun,13,0,13,2.2229632099588756e-05,0.0001665963259956907,1.0
8111,8705,씩씩하다/Adjective,13,13,0,0.00016672224074691566,2.2212843466092093e-05,1.0
8112,8706,모욕감/Noun,13,0,13,2.2229632099588756e-05,0.0001665963259956907,1.0
8113,8707,질색/Noun,13,0,13,2.2229632099588756e-05,0.0001665963259956907,1.0
8114,8708,최우식/Noun,13,13,0,0.00016672224074691566,2.2212843466092093e-05,1.0
8115,8709,오호/Exclamation,13,12,1,0.00015560742469712126,3.331926519913814e-05,0.9230769230769232
8116,8710,무뇌/Noun,13,1,12,3.334444814938313e-05,0.00015548990426264466,0.9230769230769232
8117,8711,전날/Noun,13,12,1,0.00015560742469712126,3.331926519913814e-05,0.9230769230769232
8118,8712,잠듬/Noun,13,1,12,3.334444814938313e-05,0.00015548990426264466,0.9230769230769232
8119,8713,사뭇/Noun,13,12,1,0.00015560742469712126,3.331926519913814e-05,0.9230769230769232
8120,8714,ㅅㄲ/KoreanParticle,13,1,12,3.334444814938313e-05,0.00015548990426264466,0.9230769230769232
8121,8715,life/Alpha,13,12,1,0.00015560742469712126,3.331926519913814e-05,0.9230769230769232
8122,8716,상남자/Noun,13,12,1,0.00015560742469712126,3.331926519913814e-05,0.9230769230769232
8123,8717,툭하면/Noun,13,1,12,3.334444814938313e-05,0.00015548990426264466,0.9230769230769232
8124,8718,Cg/Alpha,13,1,12,3.334444814938313e-05,0.00015548990426264466,0.9230769230769232
8125,8719,이창동/Noun,13,12,1,0.00015560742469712126,3.331926519913814e-05,0.9230769230769232
8126,8720,노망/Noun,13,1,12,3.334444814938313e-05,0.00015548990426264466,0.9230769230769232
8127,8721,로빈윌리엄스/Noun,13,12,1,0.00015560742469712126,3.331926519913814e-05,0.9230769230769232
8128,8722,박기웅/Noun,13,12,1,0.00015560742469712126,3.331926519913814e-05,0.9230769230769232
8129,8723,한스/Noun,13,12,1,0.00015560742469712126,3.331926519913814e-05,0.9230769230769232
8130,8724,괜춘/Noun,13,12,1,0.00015560742469712126,3.331926519913814e-05,0.9230769230769232
8131,8725,아낌없이/Adverb,13,12,1,0.00015560742469712126,3.331926519913814e-05,0.9230769230769232
8132,8726,잘껄/Noun,13,1,12,3.334444814938313e-05,0.00015548990426264466,0.9230769230769232
8133,8727,미끼/Noun,13,1,12,3.334444814938313e-05,0.00015548990426264466,0.9230769230769232
8134,8728,밋밋/Noun,13,1,12,3.334444814938313e-05,0.00015548990426264466,0.9230769230769232
8135,8729,휴그랜트/Noun,13,12,1,0.00015560742469712126,3.331926519913814e-05,0.9230769230769232
8136,8730,분단/Noun,13,12,1,0.00015560742469712126,3.331926519913814e-05,0.9230769230769232
8137,8731,on/Alpha,13,12,1,0.00015560742469712126,3.331926519913814e-05,0.9230769230769232
8138,8732,타오르다/Verb,13,12,1,0.00015560742469712126,3.331926519913814e-05,0.9230769230769232
8139,8733,퉷/Noun,13,1,12,3.334444814938313e-05,0.00015548990426264466,0.9230769230769232
8140,8734,삭막하다/Adjective,13,12,1,0.00015560742469712126,3.331926519913814e-05,0.9230769230769232
8141,8735,쯔쯔/Noun,13,1,12,3.334444814938313e-05,0.00015548990426264466,0.9230769230769232
8142,8736,로건/Noun,13,12,1,0.00015560742469712126,3.331926519913814e-05,0.9230769230769232
8143,8737,따분함/Noun,13,1,12,3.334444814938313e-05,0.00015548990426264466,0.9230769230769232
8144,8738,바르뎀/Noun,13,12,1,0.00015560742469712126,3.331926519913814e-05,0.9230769230769232
8145,8739,쯧/Exclamation,13,2,11,4.445926419917751e-05,0.0001443834825295986,0.8461538461538461
8146,8740,쯧쯧/Exclamation,13,2,11,4.445926419917751e-05,0.0001443834825295986,0.8461538461538461
8147,8741,기껏/Noun,13,2,11,4.445926419917751e-05,0.0001443834825295986,0.8461538461538461
8148,8742,하기는/Adverb,13,2,11,4.445926419917751e-05,0.0001443834825295986,0.8461538461538461
8149,8743,.!!!/Punctuation,13,11,2,0.0001444926086473269,4.4425686932184186e-05,0.8461538461538461
8150,8744,별도/Noun,13,2,11,4.445926419917751e-05,0.0001443834825295986,0.8461538461538461
8151,8745,캠코더/Noun,13,2,11,4.445926419917751e-05,0.0001443834825295986,0.8461538461538461
8152,8746,방구/Noun,13,2,11,4.445926419917751e-05,0.0001443834825295986,0.8461538461538461
8153,8747,요런/Noun,13,11,2,0.0001444926086473269,4.4425686932184186e-05,0.8461538461538461
8154,8748,분전/Noun,13,2,11,4.445926419917751e-05,0.0001443834825295986,0.8461538461538461
8155,8749,부당하다/Adjective,13,11,2,0.0001444926086473269,4.4425686932184186e-05,0.8461538461538461
8156,8750,당근/Noun,13,11,2,0.0001444926086473269,4.4425686932184186e-05,0.8461538461538461
8157,8751,독립영화관/Noun,13,11,2,0.0001444926086473269,4.4425686932184186e-05,0.8461538461538461
8158,8752,농촌/Noun,13,11,2,0.0001444926086473269,4.4425686932184186e-05,0.8461538461538461
8159,8753,델피/Noun,13,11,2,0.0001444926086473269,4.4425686932184186e-05,0.8461538461538461
8160,8754,은정/Noun,13,2,11,4.445926419917751e-05,0.0001443834825295986,0.8461538461538461
8161,8755,지모/Noun,13,11,2,0.0001444926086473269,4.4425686932184186e-05,0.8461538461538461
8162,8756,캠/Noun,13,2,11,4.445926419917751e-05,0.0001443834825295986,0.8461538461538461
8163,8757,반한/Noun,13,11,2,0.0001444926086473269,4.4425686932184186e-05,0.8461538461538461
8164,8758,빽/Noun,13,2,11,4.445926419917751e-05,0.0001443834825295986,0.8461538461538461
8165,8759,래미/Noun,13,2,11,4.445926419917751e-05,0.0001443834825295986,0.8461538461538461
8166,8760,브랜든/Noun,13,11,2,0.0001444926086473269,4.4425686932184186e-05,0.8461538461538461
8167,8761,깍/Noun,13,2,11,4.445926419917751e-05,0.0001443834825295986,0.8461538461538461
8168,8762,애착/Noun,13,11,2,0.0001444926086473269,4.4425686932184186e-05,0.8461538461538461
8169,8763,재밌슴/Noun,13,11,2,0.0001444926086473269,4.4425686932184186e-05,0.8461538461538461
8170,8764,핑/Noun,13,11,2,0.0001444926086473269,4.4425686932184186e-05,0.8461538461538461
8171,8765,극악/Noun,13,2,11,4.445926419917751e-05,0.0001443834825295986,0.8461538461538461
8172,8766,해피앤딩/Noun,13,11,2,0.0001444926086473269,4.4425686932184186e-05,0.8461538461538461
8173,8767,기인/Noun,13,2,11,4.445926419917751e-05,0.0001443834825295986,0.8461538461538461
8174,8768,돈벌이/Noun,13,2,11,4.445926419917751e-05,0.0001443834825295986,0.8461538461538461
8175,8769,정감/Noun,13,11,2,0.0001444926086473269,4.4425686932184186e-05,0.8461538461538461
8176,8770,흡인/Noun,13,11,2,0.0001444926086473269,4.4425686932184186e-05,0.8461538461538461
8177,8771,삼각관계/Noun,13,2,11,4.445926419917751e-05,0.0001443834825295986,0.8461538461538461
8178,8772,특촬물/Noun,13,2,11,4.445926419917751e-05,0.0001443834825295986,0.8461538461538461
8179,8773,디도/Noun,13,2,11,4.445926419917751e-05,0.0001443834825295986,0.8461538461538461
8180,8774,야심/Noun,13,2,11,4.445926419917751e-05,0.0001443834825295986,0.8461538461538461
8181,8775,블레어/Noun,13,2,11,4.445926419917751e-05,0.0001443834825295986,0.8461538461538461
8182,8776,부리고/Noun,13,2,11,4.445926419917751e-05,0.0001443834825295986,0.8461538461538461
8183,8777,반대편/Noun,13,11,2,0.0001444926086473269,4.4425686932184186e-05,0.8461538461538461
8184,8778,습니/Noun,13,11,2,0.0001444926086473269,4.4425686932184186e-05,0.8461538461538461
8185,8779,무스/Noun,13,11,2,0.0001444926086473269,4.4425686932184186e-05,0.8461538461538461
8186,8780,REC/Alpha,13,2,11,4.445926419917751e-05,0.0001443834825295986,0.8461538461538461
8187,8781,꼽는다/Noun,13,11,2,0.0001444926086473269,4.4425686932184186e-05,0.8461538461538461
8188,8782,정은지/Noun,13,11,2,0.0001444926086473269,4.4425686932184186e-05,0.8461538461538461
8189,8783,분발/Noun,13,2,11,4.445926419917751e-05,0.0001443834825295986,0.8461538461538461
8190,8784,4~5/Number,13,2,11,4.445926419917751e-05,0.0001443834825295986,0.8461538461538461
8191,8785,애매모호하다/Adjective,13,2,11,4.445926419917751e-05,0.0001443834825295986,0.8461538461538461
8192,8786,업자/Noun,13,2,11,4.445926419917751e-05,0.0001443834825295986,0.8461538461538461
8193,8787,버프/Noun,13,2,11,4.445926419917751e-05,0.0001443834825295986,0.8461538461538461
8194,8788,코비/Noun,13,11,2,0.0001444926086473269,4.4425686932184186e-05,0.8461538461538461
8195,8789,썸띵/Noun,13,2,11,4.445926419917751e-05,0.0001443834825295986,0.8461538461538461
8196,8790,김정훈/Noun,13,3,10,5.5574080248971876e-05,0.00013327706079655256,0.7692307692307693
8197,8791,소감/Noun,13,3,10,5.5574080248971876e-05,0.00013327706079655256,0.7692307692307693
8198,8792,외로워/Noun,13,10,3,0.0001333777925975325,5.553210866523024e-05,0.7692307692307693
8199,8793,imdb/Alpha,13,3,10,5.5574080248971876e-05,0.00013327706079655256,0.7692307692307693
8200,8794,!!!!!!!!!!!!!/Punctuation,13,10,3,0.0001333777925975325,5.553210866523024e-05,0.7692307692307693
8201,8795,점령/Noun,13,3,10,5.5574080248971876e-05,0.00013327706079655256,0.7692307692307693
8202,8796,캠프/Noun,13,3,10,5.5574080248971876e-05,0.00013327706079655256,0.7692307692307693
8203,8797,숨소리/Noun,13,10,3,0.0001333777925975325,5.553210866523024e-05,0.7692307692307693
8204,8798,거림/Noun,13,10,3,0.0001333777925975325,5.553210866523024e-05,0.7692307692307693
8205,8799,도쿄/Noun,13,10,3,0.0001333777925975325,5.553210866523024e-05,0.7692307692307693
8206,8800,....^^/Punctuation,13,10,3,0.0001333777925975325,5.553210866523024e-05,0.7692307692307693
8207,8801,욥/Noun,13,10,3,0.0001333777925975325,5.553210866523024e-05,0.7692307692307693
8208,8802,인주/Noun,13,3,10,5.5574080248971876e-05,0.00013327706079655256,0.7692307692307693
8209,8803,평가절하/Noun,13,10,3,0.0001333777925975325,5.553210866523024e-05,0.7692307692307693
8210,8804,노홍철/Noun,13,10,3,0.0001333777925975325,5.553210866523024e-05,0.7692307692307693
8211,8805,굴곡/Noun,13,3,10,5.5574080248971876e-05,0.00013327706079655256,0.7692307692307693
8212,8806,소문나다/Verb,13,3,10,5.5574080248971876e-05,0.00013327706079655256,0.7692307692307693
8213,8807,십자/Noun,13,3,10,5.5574080248971876e-05,0.00013327706079655256,0.7692307692307693
8214,8808,쩔/Noun,13,10,3,0.0001333777925975325,5.553210866523024e-05,0.7692307692307693
8215,8809,맛깔/Noun,13,10,3,0.0001333777925975325,5.553210866523024e-05,0.7692307692307693
8216,8810,서유리/Noun,13,3,10,5.5574080248971876e-05,0.00013327706079655256,0.7692307692307693
8217,8811,햐/Noun,13,3,10,5.5574080248971876e-05,0.00013327706079655256,0.7692307692307693
8218,8812,끝임/Noun,13,3,10,5.5574080248971876e-05,0.00013327706079655256,0.7692307692307693
8219,8813,복사/Noun,13,3,10,5.5574080248971876e-05,0.00013327706079655256,0.7692307692307693
8220,8814,조미/Noun,13,10,3,0.0001333777925975325,5.553210866523024e-05,0.7692307692307693
8221,8815,수염/Noun,13,3,10,5.5574080248971876e-05,0.00013327706079655256,0.7692307692307693
8222,8816,빡/Noun,13,3,10,5.5574080248971876e-05,0.00013327706079655256,0.7692307692307693
8223,8817,카렐/Noun,13,10,3,0.0001333777925975325,5.553210866523024e-05,0.7692307692307693
8224,8818,간의/Foreign,13,10,3,0.0001333777925975325,5.553210866523024e-05,0.7692307692307693
8225,8819,이재은/Noun,13,3,10,5.5574080248971876e-05,0.00013327706079655256,0.7692307692307693
8226,8820,배출/Noun,13,10,3,0.0001333777925975325,5.553210866523024e-05,0.7692307692307693
8227,8821,누리/Noun,13,10,3,0.0001333777925975325,5.553210866523024e-05,0.7692307692307693
8228,8822,비겁하다/Adjective,13,3,10,5.5574080248971876e-05,0.00013327706079655256,0.7692307692307693
8229,8823,부들부들/Noun,13,3,10,5.5574080248971876e-05,0.00013327706079655256,0.7692307692307693
8230,8824,수트/Noun,13,10,3,0.0001333777925975325,5.553210866523024e-05,0.7692307692307693
8231,8825,뻑/Noun,13,3,10,5.5574080248971876e-05,0.00013327706079655256,0.7692307692307693
8232,8826,기수/Noun,13,3,10,5.5574080248971876e-05,0.00013327706079655256,0.7692307692307693
8233,8827,스럽지도/Josa,13,3,10,5.5574080248971876e-05,0.00013327706079655256,0.7692307692307693
8234,8828,예언/Noun,13,10,3,0.0001333777925975325,5.553210866523024e-05,0.7692307692307693
8235,8829,120/Number,13,3,10,5.5574080248971876e-05,0.00013327706079655256,0.7692307692307693
8236,8830,넘어오다/Verb,13,3,10,5.5574080248971876e-05,0.00013327706079655256,0.7692307692307693
8237,8831,히트치다/Verb,13,3,10,5.5574080248971876e-05,0.00013327706079655256,0.7692307692307693
8238,8832,고창석/Noun,13,3,10,5.5574080248971876e-05,0.00013327706079655256,0.7692307692307693
8239,8833,조로/Noun,13,3,10,5.5574080248971876e-05,0.00013327706079655256,0.7692307692307693
8240,8834,안대/Noun,13,3,10,5.5574080248971876e-05,0.00013327706079655256,0.7692307692307693
8241,8835,선장/Noun,13,10,3,0.0001333777925975325,5.553210866523024e-05,0.7692307692307693
8242,8836,시적/Noun,13,10,3,0.0001333777925975325,5.553210866523024e-05,0.7692307692307693
8243,8837,방송사/Noun,13,3,10,5.5574080248971876e-05,0.00013327706079655256,0.7692307692307693
8244,8838,국경/Noun,13,10,3,0.0001333777925975325,5.553210866523024e-05,0.7692307692307693
8245,8839,버디/Noun,13,10,3,0.0001333777925975325,5.553210866523024e-05,0.7692307692307693
8246,8840,신체/Noun,13,3,10,5.5574080248971876e-05,0.00013327706079655256,0.7692307692307693
8247,8841,마리옹/Noun,13,10,3,0.0001333777925975325,5.553210866523024e-05,0.7692307692307693
8248,8842,만끽/Noun,13,10,3,0.0001333777925975325,5.553210866523024e-05,0.7692307692307693
8249,8843,봉하/Noun,13,10,3,0.0001333777925975325,5.553210866523024e-05,0.7692307692307693
8250,8844,재개/Noun,13,10,3,0.0001333777925975325,5.553210866523024e-05,0.7692307692307693
8251,8845,살찌다/Adjective,13,3,10,5.5574080248971876e-05,0.00013327706079655256,0.7692307692307693
8252,8846,무의식/Noun,13,10,3,0.0001333777925975325,5.553210866523024e-05,0.7692307692307693
8253,8847,워킹/Noun,13,3,10,5.5574080248971876e-05,0.00013327706079655256,0.7692307692307693
8254,8848,우산/Noun,13,10,3,0.0001333777925975325,5.553210866523024e-05,0.7692307692307693
8255,8849,1960년/Number,13,3,10,5.5574080248971876e-05,0.00013327706079655256,0.7692307692307693
8256,8850,영원/Noun,13,10,3,0.0001333777925975325,5.553210866523024e-05,0.7692307692307693
8257,8851,마리아/Noun,13,10,3,0.0001333777925975325,5.553210866523024e-05,0.7692307692307693
8258,8852,계절/Noun,13,10,3,0.0001333777925975325,5.553210866523024e-05,0.7692307692307693
8259,8853,최루성/Noun,13,4,9,6.668889629876625e-05,0.00012217063906350652,0.6923076923076923
8260,8854,손길/Noun,13,9,4,0.00012226297654773814,6.663853039827628e-05,0.6923076923076923
8261,8855,한고은/Noun,13,4,9,6.668889629876625e-05,0.00012217063906350652,0.6923076923076923
8262,8856,문란하다/Adjective,13,4,9,6.668889629876625e-05,0.00012217063906350652,0.6923076923076923
8263,8857,꺅/Adverb,13,9,4,0.00012226297654773814,6.663853039827628e-05,0.6923076923076923
8264,8858,이영환/Noun,13,4,9,6.668889629876625e-05,0.00012217063906350652,0.6923076923076923
8265,8859,미취/Noun,13,4,9,6.668889629876625e-05,0.00012217063906350652,0.6923076923076923
8266,8860,갑옷/Noun,13,4,9,6.668889629876625e-05,0.00012217063906350652,0.6923076923076923
8267,8861,가르시아/Noun,13,9,4,0.00012226297654773814,6.663853039827628e-05,0.6923076923076923
8268,8862,이어도/Noun,13,9,4,0.00012226297654773814,6.663853039827628e-05,0.6923076923076923
8269,8863,천안함/Noun,13,4,9,6.668889629876625e-05,0.00012217063906350652,0.6923076923076923
8270,8864,하류/Noun,13,4,9,6.668889629876625e-05,0.00012217063906350652,0.6923076923076923
8271,8865,나미/Noun,13,4,9,6.668889629876625e-05,0.00012217063906350652,0.6923076923076923
8272,8866,엿/Noun,13,4,9,6.668889629876625e-05,0.00012217063906350652,0.6923076923076923
8273,8867,아찔하다/Adjective,13,9,4,0.00012226297654773814,6.663853039827628e-05,0.6923076923076923
8274,8868,소신/Noun,13,9,4,0.00012226297654773814,6.663853039827628e-05,0.6923076923076923
8275,8869,엘리/Noun,13,9,4,0.00012226297654773814,6.663853039827628e-05,0.6923076923076923
8276,8870,로미오/Noun,13,9,4,0.00012226297654773814,6.663853039827628e-05,0.6923076923076923
8277,8871,이씨/Noun,13,4,9,6.668889629876625e-05,0.00012217063906350652,0.6923076923076923
8278,8872,모모/Noun,13,4,9,6.668889629876625e-05,0.00012217063906350652,0.6923076923076923
8279,8873,비율/Noun,13,4,9,6.668889629876625e-05,0.00012217063906350652,0.6923076923076923
8280,8874,게이트/Noun,13,9,4,0.00012226297654773814,6.663853039827628e-05,0.6923076923076923
8281,8875,5.5/Number,13,4,9,6.668889629876625e-05,0.00012217063906350652,0.6923076923076923
8282,8876,고대/Noun,13,9,4,0.00012226297654773814,6.663853039827628e-05,0.6923076923076923
8283,8877,인가/Foreign,13,9,4,0.00012226297654773814,6.663853039827628e-05,0.6923076923076923
8284,8878,첩혈쌍웅/Noun,13,9,4,0.00012226297654773814,6.663853039827628e-05,0.6923076923076923
8285,8879,무쟈/Noun,13,4,9,6.668889629876625e-05,0.00012217063906350652,0.6923076923076923
8286,8880,왕가네/Noun,13,4,9,6.668889629876625e-05,0.00012217063906350652,0.6923076923076923
8287,8881,gg/Alpha,13,4,9,6.668889629876625e-05,0.00012217063906350652,0.6923076923076923
8288,8882,가출/Noun,13,4,9,6.668889629876625e-05,0.00012217063906350652,0.6923076923076923
8289,8883,캔디/Noun,13,9,4,0.00012226297654773814,6.663853039827628e-05,0.6923076923076923
8290,8884,취업/Noun,13,9,4,0.00012226297654773814,6.663853039827628e-05,0.6923076923076923
8291,8885,장통/Noun,13,9,4,0.00012226297654773814,6.663853039827628e-05,0.6923076923076923
8292,8886,조온나/Noun,13,4,9,6.668889629876625e-05,0.00012217063906350652,0.6923076923076923
8293,8887,설교/Noun,13,4,9,6.668889629876625e-05,0.00012217063906350652,0.6923076923076923
8294,8888,애증/Noun,13,9,4,0.00012226297654773814,6.663853039827628e-05,0.6923076923076923
8295,8889,빼앗다/Verb,13,4,9,6.668889629876625e-05,0.00012217063906350652,0.6923076923076923
8296,8890,강인/Noun,13,4,9,6.668889629876625e-05,0.00012217063906350652,0.6923076923076923
8297,8891,약점/Noun,13,4,9,6.668889629876625e-05,0.00012217063906350652,0.6923076923076923
8298,8892,올라서다/Verb,13,9,4,0.00012226297654773814,6.663853039827628e-05,0.6923076923076923
8299,8893,BEST/Alpha,13,9,4,0.00012226297654773814,6.663853039827628e-05,0.6923076923076923
8300,8894,왜냐하면/Adverb,13,9,4,0.00012226297654773814,6.663853039827628e-05,0.6923076923076923
8301,8895,훑다/Verb,13,4,9,6.668889629876625e-05,0.00012217063906350652,0.6923076923076923
8302,8896,동해/Noun,13,4,9,6.668889629876625e-05,0.00012217063906350652,0.6923076923076923
8303,8897,휴일/Noun,13,9,4,0.00012226297654773814,6.663853039827628e-05,0.6923076923076923
8304,8898,주된/Modifier,13,4,9,6.668889629876625e-05,0.00012217063906350652,0.6923076923076923
8305,8899,불사신/Noun,13,4,9,6.668889629876625e-05,0.00012217063906350652,0.6923076923076923
8306,8900,선악/Noun,13,9,4,0.00012226297654773814,6.663853039827628e-05,0.6923076923076923
8307,8901,공평하다/Adjective,13,9,4,0.00012226297654773814,6.663853039827628e-05,0.6923076923076923
8308,8902,신경안/Noun,13,4,9,6.668889629876625e-05,0.00012217063906350652,0.6923076923076923
8309,8903,성취/Noun,13,9,4,0.00012226297654773814,6.663853039827628e-05,0.6923076923076923
8310,8904,근원/Noun,13,9,4,0.00012226297654773814,6.663853039827628e-05,0.6923076923076923
8311,8905,민아/Noun,13,9,4,0.00012226297654773814,6.663853039827628e-05,0.6923076923076923
8312,8906,알렌/Noun,13,9,4,0.00012226297654773814,6.663853039827628e-05,0.6923076923076923
8313,8907,광수/Noun,13,4,9,6.668889629876625e-05,0.00012217063906350652,0.6923076923076923
8314,8908,시급하다/Adjective,13,4,9,6.668889629876625e-05,0.00012217063906350652,0.6923076923076923
8315,8909,남극/Noun,13,9,4,0.00012226297654773814,6.663853039827628e-05,0.6923076923076923
8316,8910,절벽/Noun,13,4,9,6.668889629876625e-05,0.00012217063906350652,0.6923076923076923
8317,8911,브레드/Noun,13,4,9,6.668889629876625e-05,0.00012217063906350652,0.6923076923076923
8318,8912,실현/Noun,13,9,4,0.00012226297654773814,6.663853039827628e-05,0.6923076923076923
8319,8913,아부지/Noun,13,9,4,0.00012226297654773814,6.663853039827628e-05,0.6923076923076923
8320,8914,27/Number,13,9,4,0.00012226297654773814,6.663853039827628e-05,0.6923076923076923
8321,8915,노출씬/Noun,13,4,9,6.668889629876625e-05,0.00012217063906350652,0.6923076923076923
8322,8916,달려들다/Verb,13,4,9,6.668889629876625e-05,0.00012217063906350652,0.6923076923076923
8323,8917,문어/Noun,13,4,9,6.668889629876625e-05,0.00012217063906350652,0.6923076923076923
8324,8918,동반/Noun,13,9,4,0.00012226297654773814,6.663853039827628e-05,0.6923076923076923
8325,8919,♪/Foreign,13,9,4,0.00012226297654773814,6.663853039827628e-05,0.6923076923076923
8326,8920,최다니엘/Noun,13,9,4,0.00012226297654773814,6.663853039827628e-05,0.6923076923076923
8327,8921,차량/Noun,13,4,9,6.668889629876625e-05,0.00012217063906350652,0.6923076923076923
8328,8922,주도/Noun,13,4,9,6.668889629876625e-05,0.00012217063906350652,0.6923076923076923
8329,8923,히든싱어/Noun,13,9,4,0.00012226297654773814,6.663853039827628e-05,0.6923076923076923
8330,8924,마자/Noun,13,4,9,6.668889629876625e-05,0.00012217063906350652,0.6923076923076923
8331,8925,시공간/Noun,13,9,4,0.00012226297654773814,6.663853039827628e-05,0.6923076923076923
8332,8926,신작/Noun,13,4,9,6.668889629876625e-05,0.00012217063906350652,0.6923076923076923
8333,8927,기여/Noun,13,9,4,0.00012226297654773814,6.663853039827628e-05,0.6923076923076923
8334,8928,른/Noun,13,9,4,0.00012226297654773814,6.663853039827628e-05,0.6923076923076923
8335,8929,수백/Modifier,13,4,9,6.668889629876625e-05,0.00012217063906350652,0.6923076923076923
8336,8930,무덥다/Adjective,13,9,4,0.00012226297654773814,6.663853039827628e-05,0.6923076923076923
8337,8931,김인권/Noun,13,4,9,6.668889629876625e-05,0.00012217063906350652,0.6923076923076923
8338,8932,성별/Noun,13,4,9,6.668889629876625e-05,0.00012217063906350652,0.6923076923076923
8339,8933,오징어/Noun,13,4,9,6.668889629876625e-05,0.00012217063906350652,0.6923076923076923
8340,8934,허드/Noun,13,4,9,6.668889629876625e-05,0.00012217063906350652,0.6923076923076923
8341,8935,치정/Noun,13,4,9,6.668889629876625e-05,0.00012217063906350652,0.6923076923076923
8342,8936,회도/Noun,13,9,4,0.00012226297654773814,6.663853039827628e-05,0.6923076923076923
8343,8937,구가/Noun,13,4,9,6.668889629876625e-05,0.00012217063906350652,0.6923076923076923
8344,8938,에어컨/Noun,13,5,8,7.780371234856063e-05,0.00011106421733046048,0.6153846153846154
8345,8939,최면/Noun,13,5,8,7.780371234856063e-05,0.00011106421733046048,0.6153846153846154
8346,8940,더락/Noun,13,8,5,0.00011114816049794375,7.774495213132233e-05,0.6153846153846154
8347,8941,찾아내다/Verb,13,8,5,0.00011114816049794375,7.774495213132233e-05,0.6153846153846154
8348,8942,자리다/Adjective,13,8,5,0.00011114816049794375,7.774495213132233e-05,0.6153846153846154
8349,8943,힝/Noun,13,8,5,0.00011114816049794375,7.774495213132233e-05,0.6153846153846154
8350,8944,으이/Adverb,13,5,8,7.780371234856063e-05,0.00011106421733046048,0.6153846153846154
8351,8945,스시/Noun,13,8,5,0.00011114816049794375,7.774495213132233e-05,0.6153846153846154
8352,8946,비도/Noun,13,8,5,0.00011114816049794375,7.774495213132233e-05,0.6153846153846154
8353,8947,특공대/Noun,13,5,8,7.780371234856063e-05,0.00011106421733046048,0.6153846153846154
8354,8948,고다르/Noun,13,8,5,0.00011114816049794375,7.774495213132233e-05,0.6153846153846154
8355,8949,아나운서/Noun,13,5,8,7.780371234856063e-05,0.00011106421733046048,0.6153846153846154
8356,8950,저주받다/Verb,13,5,8,7.780371234856063e-05,0.00011106421733046048,0.6153846153846154
8357,8951,정면/Noun,13,8,5,0.00011114816049794375,7.774495213132233e-05,0.6153846153846154
8358,8952,썸머/Noun,13,8,5,0.00011114816049794375,7.774495213132233e-05,0.6153846153846154
8359,8953,조성/Noun,13,5,8,7.780371234856063e-05,0.00011106421733046048,0.6153846153846154
8360,8954,모에/Noun,13,5,8,7.780371234856063e-05,0.00011106421733046048,0.6153846153846154
8361,8955,범죄물/Noun,13,5,8,7.780371234856063e-05,0.00011106421733046048,0.6153846153846154
8362,8956,엇을/Noun,13,5,8,7.780371234856063e-05,0.00011106421733046048,0.6153846153846154
8363,8957,해군/Noun,13,8,5,0.00011114816049794375,7.774495213132233e-05,0.6153846153846154
8364,8958,아우라/Noun,13,5,8,7.780371234856063e-05,0.00011106421733046048,0.6153846153846154
8365,8959,마나/Noun,13,5,8,7.780371234856063e-05,0.00011106421733046048,0.6153846153846154
8366,8960,구별/Noun,13,5,8,7.780371234856063e-05,0.00011106421733046048,0.6153846153846154
8367,8961,>./Punctuation,13,8,5,0.00011114816049794375,7.774495213132233e-05,0.6153846153846154
8368,8962,중립/Noun,13,5,8,7.780371234856063e-05,0.00011106421733046048,0.6153846153846154
8369,8963,멕시코/Noun,13,5,8,7.780371234856063e-05,0.00011106421733046048,0.6153846153846154
8370,8964,솔직/Noun,13,8,5,0.00011114816049794375,7.774495213132233e-05,0.6153846153846154
8371,8965,언덕/Noun,13,8,5,0.00011114816049794375,7.774495213132233e-05,0.6153846153846154
8372,8966,오케스트라/Noun,13,8,5,0.00011114816049794375,7.774495213132233e-05,0.6153846153846154
8373,8967,해병대/Noun,13,5,8,7.780371234856063e-05,0.00011106421733046048,0.6153846153846154
8374,8968,아악/Noun,13,5,8,7.780371234856063e-05,0.00011106421733046048,0.6153846153846154
8375,8969,필드/Noun,13,5,8,7.780371234856063e-05,0.00011106421733046048,0.6153846153846154
8376,8970,머랄/Noun,13,5,8,7.780371234856063e-05,0.00011106421733046048,0.6153846153846154
8377,8971,프로포즈/Noun,13,8,5,0.00011114816049794375,7.774495213132233e-05,0.6153846153846154
8378,8972,드레스/Noun,13,5,8,7.780371234856063e-05,0.00011106421733046048,0.6153846153846154
8379,8973,골고루/Adverb,13,8,5,0.00011114816049794375,7.774495213132233e-05,0.6153846153846154
8380,8974,건아/Noun,13,5,8,7.780371234856063e-05,0.00011106421733046048,0.6153846153846154
8381,8975,재목/Noun,13,5,8,7.780371234856063e-05,0.00011106421733046048,0.6153846153846154
8382,8976,난도질/Noun,13,5,8,7.780371234856063e-05,0.00011106421733046048,0.6153846153846154
8383,8977,km/Alpha,13,5,8,7.780371234856063e-05,0.00011106421733046048,0.6153846153846154
8384,8978,에이즈/Noun,13,5,8,7.780371234856063e-05,0.00011106421733046048,0.6153846153846154
8385,8979,소속/Noun,13,5,8,7.780371234856063e-05,0.00011106421733046048,0.6153846153846154
8386,8980,관찰/Noun,13,8,5,0.00011114816049794375,7.774495213132233e-05,0.6153846153846154
8387,8981,벨소리/Noun,13,5,8,7.780371234856063e-05,0.00011106421733046048,0.6153846153846154
8388,8982,전우치/Noun,13,8,5,0.00011114816049794375,7.774495213132233e-05,0.6153846153846154
8389,8983,FBI/Alpha,13,5,8,7.780371234856063e-05,0.00011106421733046048,0.6153846153846154
8390,8984,라이벌/Noun,13,8,5,0.00011114816049794375,7.774495213132233e-05,0.6153846153846154
8391,8985,방문/Noun,13,5,8,7.780371234856063e-05,0.00011106421733046048,0.6153846153846154
8392,8986,떳떳하다/Adjective,13,8,5,0.00011114816049794375,7.774495213132233e-05,0.6153846153846154
8393,8987,어느덧다/Adjective,13,8,5,0.00011114816049794375,7.774495213132233e-05,0.6153846153846154
8394,8988,브리트니/Noun,13,8,5,0.00011114816049794375,7.774495213132233e-05,0.6153846153846154
8395,8989,로망스/Noun,13,8,5,0.00011114816049794375,7.774495213132233e-05,0.6153846153846154
8396,8990,돌보다/Verb,13,8,5,0.00011114816049794375,7.774495213132233e-05,0.6153846153846154
8397,8991,아지/Noun,13,5,8,7.780371234856063e-05,0.00011106421733046048,0.6153846153846154
8398,8992,타카/Noun,13,8,5,0.00011114816049794375,7.774495213132233e-05,0.6153846153846154
8399,8993,바이/Noun,13,8,5,0.00011114816049794375,7.774495213132233e-05,0.6153846153846154
8400,8994,몇십/Modifier,13,5,8,7.780371234856063e-05,0.00011106421733046048,0.6153846153846154
8401,8995,사탕/Noun,13,5,8,7.780371234856063e-05,0.00011106421733046048,0.6153846153846154
8402,8996,무너/Noun,13,5,8,7.780371234856063e-05,0.00011106421733046048,0.6153846153846154
8403,8997,??????/Punctuation,13,5,8,7.780371234856063e-05,0.00011106421733046048,0.6153846153846154
8404,8998,참가자/Noun,13,5,8,7.780371234856063e-05,0.00011106421733046048,0.6153846153846154
8405,8999,창의력/Noun,13,5,8,7.780371234856063e-05,0.00011106421733046048,0.6153846153846154
8406,9000,산악/Noun,13,8,5,0.00011114816049794375,7.774495213132233e-05,0.6153846153846154
8407,9001,하진/Noun,13,8,5,0.00011114816049794375,7.774495213132233e-05,0.6153846153846154
8408,9002,밨는데/Noun,13,8,5,0.00011114816049794375,7.774495213132233e-05,0.6153846153846154
8409,9003,양자경/Noun,13,8,5,0.00011114816049794375,7.774495213132233e-05,0.6153846153846154
8410,9004,가만/Adverb,13,5,8,7.780371234856063e-05,0.00011106421733046048,0.6153846153846154
8411,9005,맨몸/Noun,13,8,5,0.00011114816049794375,7.774495213132233e-05,0.6153846153846154
8412,9006,오전/Noun,13,5,8,7.780371234856063e-05,0.00011106421733046048,0.6153846153846154
8413,9007,해당/Noun,13,5,8,7.780371234856063e-05,0.00011106421733046048,0.6153846153846154
8414,9008,수의/Noun,13,5,8,7.780371234856063e-05,0.00011106421733046048,0.6153846153846154
8415,9009,타이/Noun,13,8,5,0.00011114816049794375,7.774495213132233e-05,0.6153846153846154
8416,9010,박지성/Noun,13,8,5,0.00011114816049794375,7.774495213132233e-05,0.6153846153846154
8417,9011,대체로/Noun,13,5,8,7.780371234856063e-05,0.00011106421733046048,0.6153846153846154
8418,9012,ㅊ/KoreanParticle,13,8,5,0.00011114816049794375,7.774495213132233e-05,0.6153846153846154
8419,9013,차례/Noun,13,5,8,7.780371234856063e-05,0.00011106421733046048,0.6153846153846154
8420,9014,동굴/Noun,13,5,8,7.780371234856063e-05,0.00011106421733046048,0.6153846153846154
8421,9015,눈썹/Noun,13,5,8,7.780371234856063e-05,0.00011106421733046048,0.6153846153846154
8422,9016,코미/Noun,13,8,5,0.00011114816049794375,7.774495213132233e-05,0.6153846153846154
8423,9017,원주민/Noun,13,5,8,7.780371234856063e-05,0.00011106421733046048,0.6153846153846154
8424,9018,이론/Noun,13,6,7,8.891852839835501e-05,9.995779559741441e-05,0.5384615384615384
8425,9019,테니스/Noun,13,6,7,8.891852839835501e-05,9.995779559741441e-05,0.5384615384615384
8426,9020,123/Number,13,6,7,8.891852839835501e-05,9.995779559741441e-05,0.5384615384615384
8427,9021,전직/Noun,13,6,7,8.891852839835501e-05,9.995779559741441e-05,0.5384615384615384
8428,9022,박영규/Noun,13,7,6,0.0001000333444481494,8.885137386436837e-05,0.5384615384615384
8429,9023,생명체/Noun,13,6,7,8.891852839835501e-05,9.995779559741441e-05,0.5384615384615384
8430,9024,신드롬/Noun,13,6,7,8.891852839835501e-05,9.995779559741441e-05,0.5384615384615384
8431,9025,10만/Number,13,6,7,8.891852839835501e-05,9.995779559741441e-05,0.5384615384615384
8432,9026,달려오다/Verb,13,7,6,0.0001000333444481494,8.885137386436837e-05,0.5384615384615384
8433,9027,마주치다/Verb,13,6,7,8.891852839835501e-05,9.995779559741441e-05,0.5384615384615384
8434,9028,화로/Noun,13,7,6,0.0001000333444481494,8.885137386436837e-05,0.5384615384615384
8435,9029,백진희/Noun,13,7,6,0.0001000333444481494,8.885137386436837e-05,0.5384615384615384
8436,9030,단절/Noun,13,6,7,8.891852839835501e-05,9.995779559741441e-05,0.5384615384615384
8437,9031,둘러싸다/Verb,13,7,6,0.0001000333444481494,8.885137386436837e-05,0.5384615384615384
8438,9032,적히다/Verb,13,6,7,8.891852839835501e-05,9.995779559741441e-05,0.5384615384615384
8439,9033,에서/Foreign,13,6,7,8.891852839835501e-05,9.995779559741441e-05,0.5384615384615384
8440,9034,착/Noun,13,6,7,8.891852839835501e-05,9.995779559741441e-05,0.5384615384615384
8441,9035,6회/Number,13,6,7,8.891852839835501e-05,9.995779559741441e-05,0.5384615384615384
8442,9036,아하/Noun,13,7,6,0.0001000333444481494,8.885137386436837e-05,0.5384615384615384
8443,9037,복원/Noun,13,7,6,0.0001000333444481494,8.885137386436837e-05,0.5384615384615384
8444,9038,역설/Noun,13,6,7,8.891852839835501e-05,9.995779559741441e-05,0.5384615384615384
8445,9039,엑스파일/Noun,13,6,7,8.891852839835501e-05,9.995779559741441e-05,0.5384615384615384
8446,9040,어가/Noun,13,7,6,0.0001000333444481494,8.885137386436837e-05,0.5384615384615384
8447,9041,핏줄/Noun,13,6,7,8.891852839835501e-05,9.995779559741441e-05,0.5384615384615384
8448,9042,행오버/Noun,13,6,7,8.891852839835501e-05,9.995779559741441e-05,0.5384615384615384
8449,9043,쭉쭉/Noun,13,7,6,0.0001000333444481494,8.885137386436837e-05,0.5384615384615384
8450,9044,헤드/Noun,13,6,7,8.891852839835501e-05,9.995779559741441e-05,0.5384615384615384
8451,9045,섭/Noun,13,7,6,0.0001000333444481494,8.885137386436837e-05,0.5384615384615384
8452,9046,야마/Noun,13,7,6,0.0001000333444481494,8.885137386436837e-05,0.5384615384615384
8453,9047,사리/Noun,13,7,6,0.0001000333444481494,8.885137386436837e-05,0.5384615384615384
8454,9048,연결하다/Adjective,13,6,7,8.891852839835501e-05,9.995779559741441e-05,0.5384615384615384
8455,9049,답안/Noun,13,6,7,8.891852839835501e-05,9.995779559741441e-05,0.5384615384615384
8456,9050,기네스/Noun,13,6,7,8.891852839835501e-05,9.995779559741441e-05,0.5384615384615384
8457,9051,마이너/Noun,13,6,7,8.891852839835501e-05,9.995779559741441e-05,0.5384615384615384
8458,9052,쩌리/Noun,13,6,7,8.891852839835501e-05,9.995779559741441e-05,0.5384615384615384
8459,9053,이랑은/Josa,13,7,6,0.0001000333444481494,8.885137386436837e-05,0.5384615384615384
8460,9054,피나/Noun,13,7,6,0.0001000333444481494,8.885137386436837e-05,0.5384615384615384
8461,9055,미디어/Noun,13,7,6,0.0001000333444481494,8.885137386436837e-05,0.5384615384615384
8462,9056,김병만/Noun,13,7,6,0.0001000333444481494,8.885137386436837e-05,0.5384615384615384
8463,9057,우디알렌/Noun,13,7,6,0.0001000333444481494,8.885137386436837e-05,0.5384615384615384
8464,9058,잔잔/Noun,13,7,6,0.0001000333444481494,8.885137386436837e-05,0.5384615384615384
8465,9059,시기하다/Adjective,13,6,7,8.891852839835501e-05,9.995779559741441e-05,0.5384615384615384
8466,9060,스튜어트/Noun,13,7,6,0.0001000333444481494,8.885137386436837e-05,0.5384615384615384
8467,9061,도시락/Noun,13,7,6,0.0001000333444481494,8.885137386436837e-05,0.5384615384615384
8468,9062,자락/Noun,13,6,7,8.891852839835501e-05,9.995779559741441e-05,0.5384615384615384
8469,9063,방대하다/Adjective,13,7,6,0.0001000333444481494,8.885137386436837e-05,0.5384615384615384
8470,9064,의원/Noun,13,7,6,0.0001000333444481494,8.885137386436837e-05,0.5384615384615384
8471,9065,블럭버스터/Noun,13,6,7,8.891852839835501e-05,9.995779559741441e-05,0.5384615384615384
8472,9066,공무원/Noun,13,6,7,8.891852839835501e-05,9.995779559741441e-05,0.5384615384615384
8473,9067,한눈/Noun,13,6,7,8.891852839835501e-05,9.995779559741441e-05,0.5384615384615384
8474,9068,찬성/Noun,13,7,6,0.0001000333444481494,8.885137386436837e-05,0.5384615384615384
8475,9069,에라도/Josa,13,6,7,8.891852839835501e-05,9.995779559741441e-05,0.5384615384615384
8476,9070,실사판/Noun,13,6,7,8.891852839835501e-05,9.995779559741441e-05,0.5384615384615384
8477,9071,티브이/Noun,13,6,7,8.891852839835501e-05,9.995779559741441e-05,0.5384615384615384
8478,9072,김효진/Noun,13,6,7,8.891852839835501e-05,9.995779559741441e-05,0.5384615384615384
8479,9073,날뛰다/Verb,13,6,7,8.891852839835501e-05,9.995779559741441e-05,0.5384615384615384
8480,9074,·/Punctuation,13,7,6,0.0001000333444481494,8.885137386436837e-05,0.5384615384615384
8481,9075,수천/Modifier,13,7,6,0.0001000333444481494,8.885137386436837e-05,0.5384615384615384
8482,9076,프/Noun,13,6,7,8.891852839835501e-05,9.995779559741441e-05,0.5384615384615384
8483,9077,탄식/Noun,13,6,7,8.891852839835501e-05,9.995779559741441e-05,0.5384615384615384
8484,9078,미나/Noun,13,7,6,0.0001000333444481494,8.885137386436837e-05,0.5384615384615384
8485,9079,비애/Noun,13,7,6,0.0001000333444481494,8.885137386436837e-05,0.5384615384615384
8486,9080,철수/Noun,13,7,6,0.0001000333444481494,8.885137386436837e-05,0.5384615384615384
8487,9081,올림픽/Noun,13,6,7,8.891852839835501e-05,9.995779559741441e-05,0.5384615384615384
8488,9082,~~~!!/Punctuation,13,7,6,0.0001000333444481494,8.885137386436837e-05,0.5384615384615384
8489,9083,조문탁/Noun,13,7,6,0.0001000333444481494,8.885137386436837e-05,0.5384615384615384
8490,9084,노래방/Noun,13,6,7,8.891852839835501e-05,9.995779559741441e-05,0.5384615384615384
8491,9085,치이다/Verb,13,6,7,8.891852839835501e-05,9.995779559741441e-05,0.5384615384615384
8492,9086,두사부일체/Noun,13,7,6,0.0001000333444481494,8.885137386436837e-05,0.5384615384615384
8493,9087,천상/Noun,13,6,7,8.891852839835501e-05,9.995779559741441e-05,0.5384615384615384
8494,9088,엄연하다/Adjective,13,7,6,0.0001000333444481494,8.885137386436837e-05,0.5384615384615384
8495,9089,형아/Noun,13,6,7,8.891852839835501e-05,9.995779559741441e-05,0.5384615384615384
8496,9090,견/Noun,13,7,6,0.0001000333444481494,8.885137386436837e-05,0.5384615384615384
8497,9091,뤽/Noun,13,6,7,8.891852839835501e-05,9.995779559741441e-05,0.5384615384615384
8498,9092,슈나이더/Noun,13,6,7,8.891852839835501e-05,9.995779559741441e-05,0.5384615384615384
8499,9093,라이온킹/Noun,13,7,6,0.0001000333444481494,8.885137386436837e-05,0.5384615384615384
8500,9094,자극시키다/Verb,13,7,6,0.0001000333444481494,8.885137386436837e-05,0.5384615384615384
8501,9095,장보리/Noun,13,6,7,8.891852839835501e-05,9.995779559741441e-05,0.5384615384615384
8502,9096,중앙/Noun,13,7,6,0.0001000333444481494,8.885137386436837e-05,0.5384615384615384
8503,9097,담임/Noun,13,7,6,0.0001000333444481494,8.885137386436837e-05,0.5384615384615384
8504,9098,둥/Noun,13,6,7,8.891852839835501e-05,9.995779559741441e-05,0.5384615384615384
8505,9099,한나/Noun,13,7,6,0.0001000333444481494,8.885137386436837e-05,0.5384615384615384
8506,9100,동갑/Noun,13,6,7,8.891852839835501e-05,9.995779559741441e-05,0.5384615384615384
8507,9101,일등/Noun,13,7,6,0.0001000333444481494,8.885137386436837e-05,0.5384615384615384
8508,9102,이광수/Noun,13,7,6,0.0001000333444481494,8.885137386436837e-05,0.5384615384615384
8509,9103,강철중/Noun,13,7,6,0.0001000333444481494,8.885137386436837e-05,0.5384615384615384
8510,9104,이거슨/Noun,13,6,7,8.891852839835501e-05,9.995779559741441e-05,0.5384615384615384
8511,9105,보태/Noun,13,6,7,8.891852839835501e-05,9.995779559741441e-05,0.5384615384615384
8512,9106,에플렉/Noun,13,6,7,8.891852839835501e-05,9.995779559741441e-05,0.5384615384615384
8513,9107,음성/Noun,13,7,6,0.0001000333444481494,8.885137386436837e-05,0.5384615384615384
8514,9108,막내/Noun,13,7,6,0.0001000333444481494,8.885137386436837e-05,0.5384615384615384
8515,9109,심리전/Noun,13,6,7,8.891852839835501e-05,9.995779559741441e-05,0.5384615384615384
8516,9110,표면/Noun,13,6,7,8.891852839835501e-05,9.995779559741441e-05,0.5384615384615384
8517,9111,첨가/Noun,13,7,6,0.0001000333444481494,8.885137386436837e-05,0.5384615384615384
8518,9112,주유소/Noun,13,6,7,8.891852839835501e-05,9.995779559741441e-05,0.5384615384615384
8519,9113,체제/Noun,13,6,7,8.891852839835501e-05,9.995779559741441e-05,0.5384615384615384
8520,9114,달콤/Noun,12,12,0,0.00015560742469712126,2.2212843466092093e-05,1.0
8521,9115,아동학대/Noun,12,0,12,2.2229632099588756e-05,0.00015548990426264466,1.0
8522,9116,함량/Noun,12,0,12,2.2229632099588756e-05,0.00015548990426264466,1.0
8523,9117,언플/Noun,12,0,12,2.2229632099588756e-05,0.00015548990426264466,1.0
8524,9118,알몸/Noun,12,0,12,2.2229632099588756e-05,0.00015548990426264466,1.0
8525,9119,뭐/Exclamation,12,0,12,2.2229632099588756e-05,0.00015548990426264466,1.0
8526,9120,박시환/Noun,12,0,12,2.2229632099588756e-05,0.00015548990426264466,1.0
8527,9121,넘겨보다/Verb,12,0,12,2.2229632099588756e-05,0.00015548990426264466,1.0
8528,9122,예스/Noun,12,12,0,0.00015560742469712126,2.2212843466092093e-05,1.0
8529,9123,허접스럽다/Adjective,12,0,12,2.2229632099588756e-05,0.00015548990426264466,1.0
8530,9124,붙여넣기/Noun,12,0,12,2.2229632099588756e-05,0.00015548990426264466,1.0
8531,9125,횡설수설/Noun,12,0,12,2.2229632099588756e-05,0.00015548990426264466,1.0
8532,9126,故/Foreign,12,12,0,0.00015560742469712126,2.2212843466092093e-05,1.0
8533,9127,아이폰/Noun,12,0,12,2.2229632099588756e-05,0.00015548990426264466,1.0
8534,9128,게머/Noun,12,0,12,2.2229632099588756e-05,0.00015548990426264466,1.0
8535,9129,요점/Noun,12,0,12,2.2229632099588756e-05,0.00015548990426264466,1.0
8536,9130,쵝/Noun,12,12,0,0.00015560742469712126,2.2212843466092093e-05,1.0
8537,9131,정색/Noun,12,0,12,2.2229632099588756e-05,0.00015548990426264466,1.0
8538,9132,가지가지/Noun,12,0,12,2.2229632099588756e-05,0.00015548990426264466,1.0
8539,9133,화남/Noun,12,0,12,2.2229632099588756e-05,0.00015548990426264466,1.0
8540,9134,다망/Noun,12,0,12,2.2229632099588756e-05,0.00015548990426264466,1.0
8541,9135,서동요/Noun,12,11,1,0.0001444926086473269,3.331926519913814e-05,0.9166666666666666
8542,9136,에구/Exclamation,12,1,11,3.334444814938313e-05,0.0001443834825295986,0.9166666666666666
8543,9137,샬롯/Noun,12,11,1,0.0001444926086473269,3.331926519913814e-05,0.9166666666666666
8544,9138,화표/Noun,12,1,11,3.334444814938313e-05,0.0001443834825295986,0.9166666666666666
8545,9139,국물/Noun,12,1,11,3.334444814938313e-05,0.0001443834825295986,0.9166666666666666
8546,9140,겉도/Noun,12,1,11,3.334444814938313e-05,0.0001443834825295986,0.9166666666666666
8547,9141,온갖/Modifier,12,1,11,3.334444814938313e-05,0.0001443834825295986,0.9166666666666666
8548,9142,참상/Noun,12,11,1,0.0001444926086473269,3.331926519913814e-05,0.9166666666666666
8549,9143,챙/Noun,12,1,11,3.334444814938313e-05,0.0001443834825295986,0.9166666666666666
8550,9144,쉴드/Noun,12,1,11,3.334444814938313e-05,0.0001443834825295986,0.9166666666666666
8551,9145,비범하다/Adjective,12,11,1,0.0001444926086473269,3.331926519913814e-05,0.9166666666666666
8552,9146,갈비/Noun,12,1,11,3.334444814938313e-05,0.0001443834825295986,0.9166666666666666
8553,9147,~^/Punctuation,12,11,1,0.0001444926086473269,3.331926519913814e-05,0.9166666666666666
8554,9148,콩콩/Adverb,12,1,11,3.334444814938313e-05,0.0001443834825295986,0.9166666666666666
8555,9149,퇴마록/Noun,12,1,11,3.334444814938313e-05,0.0001443834825295986,0.9166666666666666
8556,9150,색안경/Noun,12,11,1,0.0001444926086473269,3.331926519913814e-05,0.9166666666666666
8557,9151,똥칠/Noun,12,1,11,3.334444814938313e-05,0.0001443834825295986,0.9166666666666666
8558,9152,장대/Noun,12,11,1,0.0001444926086473269,3.331926519913814e-05,0.9166666666666666
8559,9153,~*/Punctuation,12,11,1,0.0001444926086473269,3.331926519913814e-05,0.9166666666666666
8560,9154,My/Alpha,12,11,1,0.0001444926086473269,3.331926519913814e-05,0.9166666666666666
8561,9155,가까워지다/Verb,12,11,1,0.0001444926086473269,3.331926519913814e-05,0.9166666666666666
8562,9156,취재/Noun,12,1,11,3.334444814938313e-05,0.0001443834825295986,0.9166666666666666
8563,9157,시망/Noun,12,1,11,3.334444814938313e-05,0.0001443834825295986,0.9166666666666666
8564,9158,퉤퉤/Noun,12,1,11,3.334444814938313e-05,0.0001443834825295986,0.9166666666666666
8565,9159,유식/Noun,12,1,11,3.334444814938313e-05,0.0001443834825295986,0.9166666666666666
8566,9160,글썽/Noun,12,11,1,0.0001444926086473269,3.331926519913814e-05,0.9166666666666666
8567,9161,뻘짓/Noun,12,1,11,3.334444814938313e-05,0.0001443834825295986,0.9166666666666666
8568,9162,세도/Noun,12,1,11,3.334444814938313e-05,0.0001443834825295986,0.9166666666666666
8569,9163,초강추/Noun,12,11,1,0.0001444926086473269,3.331926519913814e-05,0.9166666666666666
8570,9164,친자/Noun,12,1,11,3.334444814938313e-05,0.0001443834825295986,0.9166666666666666
8571,9165,아이큐/Noun,12,1,11,3.334444814938313e-05,0.0001443834825295986,0.9166666666666666
8572,9166,마구잡이/Noun,12,1,11,3.334444814938313e-05,0.0001443834825295986,0.9166666666666666
8573,9167,위노나/Noun,12,11,1,0.0001444926086473269,3.331926519913814e-05,0.9166666666666666
8574,9168,개떡/Noun,12,1,11,3.334444814938313e-05,0.0001443834825295986,0.9166666666666666
8575,9169,당혹스럽다/Adjective,12,1,11,3.334444814938313e-05,0.0001443834825295986,0.9166666666666666
8576,9170,10억/Number,12,1,11,3.334444814938313e-05,0.0001443834825295986,0.9166666666666666
8577,9171,삼생이/Noun,12,1,11,3.334444814938313e-05,0.0001443834825295986,0.9166666666666666
8578,9172,뿌듯하다/Adjective,12,11,1,0.0001444926086473269,3.331926519913814e-05,0.9166666666666666
8579,9173,얼척/Noun,12,1,11,3.334444814938313e-05,0.0001443834825295986,0.9166666666666666
8580,9174,어정쩡/Adverb,12,1,11,3.334444814938313e-05,0.0001443834825295986,0.9166666666666666
8581,9175,미녀삼총사/Noun,12,1,11,3.334444814938313e-05,0.0001443834825295986,0.9166666666666666
8582,9176,봣네/Noun,12,11,1,0.0001444926086473269,3.331926519913814e-05,0.9166666666666666
8583,9177,11시/Number,12,11,1,0.0001444926086473269,3.331926519913814e-05,0.9166666666666666
8584,9178,눈꼽/Noun,12,1,11,3.334444814938313e-05,0.0001443834825295986,0.9166666666666666
8585,9179,화병/Noun,12,2,10,4.445926419917751e-05,0.00013327706079655256,0.8333333333333334
8586,9180,법적/Noun,12,2,10,4.445926419917751e-05,0.00013327706079655256,0.8333333333333334
8587,9181,캡/Noun,12,10,2,0.0001333777925975325,4.4425686932184186e-05,0.8333333333333334
8588,9182,",,,,,,/Punctuation",12,2,10,4.445926419917751e-05,0.00013327706079655256,0.8333333333333334
8589,9183,재일교포/Noun,12,10,2,0.0001333777925975325,4.4425686932184186e-05,0.8333333333333334
8590,9184,소속사/Noun,12,2,10,4.445926419917751e-05,0.00013327706079655256,0.8333333333333334
8591,9185,중단/Noun,12,2,10,4.445926419917751e-05,0.00013327706079655256,0.8333333333333334
8592,9186,손목/Noun,12,2,10,4.445926419917751e-05,0.00013327706079655256,0.8333333333333334
8593,9187,무인/Noun,12,10,2,0.0001333777925975325,4.4425686932184186e-05,0.8333333333333334
8594,9188,불사조/Noun,12,2,10,4.445926419917751e-05,0.00013327706079655256,0.8333333333333334
8595,9189,고소하다/Adjective,12,2,10,4.445926419917751e-05,0.00013327706079655256,0.8333333333333334
8596,9190,비긴즈/Noun,12,10,2,0.0001333777925975325,4.4425686932184186e-05,0.8333333333333334
8597,9191,직시/Noun,12,10,2,0.0001333777925975325,4.4425686932184186e-05,0.8333333333333334
8598,9192,84년/Number,12,10,2,0.0001333777925975325,4.4425686932184186e-05,0.8333333333333334
8599,9193,메르스/Noun,12,10,2,0.0001333777925975325,4.4425686932184186e-05,0.8333333333333334
8600,9194,르네젤위거/Noun,12,10,2,0.0001333777925975325,4.4425686932184186e-05,0.8333333333333334
8601,9195,후벼파다/Verb,12,10,2,0.0001333777925975325,4.4425686932184186e-05,0.8333333333333334
8602,9196,징기스칸/Noun,12,2,10,4.445926419917751e-05,0.00013327706079655256,0.8333333333333334
8603,9197,급작/Noun,12,2,10,4.445926419917751e-05,0.00013327706079655256,0.8333333333333334
8604,9198,김동완/Noun,12,10,2,0.0001333777925975325,4.4425686932184186e-05,0.8333333333333334
8605,9199,린지/Noun,12,2,10,4.445926419917751e-05,0.00013327706079655256,0.8333333333333334
8606,9200,애뜻/Noun,12,10,2,0.0001333777925975325,4.4425686932184186e-05,0.8333333333333334
8607,9201,라푼젤/Noun,12,10,2,0.0001333777925975325,4.4425686932184186e-05,0.8333333333333334
8608,9202,내적/Noun,12,10,2,0.0001333777925975325,4.4425686932184186e-05,0.8333333333333334
8609,9203,어후/Noun,12,2,10,4.445926419917751e-05,0.00013327706079655256,0.8333333333333334
8610,9204,아키/Noun,12,10,2,0.0001333777925975325,4.4425686932184186e-05,0.8333333333333334
8611,9205,마부/Noun,12,10,2,0.0001333777925975325,4.4425686932184186e-05,0.8333333333333334
8612,9206,스푼/Noun,12,2,10,4.445926419917751e-05,0.00013327706079655256,0.8333333333333334
8613,9207,정치가/Noun,12,10,2,0.0001333777925975325,4.4425686932184186e-05,0.8333333333333334
8614,9208,음슴다/Verb,12,2,10,4.445926419917751e-05,0.00013327706079655256,0.8333333333333334
8615,9209,훗/Noun,12,10,2,0.0001333777925975325,4.4425686932184186e-05,0.8333333333333334
8616,9210,더러/Josa,12,2,10,4.445926419917751e-05,0.00013327706079655256,0.8333333333333334
8617,9211,골빈/Noun,12,2,10,4.445926419917751e-05,0.00013327706079655256,0.8333333333333334
8618,9212,~~~!/Punctuation,12,10,2,0.0001333777925975325,4.4425686932184186e-05,0.8333333333333334
8619,9213,기질/Noun,12,2,10,4.445926419917751e-05,0.00013327706079655256,0.8333333333333334
8620,9214,들뜨다/Adjective,12,10,2,0.0001333777925975325,4.4425686932184186e-05,0.8333333333333334
8621,9215,최시원/Noun,12,2,10,4.445926419917751e-05,0.00013327706079655256,0.8333333333333334
8622,9216,부하/Noun,12,2,10,4.445926419917751e-05,0.00013327706079655256,0.8333333333333334
8623,9217,허리/Noun,12,2,10,4.445926419917751e-05,0.00013327706079655256,0.8333333333333334
8624,9218,인과/Noun,12,2,10,4.445926419917751e-05,0.00013327706079655256,0.8333333333333334
8625,9219,수채화/Noun,12,10,2,0.0001333777925975325,4.4425686932184186e-05,0.8333333333333334
8626,9220,팬더/Noun,12,2,10,4.445926419917751e-05,0.00013327706079655256,0.8333333333333334
8627,9221,본래/Noun,12,2,10,4.445926419917751e-05,0.00013327706079655256,0.8333333333333334
8628,9222,해답/Noun,12,10,2,0.0001333777925975325,4.4425686932184186e-05,0.8333333333333334
8629,9223,제자리/Noun,12,2,10,4.445926419917751e-05,0.00013327706079655256,0.8333333333333334
8630,9224,테드/Noun,12,10,2,0.0001333777925975325,4.4425686932184186e-05,0.8333333333333334
8631,9225,신물/Noun,12,2,10,4.445926419917751e-05,0.00013327706079655256,0.8333333333333334
8632,9226,볼빠/Noun,12,2,10,4.445926419917751e-05,0.00013327706079655256,0.8333333333333334
8633,9227,역행/Noun,12,2,10,4.445926419917751e-05,0.00013327706079655256,0.8333333333333334
8634,9228,당초/Noun,12,2,10,4.445926419917751e-05,0.00013327706079655256,0.8333333333333334
8635,9229,고요하다/Adjective,12,10,2,0.0001333777925975325,4.4425686932184186e-05,0.8333333333333334
8636,9230,킥/Noun,12,2,10,4.445926419917751e-05,0.00013327706079655256,0.8333333333333334
8637,9231,제이크/Noun,12,10,2,0.0001333777925975325,4.4425686932184186e-05,0.8333333333333334
8638,9232,연달/Noun,12,10,2,0.0001333777925975325,4.4425686932184186e-05,0.8333333333333334
8639,9233,강박증/Noun,12,9,3,0.00012226297654773814,5.553210866523024e-05,0.75
8640,9234,연재/Noun,12,9,3,0.00012226297654773814,5.553210866523024e-05,0.75
8641,9235,대로의/Josa,12,9,3,0.00012226297654773814,5.553210866523024e-05,0.75
8642,9236,암담하다/Adjective,12,3,9,5.5574080248971876e-05,0.00012217063906350652,0.75
8643,9237,왓으/Noun,12,9,3,0.00012226297654773814,5.553210866523024e-05,0.75
8644,9238,가상/Noun,12,9,3,0.00012226297654773814,5.553210866523024e-05,0.75
8645,9239,So/Alpha,12,9,3,0.00012226297654773814,5.553210866523024e-05,0.75
8646,9240,이래저래/Adverb,12,3,9,5.5574080248971876e-05,0.00012217063906350652,0.75
8647,9241,순전하다/Adjective,12,3,9,5.5574080248971876e-05,0.00012217063906350652,0.75
8648,9242,라이어/Noun,12,3,9,5.5574080248971876e-05,0.00012217063906350652,0.75
8649,9243,배치/Noun,12,9,3,0.00012226297654773814,5.553210866523024e-05,0.75
8650,9244,축소/Noun,12,9,3,0.00012226297654773814,5.553210866523024e-05,0.75
8651,9245,다듬어지다/Verb,12,9,3,0.00012226297654773814,5.553210866523024e-05,0.75
8652,9246,내년/Noun,12,9,3,0.00012226297654773814,5.553210866523024e-05,0.75
8653,9247,윌리암스/Noun,12,9,3,0.00012226297654773814,5.553210866523024e-05,0.75
8654,9248,해명/Noun,12,3,9,5.5574080248971876e-05,0.00012217063906350652,0.75
8655,9249,연연하다/Adjective,12,9,3,0.00012226297654773814,5.553210866523024e-05,0.75
8656,9250,정심/Noun,12,3,9,5.5574080248971876e-05,0.00012217063906350652,0.75
8657,9251,엘리자베스/Noun,12,9,3,0.00012226297654773814,5.553210866523024e-05,0.75
8658,9252,홍어/Noun,12,3,9,5.5574080248971876e-05,0.00012217063906350652,0.75
8659,9253,무법자/Noun,12,9,3,0.00012226297654773814,5.553210866523024e-05,0.75
8660,9254,여름방학/Noun,12,9,3,0.00012226297654773814,5.553210866523024e-05,0.75
8661,9255,사냥꾼/Noun,12,3,9,5.5574080248971876e-05,0.00012217063906350652,0.75
8662,9256,쇼핑/Noun,12,3,9,5.5574080248971876e-05,0.00012217063906350652,0.75
8663,9257,사무/Noun,12,3,9,5.5574080248971876e-05,0.00012217063906350652,0.75
8664,9258,깽/Noun,12,3,9,5.5574080248971876e-05,0.00012217063906350652,0.75
8665,9259,애물/Noun,12,3,9,5.5574080248971876e-05,0.00012217063906350652,0.75
8666,9260,헬드/Noun,12,3,9,5.5574080248971876e-05,0.00012217063906350652,0.75
8667,9261,쩌네/Noun,12,9,3,0.00012226297654773814,5.553210866523024e-05,0.75
8668,9262,고대로/Noun,12,3,9,5.5574080248971876e-05,0.00012217063906350652,0.75
8669,9263,덤앤더머/Noun,12,9,3,0.00012226297654773814,5.553210866523024e-05,0.75
8670,9264,호들갑/Noun,12,3,9,5.5574080248971876e-05,0.00012217063906350652,0.75
8671,9265,포토/Noun,12,3,9,5.5574080248971876e-05,0.00012217063906350652,0.75
8672,9266,격투기/Noun,12,3,9,5.5574080248971876e-05,0.00012217063906350652,0.75
8673,9267,서편제/Noun,12,9,3,0.00012226297654773814,5.553210866523024e-05,0.75
8674,9268,부질없다/Adjective,12,3,9,5.5574080248971876e-05,0.00012217063906350652,0.75
8675,9269,100회/Number,12,3,9,5.5574080248971876e-05,0.00012217063906350652,0.75
8676,9270,야경/Noun,12,3,9,5.5574080248971876e-05,0.00012217063906350652,0.75
8677,9271,고만/Modifier,12,3,9,5.5574080248971876e-05,0.00012217063906350652,0.75
8678,9272,",..../Punctuation",12,3,9,5.5574080248971876e-05,0.00012217063906350652,0.75
8679,9273,전역/Noun,12,9,3,0.00012226297654773814,5.553210866523024e-05,0.75
8680,9274,분도/Noun,12,9,3,0.00012226297654773814,5.553210866523024e-05,0.75
8681,9275,아대/Noun,12,3,9,5.5574080248971876e-05,0.00012217063906350652,0.75
8682,9276,즐감/Noun,12,9,3,0.00012226297654773814,5.553210866523024e-05,0.75
8683,9277,김소현/Noun,12,9,3,0.00012226297654773814,5.553210866523024e-05,0.75
8684,9278,아따맘마/Noun,12,9,3,0.00012226297654773814,5.553210866523024e-05,0.75
8685,9279,고장/Noun,12,3,9,5.5574080248971876e-05,0.00012217063906350652,0.75
8686,9280,차기/Noun,12,9,3,0.00012226297654773814,5.553210866523024e-05,0.75
8687,9281,김범/Noun,12,3,9,5.5574080248971876e-05,0.00012217063906350652,0.75
8688,9282,찰나/Noun,12,9,3,0.00012226297654773814,5.553210866523024e-05,0.75
8689,9283,부러지다/Verb,12,3,9,5.5574080248971876e-05,0.00012217063906350652,0.75
8690,9284,찰리채플린/Noun,12,9,3,0.00012226297654773814,5.553210866523024e-05,0.75
8691,9285,나락/Noun,12,3,9,5.5574080248971876e-05,0.00012217063906350652,0.75
8692,9286,로스/Noun,12,9,3,0.00012226297654773814,5.553210866523024e-05,0.75
8693,9287,풍운/Noun,12,3,9,5.5574080248971876e-05,0.00012217063906350652,0.75
8694,9288,일종/Noun,12,3,9,5.5574080248971876e-05,0.00012217063906350652,0.75
8695,9289,저딴/Modifier,12,3,9,5.5574080248971876e-05,0.00012217063906350652,0.75
8696,9290,생기지/Noun,12,3,9,5.5574080248971876e-05,0.00012217063906350652,0.75
8697,9291,~~~!!!/Punctuation,12,9,3,0.00012226297654773814,5.553210866523024e-05,0.75
8698,9292,크리스천/Noun,12,9,3,0.00012226297654773814,5.553210866523024e-05,0.75
8699,9293,10초/Number,12,3,9,5.5574080248971876e-05,0.00012217063906350652,0.75
8700,9294,스킬/Noun,12,3,9,5.5574080248971876e-05,0.00012217063906350652,0.75
8701,9295,노노/Noun,12,3,9,5.5574080248971876e-05,0.00012217063906350652,0.75
8702,9296,에프/Noun,12,9,3,0.00012226297654773814,5.553210866523024e-05,0.75
8703,9297,조보아/Noun,12,9,3,0.00012226297654773814,5.553210866523024e-05,0.75
8704,9298,교실/Noun,12,9,3,0.00012226297654773814,5.553210866523024e-05,0.75
8705,9299,만회/Noun,12,3,9,5.5574080248971876e-05,0.00012217063906350652,0.75
8706,9300,구먼/Noun,12,3,9,5.5574080248971876e-05,0.00012217063906350652,0.75
8707,9301,서막/Noun,12,9,3,0.00012226297654773814,5.553210866523024e-05,0.75
8708,9302,선진국/Noun,12,9,3,0.00012226297654773814,5.553210866523024e-05,0.75
8709,9303,전의/Foreign,12,9,3,0.00012226297654773814,5.553210866523024e-05,0.75
8710,9304,올린다/Noun,12,9,3,0.00012226297654773814,5.553210866523024e-05,0.75
8711,9305,천만다행/Noun,12,3,9,5.5574080248971876e-05,0.00012217063906350652,0.75
8712,9306,오연서/Noun,12,9,3,0.00012226297654773814,5.553210866523024e-05,0.75
8713,9307,입문/Noun,12,9,3,0.00012226297654773814,5.553210866523024e-05,0.75
8714,9308,가죽/Noun,12,3,9,5.5574080248971876e-05,0.00012217063906350652,0.75
8715,9309,인제/Noun,12,3,9,5.5574080248971876e-05,0.00012217063906350652,0.75
8716,9310,류현경/Noun,12,9,3,0.00012226297654773814,5.553210866523024e-05,0.75
8717,9311,4시간/Number,12,9,3,0.00012226297654773814,5.553210866523024e-05,0.75
8718,9312,논스톱/Noun,12,9,3,0.00012226297654773814,5.553210866523024e-05,0.75
8719,9313,작일/Noun,12,3,9,5.5574080248971876e-05,0.00012217063906350652,0.75
8720,9314,007시/Number,12,9,3,0.00012226297654773814,5.553210866523024e-05,0.75
8721,9315,전태일/Noun,12,9,3,0.00012226297654773814,5.553210866523024e-05,0.75
8722,9316,원수/Noun,12,3,9,5.5574080248971876e-05,0.00012217063906350652,0.75
8723,9317,눈동자/Noun,12,9,3,0.00012226297654773814,5.553210866523024e-05,0.75
8724,9318,심취/Noun,12,8,4,0.00011114816049794375,6.663853039827628e-05,0.6666666666666666
8725,9319,리플리/Noun,12,8,4,0.00011114816049794375,6.663853039827628e-05,0.6666666666666666
8726,9320,안내상/Noun,12,4,8,6.668889629876625e-05,0.00011106421733046048,0.6666666666666666
8727,9321,글로리아/Noun,12,8,4,0.00011114816049794375,6.663853039827628e-05,0.6666666666666666
8728,9322,만으론/Josa,12,4,8,6.668889629876625e-05,0.00011106421733046048,0.6666666666666666
8729,9323,사적/Noun,12,8,4,0.00011114816049794375,6.663853039827628e-05,0.6666666666666666
8730,9324,격인/Noun,12,4,8,6.668889629876625e-05,0.00011106421733046048,0.6666666666666666
8731,9325,입증/Noun,12,4,8,6.668889629876625e-05,0.00011106421733046048,0.6666666666666666
8732,9326,케인/Noun,12,8,4,0.00011114816049794375,6.663853039827628e-05,0.6666666666666666
8733,9327,시크릿/Noun,12,8,4,0.00011114816049794375,6.663853039827628e-05,0.6666666666666666
8734,9328,미라/Noun,12,4,8,6.668889629876625e-05,0.00011106421733046048,0.6666666666666666
8735,9329,퍼레이드/Noun,12,4,8,6.668889629876625e-05,0.00011106421733046048,0.6666666666666666
8736,9330,아이콘/Noun,12,4,8,6.668889629876625e-05,0.00011106421733046048,0.6666666666666666
8737,9331,처럼/Foreign,12,4,8,6.668889629876625e-05,0.00011106421733046048,0.6666666666666666
8738,9332,필자/Noun,12,4,8,6.668889629876625e-05,0.00011106421733046048,0.6666666666666666
8739,9333,우결/Noun,12,4,8,6.668889629876625e-05,0.00011106421733046048,0.6666666666666666
8740,9334,어떨/Modifier,12,8,4,0.00011114816049794375,6.663853039827628e-05,0.6666666666666666
8741,9335,아마존/Noun,12,8,4,0.00011114816049794375,6.663853039827628e-05,0.6666666666666666
8742,9336,다다르다/Verb,12,8,4,0.00011114816049794375,6.663853039827628e-05,0.6666666666666666
8743,9337,갖은/Noun,12,4,8,6.668889629876625e-05,0.00011106421733046048,0.6666666666666666
8744,9338,전생/Noun,12,8,4,0.00011114816049794375,6.663853039827628e-05,0.6666666666666666
8745,9339,모차르트/Noun,12,8,4,0.00011114816049794375,6.663853039827628e-05,0.6666666666666666
8746,9340,밀러/Noun,12,8,4,0.00011114816049794375,6.663853039827628e-05,0.6666666666666666
8747,9341,병헌/Noun,12,8,4,0.00011114816049794375,6.663853039827628e-05,0.6666666666666666
8748,9342,미란다/Noun,12,8,4,0.00011114816049794375,6.663853039827628e-05,0.6666666666666666
8749,9343,무지개/Noun,12,8,4,0.00011114816049794375,6.663853039827628e-05,0.6666666666666666
8750,9344,곤충/Noun,12,8,4,0.00011114816049794375,6.663853039827628e-05,0.6666666666666666
8751,9345,부패/Noun,12,8,4,0.00011114816049794375,6.663853039827628e-05,0.6666666666666666
8752,9346,대를/Foreign,12,8,4,0.00011114816049794375,6.663853039827628e-05,0.6666666666666666
8753,9347,진영/Noun,12,8,4,0.00011114816049794375,6.663853039827628e-05,0.6666666666666666
8754,9348,못난이/Noun,12,8,4,0.00011114816049794375,6.663853039827628e-05,0.6666666666666666
8755,9349,앤디/Noun,12,8,4,0.00011114816049794375,6.663853039827628e-05,0.6666666666666666
8756,9350,설원/Noun,12,8,4,0.00011114816049794375,6.663853039827628e-05,0.6666666666666666
8757,9351,뒷맛/Noun,12,4,8,6.668889629876625e-05,0.00011106421733046048,0.6666666666666666
8758,9352,맘껏/Noun,12,8,4,0.00011114816049794375,6.663853039827628e-05,0.6666666666666666
8759,9353,리틀/Noun,12,8,4,0.00011114816049794375,6.663853039827628e-05,0.6666666666666666
8760,9354,할로윈/Noun,12,4,8,6.668889629876625e-05,0.00011106421733046048,0.6666666666666666
8761,9355,여장/Noun,12,4,8,6.668889629876625e-05,0.00011106421733046048,0.6666666666666666
8762,9356,너머/Noun,12,8,4,0.00011114816049794375,6.663853039827628e-05,0.6666666666666666
8763,9357,되다/Adjective,12,4,8,6.668889629876625e-05,0.00011106421733046048,0.6666666666666666
8764,9358,우리엄마/Noun,12,8,4,0.00011114816049794375,6.663853039827628e-05,0.6666666666666666
8765,9359,임원희/Noun,12,4,8,6.668889629876625e-05,0.00011106421733046048,0.6666666666666666
8766,9360,흥얼거리다/Verb,12,8,4,0.00011114816049794375,6.663853039827628e-05,0.6666666666666666
8767,9361,자이언트/Noun,12,8,4,0.00011114816049794375,6.663853039827628e-05,0.6666666666666666
8768,9362,ㄱㄱㄱ/KoreanParticle,12,4,8,6.668889629876625e-05,0.00011106421733046048,0.6666666666666666
8769,9363,박근혜/Noun,12,8,4,0.00011114816049794375,6.663853039827628e-05,0.6666666666666666
8770,9364,버러지/Noun,12,4,8,6.668889629876625e-05,0.00011106421733046048,0.6666666666666666
8771,9365,특이/Noun,12,8,4,0.00011114816049794375,6.663853039827628e-05,0.6666666666666666
8772,9366,부서지다/Verb,12,4,8,6.668889629876625e-05,0.00011106421733046048,0.6666666666666666
8773,9367,우스/Noun,12,4,8,6.668889629876625e-05,0.00011106421733046048,0.6666666666666666
8774,9368,컬트영화/Noun,12,8,4,0.00011114816049794375,6.663853039827628e-05,0.6666666666666666
8775,9369,대견하다/Adjective,12,4,8,6.668889629876625e-05,0.00011106421733046048,0.6666666666666666
8776,9370,조의/Noun,12,8,4,0.00011114816049794375,6.663853039827628e-05,0.6666666666666666
8777,9371,파란/Noun,12,8,4,0.00011114816049794375,6.663853039827628e-05,0.6666666666666666
8778,9372,닐슨/Noun,12,8,4,0.00011114816049794375,6.663853039827628e-05,0.6666666666666666
8779,9373,인조/Noun,12,4,8,6.668889629876625e-05,0.00011106421733046048,0.6666666666666666
8780,9374,렌스/Noun,12,8,4,0.00011114816049794375,6.663853039827628e-05,0.6666666666666666
8781,9375,넬/Noun,12,8,4,0.00011114816049794375,6.663853039827628e-05,0.6666666666666666
8782,9376,모하/Noun,12,4,8,6.668889629876625e-05,0.00011106421733046048,0.6666666666666666
8783,9377,과장하다/Adjective,12,4,8,6.668889629876625e-05,0.00011106421733046048,0.6666666666666666
8784,9378,재결합/Noun,12,4,8,6.668889629876625e-05,0.00011106421733046048,0.6666666666666666
8785,9379,셜록/Noun,12,8,4,0.00011114816049794375,6.663853039827628e-05,0.6666666666666666
8786,9380,잡혀가다/Verb,12,4,8,6.668889629876625e-05,0.00011106421733046048,0.6666666666666666
8787,9381,각도/Noun,12,4,8,6.668889629876625e-05,0.00011106421733046048,0.6666666666666666
8788,9382,티아라/Noun,12,4,8,6.668889629876625e-05,0.00011106421733046048,0.6666666666666666
8789,9383,행성/Noun,12,4,8,6.668889629876625e-05,0.00011106421733046048,0.6666666666666666
8790,9384,런던/Noun,12,8,4,0.00011114816049794375,6.663853039827628e-05,0.6666666666666666
8791,9385,미노/Noun,12,4,8,6.668889629876625e-05,0.00011106421733046048,0.6666666666666666
8792,9386,미켈슨/Noun,12,8,4,0.00011114816049794375,6.663853039827628e-05,0.6666666666666666
8793,9387,사로잡히다/Verb,12,4,8,6.668889629876625e-05,0.00011106421733046048,0.6666666666666666
8794,9388,도자기/Noun,12,4,8,6.668889629876625e-05,0.00011106421733046048,0.6666666666666666
8795,9389,기와/Noun,12,8,4,0.00011114816049794375,6.663853039827628e-05,0.6666666666666666
8796,9390,홀리/Noun,12,4,8,6.668889629876625e-05,0.00011106421733046048,0.6666666666666666
8797,9391,솟다/Verb,12,8,4,0.00011114816049794375,6.663853039827628e-05,0.6666666666666666
8798,9392,일말/Noun,12,4,8,6.668889629876625e-05,0.00011106421733046048,0.6666666666666666
8799,9393,일부분/Noun,12,8,4,0.00011114816049794375,6.663853039827628e-05,0.6666666666666666
8800,9394,간호사/Noun,12,8,4,0.00011114816049794375,6.663853039827628e-05,0.6666666666666666
8801,9395,사촌동생/Noun,12,4,8,6.668889629876625e-05,0.00011106421733046048,0.6666666666666666
8802,9396,히히히/Noun,12,4,8,6.668889629876625e-05,0.00011106421733046048,0.6666666666666666
8803,9397,드뎌/Noun,12,8,4,0.00011114816049794375,6.663853039827628e-05,0.6666666666666666
8804,9398,문장/Noun,12,4,8,6.668889629876625e-05,0.00011106421733046048,0.6666666666666666
8805,9399,한껏/Adverb,12,8,4,0.00011114816049794375,6.663853039827628e-05,0.6666666666666666
8806,9400,33/Number,12,4,8,6.668889629876625e-05,0.00011106421733046048,0.6666666666666666
8807,9401,이주승/Noun,12,8,4,0.00011114816049794375,6.663853039827628e-05,0.6666666666666666
8808,9402,전병/Noun,12,4,8,6.668889629876625e-05,0.00011106421733046048,0.6666666666666666
8809,9403,스텔론/Noun,12,8,4,0.00011114816049794375,6.663853039827628e-05,0.6666666666666666
8810,9404,나리/Noun,12,4,8,6.668889629876625e-05,0.00011106421733046048,0.6666666666666666
8811,9405,종료/Noun,12,4,8,6.668889629876625e-05,0.00011106421733046048,0.6666666666666666
8812,9406,소나기/Noun,12,8,4,0.00011114816049794375,6.663853039827628e-05,0.6666666666666666
8813,9407,명과/Noun,12,8,4,0.00011114816049794375,6.663853039827628e-05,0.6666666666666666
8814,9408,기함/Noun,12,4,8,6.668889629876625e-05,0.00011106421733046048,0.6666666666666666
8815,9409,가세/Noun,12,4,8,6.668889629876625e-05,0.00011106421733046048,0.6666666666666666
8816,9410,다이아몬드/Noun,12,8,4,0.00011114816049794375,6.663853039827628e-05,0.6666666666666666
8817,9411,양쪽/Noun,12,4,8,6.668889629876625e-05,0.00011106421733046048,0.6666666666666666
8818,9412,히데/Noun,12,4,8,6.668889629876625e-05,0.00011106421733046048,0.6666666666666666
8819,9413,남궁민/Noun,12,8,4,0.00011114816049794375,6.663853039827628e-05,0.6666666666666666
8820,9414,김지영/Noun,12,4,8,6.668889629876625e-05,0.00011106421733046048,0.6666666666666666
8821,9415,주더/Noun,12,4,8,6.668889629876625e-05,0.00011106421733046048,0.6666666666666666
8822,9416,팔레스타인/Noun,12,8,4,0.00011114816049794375,6.663853039827628e-05,0.6666666666666666
8823,9417,필연/Noun,12,8,4,0.00011114816049794375,6.663853039827628e-05,0.6666666666666666
8824,9418,순풍/Noun,12,8,4,0.00011114816049794375,6.663853039827628e-05,0.6666666666666666
8825,9419,이중성/Noun,12,4,8,6.668889629876625e-05,0.00011106421733046048,0.6666666666666666
8826,9420,강박/Noun,12,4,8,6.668889629876625e-05,0.00011106421733046048,0.6666666666666666
8827,9421,트리오/Noun,12,8,4,0.00011114816049794375,6.663853039827628e-05,0.6666666666666666
8828,9422,엠버/Noun,12,4,8,6.668889629876625e-05,0.00011106421733046048,0.6666666666666666
8829,9423,유독/Noun,12,4,8,6.668889629876625e-05,0.00011106421733046048,0.6666666666666666
8830,9424,색즉시공/Noun,12,4,8,6.668889629876625e-05,0.00011106421733046048,0.6666666666666666
8831,9425,보트/Noun,12,7,5,0.0001000333444481494,7.774495213132233e-05,0.5833333333333334
8832,9426,하고만/Josa,12,7,5,0.0001000333444481494,7.774495213132233e-05,0.5833333333333334
8833,9427,즌/Noun,12,5,7,7.780371234856063e-05,9.995779559741441e-05,0.5833333333333334
8834,9428,출산/Noun,12,5,7,7.780371234856063e-05,9.995779559741441e-05,0.5833333333333334
8835,9429,영화상/Noun,12,5,7,7.780371234856063e-05,9.995779559741441e-05,0.5833333333333334
8836,9430,애슐리/Noun,12,5,7,7.780371234856063e-05,9.995779559741441e-05,0.5833333333333334
8837,9431,격투씬/Noun,12,5,7,7.780371234856063e-05,9.995779559741441e-05,0.5833333333333334
8838,9432,7시/Number,12,5,7,7.780371234856063e-05,9.995779559741441e-05,0.5833333333333334
8839,9433,미니시리즈/Noun,12,7,5,0.0001000333444481494,7.774495213132233e-05,0.5833333333333334
8840,9434,꽂다/Verb,12,5,7,7.780371234856063e-05,9.995779559741441e-05,0.5833333333333334
8841,9435,VS/Alpha,12,7,5,0.0001000333444481494,7.774495213132233e-05,0.5833333333333334
8842,9436,박지윤/Noun,12,5,7,7.780371234856063e-05,9.995779559741441e-05,0.5833333333333334
8843,9437,현지/Noun,12,5,7,7.780371234856063e-05,9.995779559741441e-05,0.5833333333333334
8844,9438,매너/Noun,12,7,5,0.0001000333444481494,7.774495213132233e-05,0.5833333333333334
8845,9439,do/Alpha,12,7,5,0.0001000333444481494,7.774495213132233e-05,0.5833333333333334
8846,9440,뷰티/Noun,12,7,5,0.0001000333444481494,7.774495213132233e-05,0.5833333333333334
8847,9441,토대/Noun,12,7,5,0.0001000333444481494,7.774495213132233e-05,0.5833333333333334
8848,9442,쇼생/Noun,12,7,5,0.0001000333444481494,7.774495213132233e-05,0.5833333333333334
8849,9443,어리숙하다/Adjective,12,5,7,7.780371234856063e-05,9.995779559741441e-05,0.5833333333333334
8850,9444,손자/Noun,12,7,5,0.0001000333444481494,7.774495213132233e-05,0.5833333333333334
8851,9445,이편/Noun,12,7,5,0.0001000333444481494,7.774495213132233e-05,0.5833333333333334
8852,9446,살벌하다/Adjective,12,7,5,0.0001000333444481494,7.774495213132233e-05,0.5833333333333334
8853,9447,박선영/Noun,12,7,5,0.0001000333444481494,7.774495213132233e-05,0.5833333333333334
8854,9448,몰두하다/Adjective,12,7,5,0.0001000333444481494,7.774495213132233e-05,0.5833333333333334
8855,9449,난왜/Noun,12,5,7,7.780371234856063e-05,9.995779559741441e-05,0.5833333333333334
8856,9450,잭블랙/Noun,12,7,5,0.0001000333444481494,7.774495213132233e-05,0.5833333333333334
8857,9451,목욕/Noun,12,5,7,7.780371234856063e-05,9.995779559741441e-05,0.5833333333333334
8858,9452,환호/Noun,12,7,5,0.0001000333444481494,7.774495213132233e-05,0.5833333333333334
8859,9453,타협/Noun,12,7,5,0.0001000333444481494,7.774495213132233e-05,0.5833333333333334
8860,9454,막바지/Noun,12,5,7,7.780371234856063e-05,9.995779559741441e-05,0.5833333333333334
8861,9455,지우/Noun,12,5,7,7.780371234856063e-05,9.995779559741441e-05,0.5833333333333334
8862,9456,넓히다/Verb,12,7,5,0.0001000333444481494,7.774495213132233e-05,0.5833333333333334
8863,9457,정자/Noun,12,5,7,7.780371234856063e-05,9.995779559741441e-05,0.5833333333333334
8864,9458,무상/Noun,12,7,5,0.0001000333444481494,7.774495213132233e-05,0.5833333333333334
8865,9459,이레/Noun,12,7,5,0.0001000333444481494,7.774495213132233e-05,0.5833333333333334
8866,9460,빠뜨리다/Verb,12,5,7,7.780371234856063e-05,9.995779559741441e-05,0.5833333333333334
8867,9461,삐뚤어지다/Verb,12,5,7,7.780371234856063e-05,9.995779559741441e-05,0.5833333333333334
8868,9462,술집/Noun,12,5,7,7.780371234856063e-05,9.995779559741441e-05,0.5833333333333334
8869,9463,한가득/Adverb,12,7,5,0.0001000333444481494,7.774495213132233e-05,0.5833333333333334
8870,9464,얌/Noun,12,5,7,7.780371234856063e-05,9.995779559741441e-05,0.5833333333333334
8871,9465,아이스/Noun,12,5,7,7.780371234856063e-05,9.995779559741441e-05,0.5833333333333334
8872,9466,개정/Noun,12,5,7,7.780371234856063e-05,9.995779559741441e-05,0.5833333333333334
8873,9467,기이하다/Adjective,12,5,7,7.780371234856063e-05,9.995779559741441e-05,0.5833333333333334
8874,9468,구출/Noun,12,7,5,0.0001000333444481494,7.774495213132233e-05,0.5833333333333334
8875,9469,구상/Noun,12,5,7,7.780371234856063e-05,9.995779559741441e-05,0.5833333333333334
8876,9470,돌연변이/Noun,12,5,7,7.780371234856063e-05,9.995779559741441e-05,0.5833333333333334
8877,9471,제프/Noun,12,7,5,0.0001000333444481494,7.774495213132233e-05,0.5833333333333334
8878,9472,소드/Noun,12,5,7,7.780371234856063e-05,9.995779559741441e-05,0.5833333333333334
8879,9473,일보/Noun,12,5,7,7.780371234856063e-05,9.995779559741441e-05,0.5833333333333334
8880,9474,휩쓸다/Adjective,12,7,5,0.0001000333444481494,7.774495213132233e-05,0.5833333333333334
8881,9475,공공/Modifier,12,7,5,0.0001000333444481494,7.774495213132233e-05,0.5833333333333334
8882,9476,어그/Noun,12,5,7,7.780371234856063e-05,9.995779559741441e-05,0.5833333333333334
8883,9477,왈츠/Noun,12,7,5,0.0001000333444481494,7.774495213132233e-05,0.5833333333333334
8884,9478,롤/Noun,12,5,7,7.780371234856063e-05,9.995779559741441e-05,0.5833333333333334
8885,9479,렷/Noun,12,5,7,7.780371234856063e-05,9.995779559741441e-05,0.5833333333333334
8886,9480,글래디에이터/Noun,12,5,7,7.780371234856063e-05,9.995779559741441e-05,0.5833333333333334
8887,9481,30%/Number,12,5,7,7.780371234856063e-05,9.995779559741441e-05,0.5833333333333334
8888,9482,→/Foreign,12,5,7,7.780371234856063e-05,9.995779559741441e-05,0.5833333333333334
8889,9483,딴사람/Noun,12,5,7,7.780371234856063e-05,9.995779559741441e-05,0.5833333333333334
8890,9484,날씨/Noun,12,7,5,0.0001000333444481494,7.774495213132233e-05,0.5833333333333334
8891,9485,생/Foreign,12,7,5,0.0001000333444481494,7.774495213132233e-05,0.5833333333333334
8892,9486,like/Alpha,12,7,5,0.0001000333444481494,7.774495213132233e-05,0.5833333333333334
8893,9487,치히로/Noun,12,7,5,0.0001000333444481494,7.774495213132233e-05,0.5833333333333334
8894,9488,경찰서/Noun,12,5,7,7.780371234856063e-05,9.995779559741441e-05,0.5833333333333334
8895,9489,정보석/Noun,12,7,5,0.0001000333444481494,7.774495213132233e-05,0.5833333333333334
8896,9490,인크레더블/Noun,12,7,5,0.0001000333444481494,7.774495213132233e-05,0.5833333333333334
8897,9491,수로/Noun,12,5,7,7.780371234856063e-05,9.995779559741441e-05,0.5833333333333334
8898,9492,텅빈/Noun,12,5,7,7.780371234856063e-05,9.995779559741441e-05,0.5833333333333334
8899,9493,그남자/Noun,12,7,5,0.0001000333444481494,7.774495213132233e-05,0.5833333333333334
8900,9494,서든/Noun,12,7,5,0.0001000333444481494,7.774495213132233e-05,0.5833333333333334
8901,9495,화려/Noun,12,7,5,0.0001000333444481494,7.774495213132233e-05,0.5833333333333334
8902,9496,좌충우돌/Noun,12,7,5,0.0001000333444481494,7.774495213132233e-05,0.5833333333333334
8903,9497,수십/Noun,12,7,5,0.0001000333444481494,7.774495213132233e-05,0.5833333333333334
8904,9498,3회/Number,12,5,7,7.780371234856063e-05,9.995779559741441e-05,0.5833333333333334
8905,9499,쿠퍼/Noun,12,7,5,0.0001000333444481494,7.774495213132233e-05,0.5833333333333334
8906,9500,그러므로/Conjunction,12,7,5,0.0001000333444481494,7.774495213132233e-05,0.5833333333333334
8907,9501,도구로/Noun,12,5,7,7.780371234856063e-05,9.995779559741441e-05,0.5833333333333334
8908,9502,바랬/Noun,12,5,7,7.780371234856063e-05,9.995779559741441e-05,0.5833333333333334
8909,9503,멸망하다/Adjective,12,5,7,7.780371234856063e-05,9.995779559741441e-05,0.5833333333333334
8910,9504,마왕/Noun,12,7,5,0.0001000333444481494,7.774495213132233e-05,0.5833333333333334
8911,9505,군국/Noun,12,5,7,7.780371234856063e-05,9.995779559741441e-05,0.5833333333333334
8912,9506,용의자/Noun,12,5,7,7.780371234856063e-05,9.995779559741441e-05,0.5833333333333334
8913,9507,고가/Noun,12,7,5,0.0001000333444481494,7.774495213132233e-05,0.5833333333333334
8914,9508,1~3/Number,12,7,5,0.0001000333444481494,7.774495213132233e-05,0.5833333333333334
8915,9509,엘리트/Noun,12,7,5,0.0001000333444481494,7.774495213132233e-05,0.5833333333333334
8916,9510,소시민/Noun,12,7,5,0.0001000333444481494,7.774495213132233e-05,0.5833333333333334
8917,9511,홍성/Noun,12,5,7,7.780371234856063e-05,9.995779559741441e-05,0.5833333333333334
8918,9512,맥클레인/Noun,12,7,5,0.0001000333444481494,7.774495213132233e-05,0.5833333333333334
8919,9513,고모/Noun,12,7,5,0.0001000333444481494,7.774495213132233e-05,0.5833333333333334
8920,9514,정직하다/Adjective,12,5,7,7.780371234856063e-05,9.995779559741441e-05,0.5833333333333334
8921,9515,김영철/Noun,12,7,5,0.0001000333444481494,7.774495213132233e-05,0.5833333333333334
8922,9516,이요/Noun,12,7,5,0.0001000333444481494,7.774495213132233e-05,0.5833333333333334
8923,9517,10시/Number,12,7,5,0.0001000333444481494,7.774495213132233e-05,0.5833333333333334
8924,9518,일정/Noun,12,7,5,0.0001000333444481494,7.774495213132233e-05,0.5833333333333334
8925,9519,나부랭이/Noun,12,5,7,7.780371234856063e-05,9.995779559741441e-05,0.5833333333333334
8926,9520,잘추다/Verb,12,7,5,0.0001000333444481494,7.774495213132233e-05,0.5833333333333334
8927,9521,대원/Noun,12,5,7,7.780371234856063e-05,9.995779559741441e-05,0.5833333333333334
8928,9522,스머프/Noun,12,7,5,0.0001000333444481494,7.774495213132233e-05,0.5833333333333334
8929,9523,니스/Noun,12,7,5,0.0001000333444481494,7.774495213132233e-05,0.5833333333333334
8930,9524,몸소/Noun,12,7,5,0.0001000333444481494,7.774495213132233e-05,0.5833333333333334
8931,9525,랴/Noun,12,5,7,7.780371234856063e-05,9.995779559741441e-05,0.5833333333333334
8932,9526,괴로움/Noun,12,7,5,0.0001000333444481494,7.774495213132233e-05,0.5833333333333334
8933,9527,유니크/Noun,12,7,5,0.0001000333444481494,7.774495213132233e-05,0.5833333333333334
8934,9528,오산/Noun,12,5,7,7.780371234856063e-05,9.995779559741441e-05,0.5833333333333334
8935,9529,거절/Noun,12,7,5,0.0001000333444481494,7.774495213132233e-05,0.5833333333333334
8936,9530,유연석/Noun,12,5,7,7.780371234856063e-05,9.995779559741441e-05,0.5833333333333334
8937,9594,쨔응/Noun,11,11,0,0.0001444926086473269,2.2212843466092093e-05,1.0
8938,9595,깝깝/Noun,11,0,11,2.2229632099588756e-05,0.0001443834825295986,1.0
8939,9596,고은아/Noun,11,0,11,2.2229632099588756e-05,0.0001443834825295986,1.0
8940,9597,애하/Noun,11,0,11,2.2229632099588756e-05,0.0001443834825295986,1.0
8941,9598,폭도/Noun,11,0,11,2.2229632099588756e-05,0.0001443834825295986,1.0
8942,9599,티남/Noun,11,0,11,2.2229632099588756e-05,0.0001443834825295986,1.0
8943,9600,찍지마라/Noun,11,0,11,2.2229632099588756e-05,0.0001443834825295986,1.0
8944,9601,아하/Exclamation,11,0,11,2.2229632099588756e-05,0.0001443834825295986,1.0
8945,9602,500/Number,11,0,11,2.2229632099588756e-05,0.0001443834825295986,1.0
8946,9603,청소년기/Noun,11,11,0,0.0001444926086473269,2.2212843466092093e-05,1.0
8947,9604,손은서/Noun,11,0,11,2.2229632099588756e-05,0.0001443834825295986,1.0
8948,9605,유사/Noun,11,0,11,2.2229632099588756e-05,0.0001443834825295986,1.0
8949,9606,울화통/Noun,11,0,11,2.2229632099588756e-05,0.0001443834825295986,1.0
8950,9607,부릉부릉/Adverb,11,0,11,2.2229632099588756e-05,0.0001443834825295986,1.0
8951,9608,편파/Noun,11,0,11,2.2229632099588756e-05,0.0001443834825295986,1.0
8952,9609,과욕/Noun,11,0,11,2.2229632099588756e-05,0.0001443834825295986,1.0
8953,9610,싱그럽다/Adjective,11,11,0,0.0001444926086473269,2.2212843466092093e-05,1.0
8954,9611,탈세/Noun,11,0,11,2.2229632099588756e-05,0.0001443834825295986,1.0
8955,9612,까비/Noun,11,0,11,2.2229632099588756e-05,0.0001443834825295986,1.0
8956,9613,추기경/Noun,11,11,0,0.0001444926086473269,2.2212843466092093e-05,1.0
8957,9614,휴식/Noun,11,11,0,0.0001444926086473269,2.2212843466092093e-05,1.0
8958,9615,배종옥/Noun,11,11,0,0.0001444926086473269,2.2212843466092093e-05,1.0
8959,9616,노랑/Noun,11,0,11,2.2229632099588756e-05,0.0001443834825295986,1.0
8960,9617,말좀/Noun,11,0,11,2.2229632099588756e-05,0.0001443834825295986,1.0
8961,9618,후광/Noun,11,0,11,2.2229632099588756e-05,0.0001443834825295986,1.0
8962,9619,복수초/Noun,11,0,11,2.2229632099588756e-05,0.0001443834825295986,1.0
8963,9620,ㅠㅠㅜ/KoreanParticle,11,11,0,0.0001444926086473269,2.2212843466092093e-05,1.0
8964,9621,아나킨/Noun,11,11,0,0.0001444926086473269,2.2212843466092093e-05,1.0
8965,9622,윌슨/Noun,11,11,0,0.0001444926086473269,2.2212843466092093e-05,1.0
8966,9623,별루임/Noun,11,0,11,2.2229632099588756e-05,0.0001443834825295986,1.0
8967,9624,짱짱걸/Noun,11,10,1,0.0001333777925975325,3.331926519913814e-05,0.9090909090909092
8968,9625,벤허/Noun,11,10,1,0.0001333777925975325,3.331926519913814e-05,0.9090909090909092
8969,9626,애매/Noun,11,1,10,3.334444814938313e-05,0.00013327706079655256,0.9090909090909092
8970,9627,울트라/Noun,11,1,10,3.334444814938313e-05,0.00013327706079655256,0.9090909090909092
8971,9628,오바이트/Noun,11,1,10,3.334444814938313e-05,0.00013327706079655256,0.9090909090909092
8972,9629,구토/Noun,11,1,10,3.334444814938313e-05,0.00013327706079655256,0.9090909090909092
8973,9630,갓파더/Noun,11,1,10,3.334444814938313e-05,0.00013327706079655256,0.9090909090909092
8974,9631,덱스터/Noun,11,10,1,0.0001333777925975325,3.331926519913814e-05,0.9090909090909092
8975,9632,페미/Noun,11,1,10,3.334444814938313e-05,0.00013327706079655256,0.9090909090909092
8976,9633,4천원/Number,11,1,10,3.334444814938313e-05,0.00013327706079655256,0.9090909090909092
8977,9634,입담/Noun,11,10,1,0.0001333777925975325,3.331926519913814e-05,0.9090909090909092
8978,9635,알라딘/Noun,11,10,1,0.0001333777925975325,3.331926519913814e-05,0.9090909090909092
8979,9636,감금/Noun,11,1,10,3.334444814938313e-05,0.00013327706079655256,0.9090909090909092
8980,9637,수신료/Noun,11,1,10,3.334444814938313e-05,0.00013327706079655256,0.9090909090909092
8981,9638,소모/Noun,11,1,10,3.334444814938313e-05,0.00013327706079655256,0.9090909090909092
8982,9639,없슴/Noun,11,1,10,3.334444814938313e-05,0.00013327706079655256,0.9090909090909092
8983,9640,프로파간다/Noun,11,1,10,3.334444814938313e-05,0.00013327706079655256,0.9090909090909092
8984,9641,다이빙/Noun,11,1,10,3.334444814938313e-05,0.00013327706079655256,0.9090909090909092
8985,9642,유물/Noun,11,1,10,3.334444814938313e-05,0.00013327706079655256,0.9090909090909092
8986,9643,、/Foreign,11,10,1,0.0001333777925975325,3.331926519913814e-05,0.9090909090909092
8987,9644,먹듯/Noun,11,1,10,3.334444814938313e-05,0.00013327706079655256,0.9090909090909092
8988,9645,고역/Noun,11,1,10,3.334444814938313e-05,0.00013327706079655256,0.9090909090909092
8989,9646,개폼/Noun,11,1,10,3.334444814938313e-05,0.00013327706079655256,0.9090909090909092
8990,9647,골다/Verb,11,1,10,3.334444814938313e-05,0.00013327706079655256,0.9090909090909092
8991,9648,워터/Noun,11,1,10,3.334444814938313e-05,0.00013327706079655256,0.9090909090909092
8992,9649,world/Alpha,11,10,1,0.0001333777925975325,3.331926519913814e-05,0.9090909090909092
8993,9650,석양/Noun,11,10,1,0.0001333777925975325,3.331926519913814e-05,0.9090909090909092
8994,9651,이지현/Noun,11,1,10,3.334444814938313e-05,0.00013327706079655256,0.9090909090909092
8995,9652,징징거리다/Adjective,11,1,10,3.334444814938313e-05,0.00013327706079655256,0.9090909090909092
8996,9653,비키니/Noun,11,1,10,3.334444814938313e-05,0.00013327706079655256,0.9090909090909092
8997,9654,답시고/Noun,11,1,10,3.334444814938313e-05,0.00013327706079655256,0.9090909090909092
8998,9655,(-/Punctuation,11,1,10,3.334444814938313e-05,0.00013327706079655256,0.9090909090909092
8999,9656,압니/Noun,11,10,1,0.0001333777925975325,3.331926519913814e-05,0.9090909090909092
9000,9657,OTL/Alpha,11,1,10,3.334444814938313e-05,0.00013327706079655256,0.9090909090909092
9001,9658,퉁/Noun,11,1,10,3.334444814938313e-05,0.00013327706079655256,0.9090909090909092
9002,9659,오지호/Noun,11,1,10,3.334444814938313e-05,0.00013327706079655256,0.9090909090909092
9003,9660,KTX/Alpha,11,1,10,3.334444814938313e-05,0.00013327706079655256,0.9090909090909092
9004,9661,동행/Noun,11,10,1,0.0001333777925975325,3.331926519913814e-05,0.9090909090909092
9005,9662,8~9/Number,11,10,1,0.0001333777925975325,3.331926519913814e-05,0.9090909090909092
9006,9663,게이물/Noun,11,1,10,3.334444814938313e-05,0.00013327706079655256,0.9090909090909092
9007,9664,오분/Noun,11,1,10,3.334444814938313e-05,0.00013327706079655256,0.9090909090909092
9008,9665,개망/Noun,11,1,10,3.334444814938313e-05,0.00013327706079655256,0.9090909090909092
9009,9666,극화/Noun,11,1,10,3.334444814938313e-05,0.00013327706079655256,0.9090909090909092
9010,9667,킬러조/Noun,11,1,10,3.334444814938313e-05,0.00013327706079655256,0.9090909090909092
9011,9668,마음껏/Noun,11,10,1,0.0001333777925975325,3.331926519913814e-05,0.9090909090909092
9012,9669,팔고/Noun,11,1,10,3.334444814938313e-05,0.00013327706079655256,0.9090909090909092
9013,9670,OUT/Alpha,11,1,10,3.334444814938313e-05,0.00013327706079655256,0.9090909090909092
9014,9671,제안/Noun,11,1,10,3.334444814938313e-05,0.00013327706079655256,0.9090909090909092
9015,9672,착신아리/Noun,11,1,10,3.334444814938313e-05,0.00013327706079655256,0.9090909090909092
9016,9673,다스베이더/Noun,11,10,1,0.0001333777925975325,3.331926519913814e-05,0.9090909090909092
9017,9674,!!!^^/Punctuation,11,10,1,0.0001333777925975325,3.331926519913814e-05,0.9090909090909092
9018,9675,반함/Noun,11,10,1,0.0001333777925975325,3.331926519913814e-05,0.9090909090909092
9019,9676,엇습/Noun,11,10,1,0.0001333777925975325,3.331926519913814e-05,0.9090909090909092
9020,9677,궈/Noun,11,1,10,3.334444814938313e-05,0.00013327706079655256,0.9090909090909092
9021,9678,어릴떄/Noun,11,10,1,0.0001333777925975325,3.331926519913814e-05,0.9090909090909092
9022,9679,퀼리티/Noun,11,1,10,3.334444814938313e-05,0.00013327706079655256,0.9090909090909092
9023,9680,판정/Noun,11,2,9,4.445926419917751e-05,0.00012217063906350652,0.8181818181818182
9024,9681,구사/Noun,11,2,9,4.445926419917751e-05,0.00012217063906350652,0.8181818181818182
9025,9682,가려지다/Verb,11,9,2,0.00012226297654773814,4.4425686932184186e-05,0.8181818181818182
9026,9683,메리다/Noun,11,2,9,4.445926419917751e-05,0.00012217063906350652,0.8181818181818182
9027,9684,비디오테잎/Noun,11,9,2,0.00012226297654773814,4.4425686932184186e-05,0.8181818181818182
9028,9685,관통/Noun,11,9,2,0.00012226297654773814,4.4425686932184186e-05,0.8181818181818182
9029,9686,간지럽다/Adjective,11,2,9,4.445926419917751e-05,0.00012217063906350652,0.8181818181818182
9030,9687,광신도/Noun,11,2,9,4.445926419917751e-05,0.00012217063906350652,0.8181818181818182
9031,9688,34/Number,11,9,2,0.00012226297654773814,4.4425686932184186e-05,0.8181818181818182
9032,9689,윤/Noun,11,9,2,0.00012226297654773814,4.4425686932184186e-05,0.8181818181818182
9033,9690,깡통/Noun,11,2,9,4.445926419917751e-05,0.00012217063906350652,0.8181818181818182
9034,9691,70분/Number,11,2,9,4.445926419917751e-05,0.00012217063906350652,0.8181818181818182
9035,9692,계약/Noun,11,2,9,4.445926419917751e-05,0.00012217063906350652,0.8181818181818182
9036,9693,타락/Noun,11,2,9,4.445926419917751e-05,0.00012217063906350652,0.8181818181818182
9037,9694,분간/Noun,11,2,9,4.445926419917751e-05,0.00012217063906350652,0.8181818181818182
9038,9695,죤나/Noun,11,2,9,4.445926419917751e-05,0.00012217063906350652,0.8181818181818182
9039,9696,민망/Noun,11,2,9,4.445926419917751e-05,0.00012217063906350652,0.8181818181818182
9040,9697,축제/Noun,11,9,2,0.00012226297654773814,4.4425686932184186e-05,0.8181818181818182
9041,9698,방학/Noun,11,9,2,0.00012226297654773814,4.4425686932184186e-05,0.8181818181818182
9042,9699,되찾다/Verb,11,9,2,0.00012226297654773814,4.4425686932184186e-05,0.8181818181818182
9043,9700,음울하다/Adjective,11,9,2,0.00012226297654773814,4.4425686932184186e-05,0.8181818181818182
9044,9701,한주/Noun,11,9,2,0.00012226297654773814,4.4425686932184186e-05,0.8181818181818182
9045,9702,...................../Punctuation,11,2,9,4.445926419917751e-05,0.00012217063906350652,0.8181818181818182
9046,9703,들려오다/Verb,11,9,2,0.00012226297654773814,4.4425686932184186e-05,0.8181818181818182
9047,9704,취소/Noun,11,2,9,4.445926419917751e-05,0.00012217063906350652,0.8181818181818182
9048,9705,린즈링/Noun,11,2,9,4.445926419917751e-05,0.00012217063906350652,0.8181818181818182
9049,9706,동거/Noun,11,2,9,4.445926419917751e-05,0.00012217063906350652,0.8181818181818182
9050,9707,버틀러/Noun,11,9,2,0.00012226297654773814,4.4425686932184186e-05,0.8181818181818182
9051,9708,염병/Noun,11,2,9,4.445926419917751e-05,0.00012217063906350652,0.8181818181818182
9052,9709,80~90년/Number,11,2,9,4.445926419917751e-05,0.00012217063906350652,0.8181818181818182
9053,9710,센터/Noun,11,2,9,4.445926419917751e-05,0.00012217063906350652,0.8181818181818182
9054,9711,관계도/Noun,11,2,9,4.445926419917751e-05,0.00012217063906350652,0.8181818181818182
9055,9712,스탠리/Noun,11,9,2,0.00012226297654773814,4.4425686932184186e-05,0.8181818181818182
9056,9713,선교사/Noun,11,9,2,0.00012226297654773814,4.4425686932184186e-05,0.8181818181818182
9057,9714,양익준/Noun,11,9,2,0.00012226297654773814,4.4425686932184186e-05,0.8181818181818182
9058,9715,무민/Noun,11,9,2,0.00012226297654773814,4.4425686932184186e-05,0.8181818181818182
9059,9716,자지/Noun,11,2,9,4.445926419917751e-05,0.00012217063906350652,0.8181818181818182
9060,9717,go/Alpha,11,9,2,0.00012226297654773814,4.4425686932184186e-05,0.8181818181818182
9061,9718,랑께/Josa,11,2,9,4.445926419917751e-05,0.00012217063906350652,0.8181818181818182
9062,9719,서론/Noun,11,2,9,4.445926419917751e-05,0.00012217063906350652,0.8181818181818182
9063,9720,환각/Noun,11,2,9,4.445926419917751e-05,0.00012217063906350652,0.8181818181818182
9064,9721,미미하다/Adjective,11,2,9,4.445926419917751e-05,0.00012217063906350652,0.8181818181818182
9065,9722,고립/Noun,11,9,2,0.00012226297654773814,4.4425686932184186e-05,0.8181818181818182
9066,9723,저딴/Noun,11,2,9,4.445926419917751e-05,0.00012217063906350652,0.8181818181818182
9067,9724,사발/Noun,11,2,9,4.445926419917751e-05,0.00012217063906350652,0.8181818181818182
9068,9725,바스코/Noun,11,2,9,4.445926419917751e-05,0.00012217063906350652,0.8181818181818182
9069,9726,셰익스피어/Noun,11,9,2,0.00012226297654773814,4.4425686932184186e-05,0.8181818181818182
9070,9727,쿵후/Noun,11,2,9,4.445926419917751e-05,0.00012217063906350652,0.8181818181818182
9071,9728,난해/Noun,11,2,9,4.445926419917751e-05,0.00012217063906350652,0.8181818181818182
9072,9729,바퀴벌레/Noun,11,2,9,4.445926419917751e-05,0.00012217063906350652,0.8181818181818182
9073,9730,know/Alpha,11,9,2,0.00012226297654773814,4.4425686932184186e-05,0.8181818181818182
9074,9731,질렌할/Noun,11,9,2,0.00012226297654773814,4.4425686932184186e-05,0.8181818181818182
9075,9732,리다/Noun,11,2,9,4.445926419917751e-05,0.00012217063906350652,0.8181818181818182
9076,9733,연출가/Noun,11,2,9,4.445926419917751e-05,0.00012217063906350652,0.8181818181818182
9077,9734,호빗/Noun,11,9,2,0.00012226297654773814,4.4425686932184186e-05,0.8181818181818182
9078,9735,의욕/Noun,11,2,9,4.445926419917751e-05,0.00012217063906350652,0.8181818181818182
9079,9736,was/Alpha,11,9,2,0.00012226297654773814,4.4425686932184186e-05,0.8181818181818182
9080,9737,기무라/Noun,11,9,2,0.00012226297654773814,4.4425686932184186e-05,0.8181818181818182
9081,9738,안봣/Noun,11,9,2,0.00012226297654773814,4.4425686932184186e-05,0.8181818181818182
9082,9739,브랜드/Noun,11,9,2,0.00012226297654773814,4.4425686932184186e-05,0.8181818181818182
9083,9740,버킷리스트/Noun,11,9,2,0.00012226297654773814,4.4425686932184186e-05,0.8181818181818182
9084,9741,요인/Noun,11,2,9,4.445926419917751e-05,0.00012217063906350652,0.8181818181818182
9085,9742,"...,/Punctuation",11,2,9,4.445926419917751e-05,0.00012217063906350652,0.8181818181818182
9086,9743,무신론자/Noun,11,2,9,4.445926419917751e-05,0.00012217063906350652,0.8181818181818182
9087,9744,레슬링/Noun,11,2,9,4.445926419917751e-05,0.00012217063906350652,0.8181818181818182
9088,9745,노처녀/Noun,11,2,9,4.445926419917751e-05,0.00012217063906350652,0.8181818181818182
9089,9746,조엘/Noun,11,2,9,4.445926419917751e-05,0.00012217063906350652,0.8181818181818182
9090,9747,無/Foreign,11,2,9,4.445926419917751e-05,0.00012217063906350652,0.8181818181818182
9091,9748,쪽지/Noun,11,9,2,0.00012226297654773814,4.4425686932184186e-05,0.8181818181818182
9092,9749,형용/Noun,11,9,2,0.00012226297654773814,4.4425686932184186e-05,0.8181818181818182
9093,9750,zzz/Alpha,11,2,9,4.445926419917751e-05,0.00012217063906350652,0.8181818181818182
9094,9751,남북/Noun,11,9,2,0.00012226297654773814,4.4425686932184186e-05,0.8181818181818182
9095,9752,왕년/Noun,11,2,9,4.445926419917751e-05,0.00012217063906350652,0.8181818181818182
9096,9753,4월/Number,11,9,2,0.00012226297654773814,4.4425686932184186e-05,0.8181818181818182
9097,9754,댕/Noun,11,2,9,4.445926419917751e-05,0.00012217063906350652,0.8181818181818182
9098,9755,번지르르하다/Adjective,11,2,9,4.445926419917751e-05,0.00012217063906350652,0.8181818181818182
9099,9756,평보/Noun,11,2,9,4.445926419917751e-05,0.00012217063906350652,0.8181818181818182
9100,9757,김원효/Noun,11,2,9,4.445926419917751e-05,0.00012217063906350652,0.8181818181818182
9101,9758,사유/Noun,11,9,2,0.00012226297654773814,4.4425686932184186e-05,0.8181818181818182
9102,9759,행각/Noun,11,2,9,4.445926419917751e-05,0.00012217063906350652,0.8181818181818182
9103,9760,수치심/Noun,11,2,9,4.445926419917751e-05,0.00012217063906350652,0.8181818181818182
9104,9761,욜라/Noun,11,2,9,4.445926419917751e-05,0.00012217063906350652,0.8181818181818182
9105,9762,승희/Noun,11,2,9,4.445926419917751e-05,0.00012217063906350652,0.8181818181818182
9106,9763,오케이/Noun,11,2,9,4.445926419917751e-05,0.00012217063906350652,0.8181818181818182
9107,9764,팬텀/Noun,11,9,2,0.00012226297654773814,4.4425686932184186e-05,0.8181818181818182
9108,9765,하비/Noun,11,9,2,0.00012226297654773814,4.4425686932184186e-05,0.8181818181818182
9109,9766,김성수/Noun,11,2,9,4.445926419917751e-05,0.00012217063906350652,0.8181818181818182
9110,9767,달튼/Noun,11,9,2,0.00012226297654773814,4.4425686932184186e-05,0.8181818181818182
9111,9768,발라/Noun,11,2,9,4.445926419917751e-05,0.00012217063906350652,0.8181818181818182
9112,9769,박준형/Noun,11,2,9,4.445926419917751e-05,0.00012217063906350652,0.8181818181818182
9113,9770,불급/Noun,11,2,9,4.445926419917751e-05,0.00012217063906350652,0.8181818181818182
9114,9771,진지희/Noun,11,2,9,4.445926419917751e-05,0.00012217063906350652,0.8181818181818182
9115,9772,횟수/Noun,11,2,9,4.445926419917751e-05,0.00012217063906350652,0.8181818181818182
9116,9773,악플달다/Verb,11,9,2,0.00012226297654773814,4.4425686932184186e-05,0.8181818181818182
9117,9774,2.2/Number,11,2,9,4.445926419917751e-05,0.00012217063906350652,0.8181818181818182
9118,9775,레젼드/Noun,11,9,2,0.00012226297654773814,4.4425686932184186e-05,0.8181818181818182
9119,9776,김꽃비/Noun,11,2,9,4.445926419917751e-05,0.00012217063906350652,0.8181818181818182
9120,9777,무성의/Noun,11,2,9,4.445926419917751e-05,0.00012217063906350652,0.8181818181818182
9121,9778,일본사람/Noun,11,2,9,4.445926419917751e-05,0.00012217063906350652,0.8181818181818182
9122,9779,r/Alpha,11,3,8,5.5574080248971876e-05,0.00011106421733046048,0.7272727272727273
9123,9780,독고/Noun,11,8,3,0.00011114816049794375,5.553210866523024e-05,0.7272727272727273
9124,9781,나왓으/Noun,11,8,3,0.00011114816049794375,5.553210866523024e-05,0.7272727272727273
9125,9782,바티칸/Noun,11,3,8,5.5574080248971876e-05,0.00011106421733046048,0.7272727272727273
9126,9783,후퇴/Noun,11,3,8,5.5574080248971876e-05,0.00011106421733046048,0.7272727272727273
9127,9784,CD/Alpha,11,8,3,0.00011114816049794375,5.553210866523024e-05,0.7272727272727273
9128,9785,NG/Alpha,11,8,3,0.00011114816049794375,5.553210866523024e-05,0.7272727272727273
9129,9786,".,../Punctuation",11,3,8,5.5574080248971876e-05,0.00011106421733046048,0.7272727272727273
9130,9787,팝핀현준/Noun,11,3,8,5.5574080248971876e-05,0.00011106421733046048,0.7272727272727273
9131,9788,불협화음/Noun,11,3,8,5.5574080248971876e-05,0.00011106421733046048,0.7272727272727273
9132,9789,카터/Noun,11,8,3,0.00011114816049794375,5.553210866523024e-05,0.7272727272727273
9133,9790,뚜껑/Noun,11,3,8,5.5574080248971876e-05,0.00011106421733046048,0.7272727272727273
9134,9791,당사자/Noun,11,8,3,0.00011114816049794375,5.553210866523024e-05,0.7272727272727273
9135,9792,브란도/Noun,11,8,3,0.00011114816049794375,5.553210866523024e-05,0.7272727272727273
9136,9793,에르/Noun,11,8,3,0.00011114816049794375,5.553210866523024e-05,0.7272727272727273
9137,9794,참가/Noun,11,3,8,5.5574080248971876e-05,0.00011106421733046048,0.7272727272727273
9138,9795,승승장구/Noun,11,8,3,0.00011114816049794375,5.553210866523024e-05,0.7272727272727273
9139,9796,딥블루씨/Noun,11,3,8,5.5574080248971876e-05,0.00011106421733046048,0.7272727272727273
9140,9797,변경/Noun,11,3,8,5.5574080248971876e-05,0.00011106421733046048,0.7272727272727273
9141,9798,유효하다/Adjective,11,8,3,0.00011114816049794375,5.553210866523024e-05,0.7272727272727273
9142,9799,고달프다/Adjective,11,8,3,0.00011114816049794375,5.553210866523024e-05,0.7272727272727273
9143,9800,대조/Noun,11,8,3,0.00011114816049794375,5.553210866523024e-05,0.7272727272727273
9144,9801,근친상간/Noun,11,3,8,5.5574080248971876e-05,0.00011106421733046048,0.7272727272727273
9145,9802,충전/Noun,11,3,8,5.5574080248971876e-05,0.00011106421733046048,0.7272727272727273
9146,9803,추리물/Noun,11,3,8,5.5574080248971876e-05,0.00011106421733046048,0.7272727272727273
9147,9804,지오/Noun,11,8,3,0.00011114816049794375,5.553210866523024e-05,0.7272727272727273
9148,9805,들것/Noun,11,3,8,5.5574080248971876e-05,0.00011106421733046048,0.7272727272727273
9149,9806,근처/Noun,11,8,3,0.00011114816049794375,5.553210866523024e-05,0.7272727272727273
9150,9807,쉬리/Noun,11,3,8,5.5574080248971876e-05,0.00011106421733046048,0.7272727272727273
9151,9808,건너다/Verb,11,3,8,5.5574080248971876e-05,0.00011106421733046048,0.7272727272727273
9152,9809,로리타/Noun,11,3,8,5.5574080248971876e-05,0.00011106421733046048,0.7272727272727273
9153,9810,감방/Noun,11,3,8,5.5574080248971876e-05,0.00011106421733046048,0.7272727272727273
9154,9811,쑈/Noun,11,3,8,5.5574080248971876e-05,0.00011106421733046048,0.7272727272727273
9155,9812,피라미드/Noun,11,3,8,5.5574080248971876e-05,0.00011106421733046048,0.7272727272727273
9156,9813,마사미/Noun,11,8,3,0.00011114816049794375,5.553210866523024e-05,0.7272727272727273
9157,9814,개차반/Noun,11,3,8,5.5574080248971876e-05,0.00011106421733046048,0.7272727272727273
9158,9815,하드코어/Noun,11,3,8,5.5574080248971876e-05,0.00011106421733046048,0.7272727272727273
9159,9816,계몽/Noun,11,8,3,0.00011114816049794375,5.553210866523024e-05,0.7272727272727273
9160,9817,고구마/Noun,11,8,3,0.00011114816049794375,5.553210866523024e-05,0.7272727272727273
9161,9818,뭐길/Noun,11,3,8,5.5574080248971876e-05,0.00011106421733046048,0.7272727272727273
9162,9819,왓츠/Noun,11,8,3,0.00011114816049794375,5.553210866523024e-05,0.7272727272727273
9163,9820,꿀잠/Noun,11,3,8,5.5574080248971876e-05,0.00011106421733046048,0.7272727272727273
9164,9821,경기도/Noun,11,8,3,0.00011114816049794375,5.553210866523024e-05,0.7272727272727273
9165,9822,여분/Noun,11,3,8,5.5574080248971876e-05,0.00011106421733046048,0.7272727272727273
9166,9823,연작/Noun,11,8,3,0.00011114816049794375,5.553210866523024e-05,0.7272727272727273
9167,9824,전인/Noun,11,8,3,0.00011114816049794375,5.553210866523024e-05,0.7272727272727273
9168,9825,수첩/Noun,11,3,8,5.5574080248971876e-05,0.00011106421733046048,0.7272727272727273
9169,9826,려원/Noun,11,8,3,0.00011114816049794375,5.553210866523024e-05,0.7272727272727273
9170,9827,나이틀리/Noun,11,8,3,0.00011114816049794375,5.553210866523024e-05,0.7272727272727273
9171,9828,외침/Noun,11,8,3,0.00011114816049794375,5.553210866523024e-05,0.7272727272727273
9172,9829,시력/Noun,11,3,8,5.5574080248971876e-05,0.00011106421733046048,0.7272727272727273
9173,9830,밀고/Noun,11,3,8,5.5574080248971876e-05,0.00011106421733046048,0.7272727272727273
9174,9831,졸지/Noun,11,3,8,5.5574080248971876e-05,0.00011106421733046048,0.7272727272727273
9175,9832,패틴슨/Noun,11,3,8,5.5574080248971876e-05,0.00011106421733046048,0.7272727272727273
9176,9833,영국영화/Noun,11,8,3,0.00011114816049794375,5.553210866523024e-05,0.7272727272727273
9177,9834,이자스민/Noun,11,3,8,5.5574080248971876e-05,0.00011106421733046048,0.7272727272727273
9178,9835,합성/Noun,11,3,8,5.5574080248971876e-05,0.00011106421733046048,0.7272727272727273
9179,9836,대루/Noun,11,3,8,5.5574080248971876e-05,0.00011106421733046048,0.7272727272727273
9180,9837,뿜었다/Noun,11,3,8,5.5574080248971876e-05,0.00011106421733046048,0.7272727272727273
9181,9838,뻣뻣하다/Adjective,11,3,8,5.5574080248971876e-05,0.00011106421733046048,0.7272727272727273
9182,9839,각시탈/Noun,11,8,3,0.00011114816049794375,5.553210866523024e-05,0.7272727272727273
9183,9840,500원/Number,11,3,8,5.5574080248971876e-05,0.00011106421733046048,0.7272727272727273
9184,9841,하염없이/Adverb,11,8,3,0.00011114816049794375,5.553210866523024e-05,0.7272727272727273
9185,9842,이태임/Noun,11,3,8,5.5574080248971876e-05,0.00011106421733046048,0.7272727272727273
9186,9843,엽/Noun,11,8,3,0.00011114816049794375,5.553210866523024e-05,0.7272727272727273
9187,9844,박은혜/Noun,11,3,8,5.5574080248971876e-05,0.00011106421733046048,0.7272727272727273
9188,9845,상하/Noun,11,3,8,5.5574080248971876e-05,0.00011106421733046048,0.7272727272727273
9189,9846,This/Alpha,11,8,3,0.00011114816049794375,5.553210866523024e-05,0.7272727272727273
9190,9847,히로스에/Noun,11,3,8,5.5574080248971876e-05,0.00011106421733046048,0.7272727272727273
9191,9848,양은/Noun,11,3,8,5.5574080248971876e-05,0.00011106421733046048,0.7272727272727273
9192,9849,자서전/Noun,11,3,8,5.5574080248971876e-05,0.00011106421733046048,0.7272727272727273
9193,9850,고이/Noun,11,3,8,5.5574080248971876e-05,0.00011106421733046048,0.7272727272727273
9194,9851,콱/Noun,11,3,8,5.5574080248971876e-05,0.00011106421733046048,0.7272727272727273
9195,9852,이중인격/Noun,11,3,8,5.5574080248971876e-05,0.00011106421733046048,0.7272727272727273
9196,9853,허공/Noun,11,3,8,5.5574080248971876e-05,0.00011106421733046048,0.7272727272727273
9197,9854,임요환/Noun,11,3,8,5.5574080248971876e-05,0.00011106421733046048,0.7272727272727273
9198,9855,스리/Noun,11,8,3,0.00011114816049794375,5.553210866523024e-05,0.7272727272727273
9199,9856,가레스/Noun,11,3,8,5.5574080248971876e-05,0.00011106421733046048,0.7272727272727273
9200,9857,트렁크/Noun,11,3,8,5.5574080248971876e-05,0.00011106421733046048,0.7272727272727273
9201,9858,골든타임/Noun,11,3,8,5.5574080248971876e-05,0.00011106421733046048,0.7272727272727273
9202,9859,얼간이/Noun,11,3,8,5.5574080248971876e-05,0.00011106421733046048,0.7272727272727273
9203,9860,씩/Foreign,11,3,8,5.5574080248971876e-05,0.00011106421733046048,0.7272727272727273
9204,9861,섭섭하다/Adjective,11,8,3,0.00011114816049794375,5.553210866523024e-05,0.7272727272727273
9205,9862,여타/Noun,11,8,3,0.00011114816049794375,5.553210866523024e-05,0.7272727272727273
9206,9863,효율/Noun,11,3,8,5.5574080248971876e-05,0.00011106421733046048,0.7272727272727273
9207,9864,미처/Noun,11,8,3,0.00011114816049794375,5.553210866523024e-05,0.7272727272727273
9208,9865,하울/Noun,11,8,3,0.00011114816049794375,5.553210866523024e-05,0.7272727272727273
9209,9866,애처롭다/Adjective,11,8,3,0.00011114816049794375,5.553210866523024e-05,0.7272727272727273
9210,9867,꼬띠/Noun,11,8,3,0.00011114816049794375,5.553210866523024e-05,0.7272727272727273
9211,9868,숭배/Noun,11,3,8,5.5574080248971876e-05,0.00011106421733046048,0.7272727272727273
9212,9869,비키/Noun,11,3,8,5.5574080248971876e-05,0.00011106421733046048,0.7272727272727273
9213,9870,꾼/Noun,11,8,3,0.00011114816049794375,5.553210866523024e-05,0.7272727272727273
9214,9871,열망/Noun,11,8,3,0.00011114816049794375,5.553210866523024e-05,0.7272727272727273
9215,9872,추적자/Noun,11,8,3,0.00011114816049794375,5.553210866523024e-05,0.7272727272727273
9216,9873,또래/Noun,11,8,3,0.00011114816049794375,5.553210866523024e-05,0.7272727272727273
9217,9874,원장/Noun,11,3,8,5.5574080248971876e-05,0.00011106421733046048,0.7272727272727273
9218,9875,빙/Noun,11,3,8,5.5574080248971876e-05,0.00011106421733046048,0.7272727272727273
9219,9876,지식인/Noun,11,8,3,0.00011114816049794375,5.553210866523024e-05,0.7272727272727273
9220,9877,정수/Noun,11,8,3,0.00011114816049794375,5.553210866523024e-05,0.7272727272727273
9221,9878,미치광이/Noun,11,3,8,5.5574080248971876e-05,0.00011106421733046048,0.7272727272727273
9222,9879,쵸/VerbPrefix,11,8,3,0.00011114816049794375,5.553210866523024e-05,0.7272727272727273
9223,9880,화끈/Noun,11,8,3,0.00011114816049794375,5.553210866523024e-05,0.7272727272727273
9224,9881,증인/Noun,11,3,8,5.5574080248971876e-05,0.00011106421733046048,0.7272727272727273
9225,9882,악순환/Noun,11,8,3,0.00011114816049794375,5.553210866523024e-05,0.7272727272727273
9226,9883,최상급/Noun,11,8,3,0.00011114816049794375,5.553210866523024e-05,0.7272727272727273
9227,9884,유주/Noun,11,8,3,0.00011114816049794375,5.553210866523024e-05,0.7272727272727273
9228,9885,이제일/Noun,11,8,3,0.00011114816049794375,5.553210866523024e-05,0.7272727272727273
9229,9886,안심/Noun,11,8,3,0.00011114816049794375,5.553210866523024e-05,0.7272727272727273
9230,9887,쿵/Noun,11,8,3,0.00011114816049794375,5.553210866523024e-05,0.7272727272727273
9231,9888,고간/Noun,11,3,8,5.5574080248971876e-05,0.00011106421733046048,0.7272727272727273
9232,9889,김태우/Noun,11,8,3,0.00011114816049794375,5.553210866523024e-05,0.7272727272727273
9233,9890,이종혁/Noun,11,8,3,0.00011114816049794375,5.553210866523024e-05,0.7272727272727273
9234,9891,서른/Modifier,11,8,3,0.00011114816049794375,5.553210866523024e-05,0.7272727272727273
9235,9892,아이거/Noun,11,7,4,0.0001000333444481494,6.663853039827628e-05,0.6363636363636364
9236,9893,골드버그/Noun,11,7,4,0.0001000333444481494,6.663853039827628e-05,0.6363636363636364
9237,9894,명함/Noun,11,7,4,0.0001000333444481494,6.663853039827628e-05,0.6363636363636364
9238,9895,껌/Noun,11,7,4,0.0001000333444481494,6.663853039827628e-05,0.6363636363636364
9239,9896,쪼개다/Verb,11,4,7,6.668889629876625e-05,9.995779559741441e-05,0.6363636363636364
9240,9897,1997년/Number,11,7,4,0.0001000333444481494,6.663853039827628e-05,0.6363636363636364
9241,9898,차오르다/Verb,11,7,4,0.0001000333444481494,6.663853039827628e-05,0.6363636363636364
9242,9899,겟/Noun,11,4,7,6.668889629876625e-05,9.995779559741441e-05,0.6363636363636364
9243,9900,감수/Noun,11,4,7,6.668889629876625e-05,9.995779559741441e-05,0.6363636363636364
9244,9901,득/Noun,11,4,7,6.668889629876625e-05,9.995779559741441e-05,0.6363636363636364
9245,9902,이지훈/Noun,11,4,7,6.668889629876625e-05,9.995779559741441e-05,0.6363636363636364
9246,9903,었/Noun,11,7,4,0.0001000333444481494,6.663853039827628e-05,0.6363636363636364
9247,9904,출중하다/Adjective,11,7,4,0.0001000333444481494,6.663853039827628e-05,0.6363636363636364
9248,9905,견줄만/Noun,11,7,4,0.0001000333444481494,6.663853039827628e-05,0.6363636363636364
9249,9906,비감/Noun,11,4,7,6.668889629876625e-05,9.995779559741441e-05,0.6363636363636364
9250,9907,건네다/Verb,11,7,4,0.0001000333444481494,6.663853039827628e-05,0.6363636363636364
9251,9908,정지/Noun,11,7,4,0.0001000333444481494,6.663853039827628e-05,0.6363636363636364
9252,9909,임무/Noun,11,4,7,6.668889629876625e-05,9.995779559741441e-05,0.6363636363636364
9253,9910,산트/Noun,11,7,4,0.0001000333444481494,6.663853039827628e-05,0.6363636363636364
9254,9911,열등감/Noun,11,4,7,6.668889629876625e-05,9.995779559741441e-05,0.6363636363636364
9255,9912,헛점/Noun,11,4,7,6.668889629876625e-05,9.995779559741441e-05,0.6363636363636364
9256,9913,솔솔/Noun,11,4,7,6.668889629876625e-05,9.995779559741441e-05,0.6363636363636364
9257,9914,천장/Noun,11,7,4,0.0001000333444481494,6.663853039827628e-05,0.6363636363636364
9258,9915,우치/Noun,11,7,4,0.0001000333444481494,6.663853039827628e-05,0.6363636363636364
9259,9916,화비/Noun,11,4,7,6.668889629876625e-05,9.995779559741441e-05,0.6363636363636364
9260,9917,뚱뚱하다/Adjective,11,4,7,6.668889629876625e-05,9.995779559741441e-05,0.6363636363636364
9261,9918,본드걸/Noun,11,7,4,0.0001000333444481494,6.663853039827628e-05,0.6363636363636364
9262,9919,집시/Noun,11,7,4,0.0001000333444481494,6.663853039827628e-05,0.6363636363636364
9263,9920,퀄러티/Noun,11,7,4,0.0001000333444481494,6.663853039827628e-05,0.6363636363636364
9264,9921,분열/Noun,11,4,7,6.668889629876625e-05,9.995779559741441e-05,0.6363636363636364
9265,9922,후우/Exclamation,11,4,7,6.668889629876625e-05,9.995779559741441e-05,0.6363636363636364
9266,9923,배창호/Noun,11,7,4,0.0001000333444481494,6.663853039827628e-05,0.6363636363636364
9267,9924,팝송/Noun,11,4,7,6.668889629876625e-05,9.995779559741441e-05,0.6363636363636364
9268,9925,열악하다/Adjective,11,4,7,6.668889629876625e-05,9.995779559741441e-05,0.6363636363636364
9269,9926,악랄하다/Adjective,11,7,4,0.0001000333444481494,6.663853039827628e-05,0.6363636363636364
9270,9927,오멘/Noun,11,7,4,0.0001000333444481494,6.663853039827628e-05,0.6363636363636364
9271,9928,머시/Noun,11,7,4,0.0001000333444481494,6.663853039827628e-05,0.6363636363636364
9272,9929,열광/Noun,11,7,4,0.0001000333444481494,6.663853039827628e-05,0.6363636363636364
9273,9930,아보/Noun,11,4,7,6.668889629876625e-05,9.995779559741441e-05,0.6363636363636364
9274,9931,숨기/Noun,11,4,7,6.668889629876625e-05,9.995779559741441e-05,0.6363636363636364
9275,9932,퍼/PreEomi,11,4,7,6.668889629876625e-05,9.995779559741441e-05,0.6363636363636364
9276,9933,러쉬/Noun,11,7,4,0.0001000333444481494,6.663853039827628e-05,0.6363636363636364
9277,9934,반올림/Noun,11,4,7,6.668889629876625e-05,9.995779559741441e-05,0.6363636363636364
9278,9935,이하고/Josa,11,4,7,6.668889629876625e-05,9.995779559741441e-05,0.6363636363636364
9279,9936,종자/Noun,11,4,7,6.668889629876625e-05,9.995779559741441e-05,0.6363636363636364
9280,9937,더구나/Noun,11,4,7,6.668889629876625e-05,9.995779559741441e-05,0.6363636363636364
9281,9938,톰슨/Noun,11,7,4,0.0001000333444481494,6.663853039827628e-05,0.6363636363636364
9282,9939,사이드/Noun,11,7,4,0.0001000333444481494,6.663853039827628e-05,0.6363636363636364
9283,9940,가트/Noun,11,7,4,0.0001000333444481494,6.663853039827628e-05,0.6363636363636364
9284,9941,일제시대/Noun,11,7,4,0.0001000333444481494,6.663853039827628e-05,0.6363636363636364
9285,9942,씨부리다/Verb,11,4,7,6.668889629876625e-05,9.995779559741441e-05,0.6363636363636364
9286,9943,다리다/Verb,11,4,7,6.668889629876625e-05,9.995779559741441e-05,0.6363636363636364
9287,9944,총각/Noun,11,4,7,6.668889629876625e-05,9.995779559741441e-05,0.6363636363636364
9288,9945,자서/Noun,11,4,7,6.668889629876625e-05,9.995779559741441e-05,0.6363636363636364
9289,9946,쿄코/Noun,11,4,7,6.668889629876625e-05,9.995779559741441e-05,0.6363636363636364
9290,9947,롤러코스터/Noun,11,7,4,0.0001000333444481494,6.663853039827628e-05,0.6363636363636364
9291,9948,세영/Noun,11,4,7,6.668889629876625e-05,9.995779559741441e-05,0.6363636363636364
9292,9949,호수/Noun,11,7,4,0.0001000333444481494,6.663853039827628e-05,0.6363636363636364
9293,9950,장고/Noun,11,7,4,0.0001000333444481494,6.663853039827628e-05,0.6363636363636364
9294,9951,간장/Noun,11,4,7,6.668889629876625e-05,9.995779559741441e-05,0.6363636363636364
9295,9952,으로서는/Josa,11,4,7,6.668889629876625e-05,9.995779559741441e-05,0.6363636363636364
9296,9953,수상작/Noun,11,7,4,0.0001000333444481494,6.663853039827628e-05,0.6363636363636364
9297,9954,거북이/Noun,11,7,4,0.0001000333444481494,6.663853039827628e-05,0.6363636363636364
9298,9955,맨오브스틸/Noun,11,4,7,6.668889629876625e-05,9.995779559741441e-05,0.6363636363636364
9299,9956,매니저/Noun,11,4,7,6.668889629876625e-05,9.995779559741441e-05,0.6363636363636364
9300,9957,김일성/Noun,11,4,7,6.668889629876625e-05,9.995779559741441e-05,0.6363636363636364
9301,9958,ㄲ/KoreanParticle,11,4,7,6.668889629876625e-05,9.995779559741441e-05,0.6363636363636364
9302,9959,앓다/Verb,11,7,4,0.0001000333444481494,6.663853039827628e-05,0.6363636363636364
9303,9960,퍼시픽림/Noun,11,4,7,6.668889629876625e-05,9.995779559741441e-05,0.6363636363636364
9304,9961,전원/Noun,11,4,7,6.668889629876625e-05,9.995779559741441e-05,0.6363636363636364
9305,9962,샤넬/Noun,11,4,7,6.668889629876625e-05,9.995779559741441e-05,0.6363636363636364
9306,9963,60분/Number,11,4,7,6.668889629876625e-05,9.995779559741441e-05,0.6363636363636364
9307,9964,심혜진/Noun,11,4,7,6.668889629876625e-05,9.995779559741441e-05,0.6363636363636364
9308,9965,제기/Noun,11,4,7,6.668889629876625e-05,9.995779559741441e-05,0.6363636363636364
9309,9966,도우/Noun,11,7,4,0.0001000333444481494,6.663853039827628e-05,0.6363636363636364
9310,9967,에두/Noun,11,4,7,6.668889629876625e-05,9.995779559741441e-05,0.6363636363636364
9311,9968,스트/Noun,11,4,7,6.668889629876625e-05,9.995779559741441e-05,0.6363636363636364
9312,9969,창고/Noun,11,4,7,6.668889629876625e-05,9.995779559741441e-05,0.6363636363636364
9313,9970,도심/Noun,11,7,4,0.0001000333444481494,6.663853039827628e-05,0.6363636363636364
9314,9971,메가폰/Noun,11,4,7,6.668889629876625e-05,9.995779559741441e-05,0.6363636363636364
9315,9972,카밀라/Noun,11,4,7,6.668889629876625e-05,9.995779559741441e-05,0.6363636363636364
9316,9973,계승/Noun,11,7,4,0.0001000333444481494,6.663853039827628e-05,0.6363636363636364
9317,9974,김새론/Noun,11,7,4,0.0001000333444481494,6.663853039827628e-05,0.6363636363636364
9318,9975,한지혜/Noun,11,7,4,0.0001000333444481494,6.663853039827628e-05,0.6363636363636364
9319,9976,부도/Noun,11,7,4,0.0001000333444481494,6.663853039827628e-05,0.6363636363636364
9320,9977,아아/Exclamation,11,4,7,6.668889629876625e-05,9.995779559741441e-05,0.6363636363636364
9321,9978,민정/Noun,11,4,7,6.668889629876625e-05,9.995779559741441e-05,0.6363636363636364
9322,9979,만발/Noun,11,4,7,6.668889629876625e-05,9.995779559741441e-05,0.6363636363636364
9323,9980,82년/Number,11,7,4,0.0001000333444481494,6.663853039827628e-05,0.6363636363636364
9324,9981,모가지/Noun,11,4,7,6.668889629876625e-05,9.995779559741441e-05,0.6363636363636364
9325,9982,왼쪽/Noun,11,4,7,6.668889629876625e-05,9.995779559741441e-05,0.6363636363636364
9326,9983,트랩/Noun,11,4,7,6.668889629876625e-05,9.995779559741441e-05,0.6363636363636364
9327,9984,맹인/Noun,11,7,4,0.0001000333444481494,6.663853039827628e-05,0.6363636363636364
9328,9985,보완/Noun,11,4,7,6.668889629876625e-05,9.995779559741441e-05,0.6363636363636364
9329,9986,거인/Noun,11,4,7,6.668889629876625e-05,9.995779559741441e-05,0.6363636363636364
9330,9987,포세이돈/Noun,11,7,4,0.0001000333444481494,6.663853039827628e-05,0.6363636363636364
9331,9988,마감/Noun,11,4,7,6.668889629876625e-05,9.995779559741441e-05,0.6363636363636364
9332,9989,캐나다/Noun,11,4,7,6.668889629876625e-05,9.995779559741441e-05,0.6363636363636364
9333,9990,코멘트/Noun,11,7,4,0.0001000333444481494,6.663853039827628e-05,0.6363636363636364
9334,9991,오라/Noun,11,4,7,6.668889629876625e-05,9.995779559741441e-05,0.6363636363636364
9335,9992,현혹/Noun,11,4,7,6.668889629876625e-05,9.995779559741441e-05,0.6363636363636364
9336,9993,부시다/Verb,11,4,7,6.668889629876625e-05,9.995779559741441e-05,0.6363636363636364
9337,9994,고니/Noun,11,7,4,0.0001000333444481494,6.663853039827628e-05,0.6363636363636364
9338,9995,설사/Noun,11,4,7,6.668889629876625e-05,9.995779559741441e-05,0.6363636363636364
9339,9996,토로/Noun,11,7,4,0.0001000333444481494,6.663853039827628e-05,0.6363636363636364
9340,9997,****)/Punctuation,11,7,4,0.0001000333444481494,6.663853039827628e-05,0.6363636363636364
9341,9998,일그러지다/Verb,11,7,4,0.0001000333444481494,6.663853039827628e-05,0.6363636363636364
9342,9999,성실하다/Adjective,11,4,7,6.668889629876625e-05,9.995779559741441e-05,0.6363636363636364
9343,10000,튼튼하다/Adjective,11,7,4,0.0001000333444481494,6.663853039827628e-05,0.6363636363636364
9344,10001,룬드/Noun,11,7,4,0.0001000333444481494,6.663853039827628e-05,0.6363636363636364
9345,10002,저하/Noun,11,4,7,6.668889629876625e-05,9.995779559741441e-05,0.6363636363636364
9346,10003,주소/Noun,11,7,4,0.0001000333444481494,6.663853039827628e-05,0.6363636363636364
9347,10004,괴물영화/Noun,11,7,4,0.0001000333444481494,6.663853039827628e-05,0.6363636363636364
9348,10005,빈자리/Noun,11,7,4,0.0001000333444481494,6.663853039827628e-05,0.6363636363636364
9349,10006,오도/Noun,11,7,4,0.0001000333444481494,6.663853039827628e-05,0.6363636363636364
9350,10007,마린/Noun,11,4,7,6.668889629876625e-05,9.995779559741441e-05,0.6363636363636364
9351,10008,뉘/Noun,11,4,7,6.668889629876625e-05,9.995779559741441e-05,0.6363636363636364
9352,10009,cctv/Alpha,11,4,7,6.668889629876625e-05,9.995779559741441e-05,0.6363636363636364
9353,10010,딸내미/Noun,11,4,7,6.668889629876625e-05,9.995779559741441e-05,0.6363636363636364
9354,10011,비견/Noun,11,7,4,0.0001000333444481494,6.663853039827628e-05,0.6363636363636364
9355,10012,우유/Noun,11,6,5,8.891852839835501e-05,7.774495213132233e-05,0.5454545454545454
9356,10013,4일/Number,11,6,5,8.891852839835501e-05,7.774495213132233e-05,0.5454545454545454
9357,10014,청불/Noun,11,5,6,7.780371234856063e-05,8.885137386436837e-05,0.5454545454545454
9358,10015,중사/Noun,11,5,6,7.780371234856063e-05,8.885137386436837e-05,0.5454545454545454
9359,10016,힐러/Noun,11,5,6,7.780371234856063e-05,8.885137386436837e-05,0.5454545454545454
9360,10017,윈/Noun,11,6,5,8.891852839835501e-05,7.774495213132233e-05,0.5454545454545454
9361,10018,비아/Noun,11,5,6,7.780371234856063e-05,8.885137386436837e-05,0.5454545454545454
9362,10019,컴플렉스/Noun,11,6,5,8.891852839835501e-05,7.774495213132233e-05,0.5454545454545454
9363,10020,적지/Noun,11,6,5,8.891852839835501e-05,7.774495213132233e-05,0.5454545454545454
9364,10021,투캅스/Noun,11,5,6,7.780371234856063e-05,8.885137386436837e-05,0.5454545454545454
9365,10022,데이비스/Noun,11,6,5,8.891852839835501e-05,7.774495213132233e-05,0.5454545454545454
9366,10023,어짜피/Adverb,11,5,6,7.780371234856063e-05,8.885137386436837e-05,0.5454545454545454
9367,10024,동작/Noun,11,6,5,8.891852839835501e-05,7.774495213132233e-05,0.5454545454545454
9368,10025,이재용/Noun,11,5,6,7.780371234856063e-05,8.885137386436837e-05,0.5454545454545454
9369,10026,코피/Noun,11,6,5,8.891852839835501e-05,7.774495213132233e-05,0.5454545454545454
9370,10027,우릴/Noun,11,6,5,8.891852839835501e-05,7.774495213132233e-05,0.5454545454545454
9371,10028,면적/Noun,11,5,6,7.780371234856063e-05,8.885137386436837e-05,0.5454545454545454
9372,10029,세얼간이/Noun,11,5,6,7.780371234856063e-05,8.885137386436837e-05,0.5454545454545454
9373,10030,흙/Noun,11,6,5,8.891852839835501e-05,7.774495213132233e-05,0.5454545454545454
9374,10031,..???/Punctuation,11,5,6,7.780371234856063e-05,8.885137386436837e-05,0.5454545454545454
9375,10032,차서/Noun,11,5,6,7.780371234856063e-05,8.885137386436837e-05,0.5454545454545454
9376,10033,에스/Noun,11,5,6,7.780371234856063e-05,8.885137386436837e-05,0.5454545454545454
9377,10034,룸메이트/Noun,11,5,6,7.780371234856063e-05,8.885137386436837e-05,0.5454545454545454
9378,10035,점안/Noun,11,6,5,8.891852839835501e-05,7.774495213132233e-05,0.5454545454545454
9379,10036,이하늬/Noun,11,6,5,8.891852839835501e-05,7.774495213132233e-05,0.5454545454545454
9380,10037,\/Punctuation,11,6,5,8.891852839835501e-05,7.774495213132233e-05,0.5454545454545454
9381,10038,이랬는데/Conjunction,11,5,6,7.780371234856063e-05,8.885137386436837e-05,0.5454545454545454
9382,10039,라붐/Noun,11,6,5,8.891852839835501e-05,7.774495213132233e-05,0.5454545454545454
9383,10040,확률/Noun,11,6,5,8.891852839835501e-05,7.774495213132233e-05,0.5454545454545454
9384,10041,아멘/Noun,11,5,6,7.780371234856063e-05,8.885137386436837e-05,0.5454545454545454
9385,10042,cf/Alpha,11,5,6,7.780371234856063e-05,8.885137386436837e-05,0.5454545454545454
9386,10043,간디/Noun,11,6,5,8.891852839835501e-05,7.774495213132233e-05,0.5454545454545454
9387,10044,각오/Noun,11,6,5,8.891852839835501e-05,7.774495213132233e-05,0.5454545454545454
9388,10045,누적/Noun,11,5,6,7.780371234856063e-05,8.885137386436837e-05,0.5454545454545454
9389,10046,허드슨/Noun,11,5,6,7.780371234856063e-05,8.885137386436837e-05,0.5454545454545454
9390,10047,!../Punctuation,11,5,6,7.780371234856063e-05,8.885137386436837e-05,0.5454545454545454
9391,10048,승천/Noun,11,6,5,8.891852839835501e-05,7.774495213132233e-05,0.5454545454545454
9392,10049,세인/Noun,11,5,6,7.780371234856063e-05,8.885137386436837e-05,0.5454545454545454
9393,10050,여행가/Noun,11,6,5,8.891852839835501e-05,7.774495213132233e-05,0.5454545454545454
9394,10051,큐브릭/Noun,11,6,5,8.891852839835501e-05,7.774495213132233e-05,0.5454545454545454
9395,10052,계륜미/Noun,11,5,6,7.780371234856063e-05,8.885137386436837e-05,0.5454545454545454
9396,10053,구한/Noun,11,6,5,8.891852839835501e-05,7.774495213132233e-05,0.5454545454545454
9397,10054,음침하다/Adjective,11,6,5,8.891852839835501e-05,7.774495213132233e-05,0.5454545454545454
9398,10055,7월/Number,11,5,6,7.780371234856063e-05,8.885137386436837e-05,0.5454545454545454
9399,10056,화류/Noun,11,5,6,7.780371234856063e-05,8.885137386436837e-05,0.5454545454545454
9400,10057,늑대소년/Noun,11,5,6,7.780371234856063e-05,8.885137386436837e-05,0.5454545454545454
9401,10058,특별출연/Noun,11,6,5,8.891852839835501e-05,7.774495213132233e-05,0.5454545454545454
9402,10059,중경삼림/Noun,11,6,5,8.891852839835501e-05,7.774495213132233e-05,0.5454545454545454
9403,10060,처키/Noun,11,6,5,8.891852839835501e-05,7.774495213132233e-05,0.5454545454545454
9404,10061,솔까말/Noun,11,5,6,7.780371234856063e-05,8.885137386436837e-05,0.5454545454545454
9405,10062,빗나가다/Verb,11,5,6,7.780371234856063e-05,8.885137386436837e-05,0.5454545454545454
9406,10063,부잣집/Noun,11,5,6,7.780371234856063e-05,8.885137386436837e-05,0.5454545454545454
9407,10064,제트/Noun,11,5,6,7.780371234856063e-05,8.885137386436837e-05,0.5454545454545454
9408,10065,야마다/Noun,11,6,5,8.891852839835501e-05,7.774495213132233e-05,0.5454545454545454
9409,10066,셧/Noun,11,5,6,7.780371234856063e-05,8.885137386436837e-05,0.5454545454545454
9410,10067,사토미/Noun,11,6,5,8.891852839835501e-05,7.774495213132233e-05,0.5454545454545454
9411,10068,학도/Noun,11,6,5,8.891852839835501e-05,7.774495213132233e-05,0.5454545454545454
9412,10069,에볼루션/Noun,11,6,5,8.891852839835501e-05,7.774495213132233e-05,0.5454545454545454
9413,10070,.~~/Punctuation,11,5,6,7.780371234856063e-05,8.885137386436837e-05,0.5454545454545454
9414,10071,러너/Noun,11,5,6,7.780371234856063e-05,8.885137386436837e-05,0.5454545454545454
9415,10072,로맨틱영화/Noun,11,6,5,8.891852839835501e-05,7.774495213132233e-05,0.5454545454545454
9416,10073,난뒤/Noun,11,6,5,8.891852839835501e-05,7.774495213132233e-05,0.5454545454545454
9417,10074,스완/Noun,11,6,5,8.891852839835501e-05,7.774495213132233e-05,0.5454545454545454
9418,10075,가/Foreign,11,6,5,8.891852839835501e-05,7.774495213132233e-05,0.5454545454545454
9419,10076,브라/Noun,11,6,5,8.891852839835501e-05,7.774495213132233e-05,0.5454545454545454
9420,10077,클로이/Noun,11,6,5,8.891852839835501e-05,7.774495213132233e-05,0.5454545454545454
9421,10078,빌딩/Noun,11,5,6,7.780371234856063e-05,8.885137386436837e-05,0.5454545454545454
9422,10079,공산주의/Noun,11,5,6,7.780371234856063e-05,8.885137386436837e-05,0.5454545454545454
9423,10080,깁슨/Noun,11,6,5,8.891852839835501e-05,7.774495213132233e-05,0.5454545454545454
9424,10081,럭/Noun,11,6,5,8.891852839835501e-05,7.774495213132233e-05,0.5454545454545454
9425,10082,보복/Noun,11,5,6,7.780371234856063e-05,8.885137386436837e-05,0.5454545454545454
9426,10083,아랍/Noun,11,6,5,8.891852839835501e-05,7.774495213132233e-05,0.5454545454545454
9427,10084,반란/Noun,11,6,5,8.891852839835501e-05,7.774495213132233e-05,0.5454545454545454
9428,10085,발버둥치다/Verb,11,6,5,8.891852839835501e-05,7.774495213132233e-05,0.5454545454545454
9429,10086,연우진/Noun,11,6,5,8.891852839835501e-05,7.774495213132233e-05,0.5454545454545454
9430,10087,엄지/Noun,11,6,5,8.891852839835501e-05,7.774495213132233e-05,0.5454545454545454
9431,10088,접속/Noun,11,5,6,7.780371234856063e-05,8.885137386436837e-05,0.5454545454545454
9432,10089,상세/Noun,11,5,6,7.780371234856063e-05,8.885137386436837e-05,0.5454545454545454
9433,10090,선조/Noun,11,5,6,7.780371234856063e-05,8.885137386436837e-05,0.5454545454545454
9434,10091,".,,/Punctuation",11,6,5,8.891852839835501e-05,7.774495213132233e-05,0.5454545454545454
9435,10092,소의/Noun,11,6,5,8.891852839835501e-05,7.774495213132233e-05,0.5454545454545454
9436,10093,조윤희/Noun,11,5,6,7.780371234856063e-05,8.885137386436837e-05,0.5454545454545454
9437,10094,어진/Noun,11,6,5,8.891852839835501e-05,7.774495213132233e-05,0.5454545454545454
9438,10095,플래툰/Noun,11,6,5,8.891852839835501e-05,7.774495213132233e-05,0.5454545454545454
9439,10096,슬링/Noun,11,6,5,8.891852839835501e-05,7.774495213132233e-05,0.5454545454545454
9440,10097,역습/Noun,11,5,6,7.780371234856063e-05,8.885137386436837e-05,0.5454545454545454
9441,10098,윤하/Noun,11,5,6,7.780371234856063e-05,8.885137386436837e-05,0.5454545454545454
9442,10099,모레/Noun,11,6,5,8.891852839835501e-05,7.774495213132233e-05,0.5454545454545454
9443,10100,열쇠/Noun,11,6,5,8.891852839835501e-05,7.774495213132233e-05,0.5454545454545454
9444,10101,조정석/Noun,11,6,5,8.891852839835501e-05,7.774495213132233e-05,0.5454545454545454
9445,10102,틀림/Noun,11,5,6,7.780371234856063e-05,8.885137386436837e-05,0.5454545454545454
9446,10103,군상/Noun,11,5,6,7.780371234856063e-05,8.885137386436837e-05,0.5454545454545454
9447,10104,vod/Alpha,11,5,6,7.780371234856063e-05,8.885137386436837e-05,0.5454545454545454
9448,10105,제타/Noun,11,6,5,8.891852839835501e-05,7.774495213132233e-05,0.5454545454545454
9449,10106,김민선/Noun,11,5,6,7.780371234856063e-05,8.885137386436837e-05,0.5454545454545454
9450,10107,와일드/Noun,11,5,6,7.780371234856063e-05,8.885137386436837e-05,0.5454545454545454
9451,10108,소유자/Noun,11,5,6,7.780371234856063e-05,8.885137386436837e-05,0.5454545454545454
9452,10109,송은채/Noun,11,5,6,7.780371234856063e-05,8.885137386436837e-05,0.5454545454545454
9453,10110,역전/Noun,11,6,5,8.891852839835501e-05,7.774495213132233e-05,0.5454545454545454
9454,10111,코스/Noun,11,6,5,8.891852839835501e-05,7.774495213132233e-05,0.5454545454545454
9455,10112,결단/Noun,11,5,6,7.780371234856063e-05,8.885137386436837e-05,0.5454545454545454
9456,10113,오른/Noun,11,6,5,8.891852839835501e-05,7.774495213132233e-05,0.5454545454545454
9457,10114,배타/Noun,11,6,5,8.891852839835501e-05,7.774495213132233e-05,0.5454545454545454
9458,10115,통통/Noun,11,6,5,8.891852839835501e-05,7.774495213132233e-05,0.5454545454545454
9459,10116,베스타/Noun,11,6,5,8.891852839835501e-05,7.774495213132233e-05,0.5454545454545454
9460,10117,난건/Noun,11,6,5,8.891852839835501e-05,7.774495213132233e-05,0.5454545454545454
9461,10118,빗대다/Verb,11,6,5,8.891852839835501e-05,7.774495213132233e-05,0.5454545454545454
9462,10119,지점/Noun,11,6,5,8.891852839835501e-05,7.774495213132233e-05,0.5454545454545454
9463,10120,유심/Noun,11,5,6,7.780371234856063e-05,8.885137386436837e-05,0.5454545454545454
9464,10121,델/Noun,11,6,5,8.891852839835501e-05,7.774495213132233e-05,0.5454545454545454
9465,10122,브라운관/Noun,11,5,6,7.780371234856063e-05,8.885137386436837e-05,0.5454545454545454
9466,10123,로스트/Noun,11,5,6,7.780371234856063e-05,8.885137386436837e-05,0.5454545454545454
9467,10124,다이나믹/Noun,11,6,5,8.891852839835501e-05,7.774495213132233e-05,0.5454545454545454
9468,10125,화학/Noun,11,5,6,7.780371234856063e-05,8.885137386436837e-05,0.5454545454545454
9469,10126,목록/Noun,11,6,5,8.891852839835501e-05,7.774495213132233e-05,0.5454545454545454
9470,10127,카메론디아즈/Noun,11,5,6,7.780371234856063e-05,8.885137386436837e-05,0.5454545454545454
9471,10128,추격씬/Noun,11,5,6,7.780371234856063e-05,8.885137386436837e-05,0.5454545454545454
9472,10129,결핍/Noun,11,6,5,8.891852839835501e-05,7.774495213132233e-05,0.5454545454545454
9473,10130,폴리스/Noun,11,6,5,8.891852839835501e-05,7.774495213132233e-05,0.5454545454545454
9474,10131,야기/Noun,11,6,5,8.891852839835501e-05,7.774495213132233e-05,0.5454545454545454
9475,10132,해방/Noun,11,6,5,8.891852839835501e-05,7.774495213132233e-05,0.5454545454545454
9476,10133,테스/Noun,11,5,6,7.780371234856063e-05,8.885137386436837e-05,0.5454545454545454
9477,10134,엄지원/Noun,11,6,5,8.891852839835501e-05,7.774495213132233e-05,0.5454545454545454
9478,10135,목격/Noun,11,6,5,8.891852839835501e-05,7.774495213132233e-05,0.5454545454545454
9479,10136,맴버/Noun,11,6,5,8.891852839835501e-05,7.774495213132233e-05,0.5454545454545454
9480,10137,떨치다/Verb,11,5,6,7.780371234856063e-05,8.885137386436837e-05,0.5454545454545454
9481,10138,연제욱/Noun,11,6,5,8.891852839835501e-05,7.774495213132233e-05,0.5454545454545454
9482,10139,불치/Noun,11,6,5,8.891852839835501e-05,7.774495213132233e-05,0.5454545454545454
9483,10140,손현주/Noun,11,6,5,8.891852839835501e-05,7.774495213132233e-05,0.5454545454545454
9484,10141,따갑다/Adjective,11,5,6,7.780371234856063e-05,8.885137386436837e-05,0.5454545454545454
9485,10142,떠다니다/Verb,11,6,5,8.891852839835501e-05,7.774495213132233e-05,0.5454545454545454
9486,10143,령/Noun,11,5,6,7.780371234856063e-05,8.885137386436837e-05,0.5454545454545454
9487,10144,들키다/Verb,11,6,5,8.891852839835501e-05,7.774495213132233e-05,0.5454545454545454
9488,10145,규모/Noun,11,5,6,7.780371234856063e-05,8.885137386436837e-05,0.5454545454545454
9489,10146,의젖/Noun,10,0,10,2.2229632099588756e-05,0.00013327706079655256,1.0
9490,10147,본전/Noun,10,0,10,2.2229632099588756e-05,0.00013327706079655256,1.0
9491,10148,forever/Alpha,10,10,0,0.0001333777925975325,2.2212843466092093e-05,1.0
9492,10149,로고/Noun,10,0,10,2.2229632099588756e-05,0.00013327706079655256,1.0
9493,10150,정겨운/Noun,10,10,0,0.0001333777925975325,2.2212843466092093e-05,1.0
9494,10151,검증/Noun,10,0,10,2.2229632099588756e-05,0.00013327706079655256,1.0
9495,10152,마틸다/Noun,10,10,0,0.0001333777925975325,2.2212843466092093e-05,1.0
9496,10153,주르륵/Noun,10,10,0,0.0001333777925975325,2.2212843466092093e-05,1.0
9497,10154,쟈니/Noun,10,10,0,0.0001333777925975325,2.2212843466092093e-05,1.0
9498,10155,소나/Noun,10,0,10,2.2229632099588756e-05,0.00013327706079655256,1.0
9499,10156,에스티/Noun,10,10,0,0.0001333777925975325,2.2212843466092093e-05,1.0
9500,10157,trash/Alpha,10,0,10,2.2229632099588756e-05,0.00013327706079655256,1.0
9501,10158,벅차오르다/Adjective,10,10,0,0.0001333777925975325,2.2212843466092093e-05,1.0
9502,10159,증발/Noun,10,0,10,2.2229632099588756e-05,0.00013327706079655256,1.0
9503,10160,제데로/Adverb,10,0,10,2.2229632099588756e-05,0.00013327706079655256,1.0
9504,10161,비디오영화/Noun,10,0,10,2.2229632099588756e-05,0.00013327706079655256,1.0
9505,10162,욱일승천기/Noun,10,0,10,2.2229632099588756e-05,0.00013327706079655256,1.0
9506,10163,베르세르크/Noun,10,10,0,0.0001333777925975325,2.2212843466092093e-05,1.0
9507,10164,미자/Noun,10,10,0,0.0001333777925975325,2.2212843466092093e-05,1.0
9508,10165,숨죽/Noun,10,10,0,0.0001333777925975325,2.2212843466092093e-05,1.0
9509,10166,안재욱/Noun,10,10,0,0.0001333777925975325,2.2212843466092093e-05,1.0
9510,10167,8.0/Number,10,10,0,0.0001333777925975325,2.2212843466092093e-05,1.0
9511,10168,아낌없다/Adjective,10,10,0,0.0001333777925975325,2.2212843466092093e-05,1.0
9512,10169,떡칠/Noun,10,0,10,2.2229632099588756e-05,0.00013327706079655256,1.0
9513,10170,부조화/Noun,10,0,10,2.2229632099588756e-05,0.00013327706079655256,1.0
9514,10171,great/Alpha,10,10,0,0.0001333777925975325,2.2212843466092093e-05,1.0
9515,10172,베끼기/Noun,10,0,10,2.2229632099588756e-05,0.00013327706079655256,1.0
9516,10173,마음씨/Noun,10,10,0,0.0001333777925975325,2.2212843466092093e-05,1.0
9517,10174,송희진/Noun,10,0,10,2.2229632099588756e-05,0.00013327706079655256,1.0
9518,10175,정선희/Noun,10,0,10,2.2229632099588756e-05,0.00013327706079655256,1.0
9519,10176,:-)/Punctuation,10,10,0,0.0001333777925975325,2.2212843466092093e-05,1.0
9520,10177,불체/Noun,10,0,10,2.2229632099588756e-05,0.00013327706079655256,1.0
9521,10178,집기/Noun,10,0,10,2.2229632099588756e-05,0.00013327706079655256,1.0
9522,10179,존멋/Noun,10,10,0,0.0001333777925975325,2.2212843466092093e-05,1.0
9523,10180,♥♥♥♥♥/Foreign,10,10,0,0.0001333777925975325,2.2212843466092093e-05,1.0
9524,10181,~!^^/Punctuation,10,10,0,0.0001333777925975325,2.2212843466092093e-05,1.0
9525,10182,생쇼/Noun,10,0,10,2.2229632099588756e-05,0.00013327706079655256,1.0
9526,10183,이지마/Noun,10,0,10,2.2229632099588756e-05,0.00013327706079655256,1.0
9527,10184,영문/Noun,10,0,10,2.2229632099588756e-05,0.00013327706079655256,1.0
9528,10185,차만/Noun,10,0,10,2.2229632099588756e-05,0.00013327706079655256,1.0
9529,10186,벡터맨/Noun,10,0,10,2.2229632099588756e-05,0.00013327706079655256,1.0
9530,10187,ㅗㅗㅗ/KoreanParticle,10,0,10,2.2229632099588756e-05,0.00013327706079655256,1.0
9531,10188,ㅠㅜㅠ/KoreanParticle,10,10,0,0.0001333777925975325,2.2212843466092093e-05,1.0
9532,10189,윤제균/Noun,10,0,10,2.2229632099588756e-05,0.00013327706079655256,1.0
9533,10190,우연찮/Noun,10,10,0,0.0001333777925975325,2.2212843466092093e-05,1.0
9534,10191,루비/Noun,10,1,9,3.334444814938313e-05,0.00012217063906350652,0.9
9535,10192,안면/Noun,10,1,9,3.334444814938313e-05,0.00012217063906350652,0.9
9536,10193,공사/Noun,10,1,9,3.334444814938313e-05,0.00012217063906350652,0.9
9537,10194,이기만/Noun,10,1,9,3.334444814938313e-05,0.00012217063906350652,0.9
9538,10195,하희라/Noun,10,1,9,3.334444814938313e-05,0.00012217063906350652,0.9
9539,10196,사살/Noun,10,1,9,3.334444814938313e-05,0.00012217063906350652,0.9
9540,10197,차도/Noun,10,1,9,3.334444814938313e-05,0.00012217063906350652,0.9
9541,10198,맘속/Noun,10,9,1,0.00012226297654773814,3.331926519913814e-05,0.9
9542,10199,고삐/Noun,10,1,9,3.334444814938313e-05,0.00012217063906350652,0.9
9543,10200,도용/Noun,10,1,9,3.334444814938313e-05,0.00012217063906350652,0.9
9544,10201,쉴드치다/Verb,10,1,9,3.334444814938313e-05,0.00012217063906350652,0.9
9545,10202,몰살/Noun,10,1,9,3.334444814938313e-05,0.00012217063906350652,0.9
9546,10203,모시/Noun,10,9,1,0.00012226297654773814,3.331926519913814e-05,0.9
9547,10204,이데올로기/Noun,10,9,1,0.00012226297654773814,3.331926519913814e-05,0.9
9548,10205,왈칵/Noun,10,9,1,0.00012226297654773814,3.331926519913814e-05,0.9
9549,10206,박서준/Noun,10,9,1,0.00012226297654773814,3.331926519913814e-05,0.9
9550,10207,익살스럽다/Adjective,10,9,1,0.00012226297654773814,3.331926519913814e-05,0.9
9551,10208,지민/Noun,10,9,1,0.00012226297654773814,3.331926519913814e-05,0.9
9552,10209,기획사/Noun,10,1,9,3.334444814938313e-05,0.00012217063906350652,0.9
9553,10210,대게/Noun,10,9,1,0.00012226297654773814,3.331926519913814e-05,0.9
9554,10211,하향/Noun,10,1,9,3.334444814938313e-05,0.00012217063906350652,0.9
9555,10212,0%/Number,10,1,9,3.334444814938313e-05,0.00012217063906350652,0.9
9556,10213,ㅜㅠㅠ/KoreanParticle,10,9,1,0.00012226297654773814,3.331926519913814e-05,0.9
9557,10214,엠/Noun,10,1,9,3.334444814938313e-05,0.00012217063906350652,0.9
9558,10215,...-_-;/Punctuation,10,1,9,3.334444814938313e-05,0.00012217063906350652,0.9
9559,10216,발단/Noun,10,1,9,3.334444814938313e-05,0.00012217063906350652,0.9
9560,10217,줏대/Noun,10,1,9,3.334444814938313e-05,0.00012217063906350652,0.9
9561,10218,비밥/Noun,10,9,1,0.00012226297654773814,3.331926519913814e-05,0.9
9562,10219,처분/Noun,10,1,9,3.334444814938313e-05,0.00012217063906350652,0.9
9563,10220,통렬/Noun,10,9,1,0.00012226297654773814,3.331926519913814e-05,0.9
9564,10221,지리멸렬하다/Adjective,10,1,9,3.334444814938313e-05,0.00012217063906350652,0.9
9565,10222,^^!/Punctuation,10,9,1,0.00012226297654773814,3.331926519913814e-05,0.9
9566,10223,2~3/Number,10,1,9,3.334444814938313e-05,0.00012217063906350652,0.9
9567,10224,그루지/Noun,10,1,9,3.334444814938313e-05,0.00012217063906350652,0.9
9568,10225,타지/Noun,10,9,1,0.00012226297654773814,3.331926519913814e-05,0.9
9569,10226,추잡/Noun,10,1,9,3.334444814938313e-05,0.00012217063906350652,0.9
9570,10227,사회생활/Noun,10,9,1,0.00012226297654773814,3.331926519913814e-05,0.9
9571,10228,120분/Number,10,1,9,3.334444814938313e-05,0.00012217063906350652,0.9
9572,10229,단서/Noun,10,1,9,3.334444814938313e-05,0.00012217063906350652,0.9
9573,10230,전주/Noun,10,9,1,0.00012226297654773814,3.331926519913814e-05,0.9
9574,10231,캐스퍼/Noun,10,9,1,0.00012226297654773814,3.331926519913814e-05,0.9
9575,10232,구제/Noun,10,1,9,3.334444814938313e-05,0.00012217063906350652,0.9
9576,10233,70%/Number,10,1,9,3.334444814938313e-05,0.00012217063906350652,0.9
9577,10234,처녀/Noun,10,1,9,3.334444814938313e-05,0.00012217063906350652,0.9
9578,10235,조만간/Noun,10,9,1,0.00012226297654773814,3.331926519913814e-05,0.9
9579,10236,장구/Noun,10,1,9,3.334444814938313e-05,0.00012217063906350652,0.9
9580,10237,육성/Noun,10,1,9,3.334444814938313e-05,0.00012217063906350652,0.9
9581,10238,개꿀/Noun,10,9,1,0.00012226297654773814,3.331926519913814e-05,0.9
9582,10239,스톰/Noun,10,1,9,3.334444814938313e-05,0.00012217063906350652,0.9
9583,10240,봣더/Noun,10,1,9,3.334444814938313e-05,0.00012217063906350652,0.9
9584,10241,공략/Noun,10,1,9,3.334444814938313e-05,0.00012217063906350652,0.9
9585,10242,개간/Noun,10,9,1,0.00012226297654773814,3.331926519913814e-05,0.9
9586,10243,딸년/Noun,10,1,9,3.334444814938313e-05,0.00012217063906350652,0.9
9587,10244,러블리/Noun,10,9,1,0.00012226297654773814,3.331926519913814e-05,0.9
9588,10245,구숙정/Noun,10,9,1,0.00012226297654773814,3.331926519913814e-05,0.9
9589,10246,레나/Noun,10,9,1,0.00012226297654773814,3.331926519913814e-05,0.9
9590,10247,자금/Noun,10,1,9,3.334444814938313e-05,0.00012217063906350652,0.9
9591,10248,！/Foreign,10,9,1,0.00012226297654773814,3.331926519913814e-05,0.9
9592,10249,단조/Noun,10,1,9,3.334444814938313e-05,0.00012217063906350652,0.9
9593,10250,결재/Noun,10,1,9,3.334444814938313e-05,0.00012217063906350652,0.9
9594,10251,다작/Noun,10,1,9,3.334444814938313e-05,0.00012217063906350652,0.9
9595,10252,하위/Noun,10,1,9,3.334444814938313e-05,0.00012217063906350652,0.9
9596,10253,메이퀸/Noun,10,9,1,0.00012226297654773814,3.331926519913814e-05,0.9
9597,10254,꿈틀/Noun,10,9,1,0.00012226297654773814,3.331926519913814e-05,0.9
9598,10255,백조/Noun,10,9,1,0.00012226297654773814,3.331926519913814e-05,0.9
9599,10256,존엄/Noun,10,9,1,0.00012226297654773814,3.331926519913814e-05,0.9
9600,10257,은지원/Noun,10,2,8,4.445926419917751e-05,0.00011106421733046048,0.8
9601,10258,대응/Noun,10,2,8,4.445926419917751e-05,0.00011106421733046048,0.8
9602,10259,성숙/Noun,10,8,2,0.00011114816049794375,4.4425686932184186e-05,0.8
9603,10260,키도/Noun,10,2,8,4.445926419917751e-05,0.00011106421733046048,0.8
9604,10261,일지매/Noun,10,8,2,0.00011114816049794375,4.4425686932184186e-05,0.8
9605,10262,위반/Noun,10,2,8,4.445926419917751e-05,0.00011106421733046048,0.8
9606,10263,전투력/Noun,10,2,8,4.445926419917751e-05,0.00011106421733046048,0.8
9607,10264,정해/Noun,10,2,8,4.445926419917751e-05,0.00011106421733046048,0.8
9608,10265,위장/Noun,10,2,8,4.445926419917751e-05,0.00011106421733046048,0.8
9609,10266,다모/Noun,10,8,2,0.00011114816049794375,4.4425686932184186e-05,0.8
9610,10267,J/Alpha,10,2,8,4.445926419917751e-05,0.00011106421733046048,0.8
9611,10268,자시/Noun,10,2,8,4.445926419917751e-05,0.00011106421733046048,0.8
9612,10269,매춘부/Noun,10,2,8,4.445926419917751e-05,0.00011106421733046048,0.8
9613,10270,ㅠㅜㅜ/KoreanParticle,10,8,2,0.00011114816049794375,4.4425686932184186e-05,0.8
9614,10271,!!~~/Punctuation,10,8,2,0.00011114816049794375,4.4425686932184186e-05,0.8
9615,10272,죄값/Noun,10,2,8,4.445926419917751e-05,0.00011106421733046048,0.8
9616,10273,사형수/Noun,10,2,8,4.445926419917751e-05,0.00011106421733046048,0.8
9617,10274,줄평/Noun,10,2,8,4.445926419917751e-05,0.00011106421733046048,0.8
9618,10275,퇴색/Noun,10,2,8,4.445926419917751e-05,0.00011106421733046048,0.8
9619,10276,카톡/Noun,10,2,8,4.445926419917751e-05,0.00011106421733046048,0.8
9620,10277,신경질/Noun,10,2,8,4.445926419917751e-05,0.00011106421733046048,0.8
9621,10278,조던/Noun,10,8,2,0.00011114816049794375,4.4425686932184186e-05,0.8
9622,10279,객/Noun,10,2,8,4.445926419917751e-05,0.00011106421733046048,0.8
9623,10280,홍은희/Noun,10,2,8,4.445926419917751e-05,0.00011106421733046048,0.8
9624,10281,한다해/Noun,10,2,8,4.445926419917751e-05,0.00011106421733046048,0.8
9625,10282,개그콘서트/Noun,10,2,8,4.445926419917751e-05,0.00011106421733046048,0.8
9626,10283,구태의연하다/Adjective,10,2,8,4.445926419917751e-05,0.00011106421733046048,0.8
9627,10284,구두/Noun,10,8,2,0.00011114816049794375,4.4425686932184186e-05,0.8
9628,10285,박희순/Noun,10,8,2,0.00011114816049794375,4.4425686932184186e-05,0.8
9629,10286,무분별/Noun,10,2,8,4.445926419917751e-05,0.00011106421733046048,0.8
9630,10287,리즈중/Noun,10,8,2,0.00011114816049794375,4.4425686932184186e-05,0.8
9631,10288,유전/Noun,10,8,2,0.00011114816049794375,4.4425686932184186e-05,0.8
9632,10289,송재림/Noun,10,8,2,0.00011114816049794375,4.4425686932184186e-05,0.8
9633,10290,명탐정코난/Noun,10,8,2,0.00011114816049794375,4.4425686932184186e-05,0.8
9634,10291,집합소/Noun,10,2,8,4.445926419917751e-05,0.00011106421733046048,0.8
9635,10292,평면/Noun,10,2,8,4.445926419917751e-05,0.00011106421733046048,0.8
9636,10293,느닷없다/Adjective,10,2,8,4.445926419917751e-05,0.00011106421733046048,0.8
9637,10294,빠리/Noun,10,2,8,4.445926419917751e-05,0.00011106421733046048,0.8
9638,10295,과격하다/Adjective,10,2,8,4.445926419917751e-05,0.00011106421733046048,0.8
9639,10296,희생양/Noun,10,2,8,4.445926419917751e-05,0.00011106421733046048,0.8
9640,10297,짤/Suffix,10,2,8,4.445926419917751e-05,0.00011106421733046048,0.8
9641,10298,맞짱/Noun,10,2,8,4.445926419917751e-05,0.00011106421733046048,0.8
9642,10299,고시/Noun,10,2,8,4.445926419917751e-05,0.00011106421733046048,0.8
9643,10300,구시대/Noun,10,2,8,4.445926419917751e-05,0.00011106421733046048,0.8
9644,10301,코스모스/Noun,10,8,2,0.00011114816049794375,4.4425686932184186e-05,0.8
9645,10302,낌/Noun,10,8,2,0.00011114816049794375,4.4425686932184186e-05,0.8
9646,10303,가해/Noun,10,2,8,4.445926419917751e-05,0.00011106421733046048,0.8
9647,10304,찐빵/Noun,10,2,8,4.445926419917751e-05,0.00011106421733046048,0.8
9648,10305,뮤지션/Noun,10,8,2,0.00011114816049794375,4.4425686932184186e-05,0.8
9649,10306,이덕화/Noun,10,8,2,0.00011114816049794375,4.4425686932184186e-05,0.8
9650,10307,달기/Noun,10,2,8,4.445926419917751e-05,0.00011106421733046048,0.8
9651,10308,뚱땡이/Noun,10,2,8,4.445926419917751e-05,0.00011106421733046048,0.8
9652,10309,날짜/Noun,10,2,8,4.445926419917751e-05,0.00011106421733046048,0.8
9653,10310,with/Alpha,10,8,2,0.00011114816049794375,4.4425686932184186e-05,0.8
9654,10311,왜그러지/Noun,10,8,2,0.00011114816049794375,4.4425686932184186e-05,0.8
9655,10312,지휘/Noun,10,8,2,0.00011114816049794375,4.4425686932184186e-05,0.8
9656,10313,공이/Noun,10,2,8,4.445926419917751e-05,0.00011106421733046048,0.8
9657,10314,구만/Eomi,10,2,8,4.445926419917751e-05,0.00011106421733046048,0.8
9658,10315,계보/Noun,10,2,8,4.445926419917751e-05,0.00011106421733046048,0.8
9659,10316,퇴화/Noun,10,2,8,4.445926419917751e-05,0.00011106421733046048,0.8
9660,10317,김갑수/Noun,10,8,2,0.00011114816049794375,4.4425686932184186e-05,0.8
9661,10318,족하/Noun,10,2,8,4.445926419917751e-05,0.00011106421733046048,0.8
9662,10319,현수/Noun,10,2,8,4.445926419917751e-05,0.00011106421733046048,0.8
9663,10320,Top/Alpha,10,8,2,0.00011114816049794375,4.4425686932184186e-05,0.8
9664,10321,우파/Noun,10,8,2,0.00011114816049794375,4.4425686932184186e-05,0.8
9665,10322,ktx/Alpha,10,2,8,4.445926419917751e-05,0.00011106421733046048,0.8
9666,10323,거론/Noun,10,2,8,4.445926419917751e-05,0.00011106421733046048,0.8
9667,10324,IMDB/Alpha,10,2,8,4.445926419917751e-05,0.00011106421733046048,0.8
9668,10325,골로/Noun,10,2,8,4.445926419917751e-05,0.00011106421733046048,0.8
9669,10326,1000만/Number,10,2,8,4.445926419917751e-05,0.00011106421733046048,0.8
9670,10327,치욕/Noun,10,2,8,4.445926419917751e-05,0.00011106421733046048,0.8
9671,10328,개개인/Noun,10,8,2,0.00011114816049794375,4.4425686932184186e-05,0.8
9672,10329,에코/Noun,10,2,8,4.445926419917751e-05,0.00011106421733046048,0.8
9673,10330,재연배우/Noun,10,2,8,4.445926419917751e-05,0.00011106421733046048,0.8
9674,10331,8회/Number,10,8,2,0.00011114816049794375,4.4425686932184186e-05,0.8
9675,10332,개신교/Noun,10,2,8,4.445926419917751e-05,0.00011106421733046048,0.8
9676,10333,미아/Noun,10,8,2,0.00011114816049794375,4.4425686932184186e-05,0.8
9677,10334,낙하산/Noun,10,2,8,4.445926419917751e-05,0.00011106421733046048,0.8
9678,10335,중국사람/Noun,10,2,8,4.445926419917751e-05,0.00011106421733046048,0.8
9679,10336,로보트/Noun,10,2,8,4.445926419917751e-05,0.00011106421733046048,0.8
9680,10337,장관/Noun,10,8,2,0.00011114816049794375,4.4425686932184186e-05,0.8
9681,10338,썻/Noun,10,2,8,4.445926419917751e-05,0.00011106421733046048,0.8
9682,10339,대식/Foreign,10,2,8,4.445926419917751e-05,0.00011106421733046048,0.8
9683,10340,끈질기다/Adjective,10,8,2,0.00011114816049794375,4.4425686932184186e-05,0.8
9684,10341,방귀/Noun,10,2,8,4.445926419917751e-05,0.00011106421733046048,0.8
9685,10342,치즈/Noun,10,8,2,0.00011114816049794375,4.4425686932184186e-05,0.8
9686,10343,피에르/Noun,10,8,2,0.00011114816049794375,4.4425686932184186e-05,0.8
9687,10344,왕창/Noun,10,2,8,4.445926419917751e-05,0.00011106421733046048,0.8
9688,10345,클리/Noun,10,2,8,4.445926419917751e-05,0.00011106421733046048,0.8
9689,10346,개멋/Noun,10,8,2,0.00011114816049794375,4.4425686932184186e-05,0.8
9690,10347,쭈쭈/Noun,10,2,8,4.445926419917751e-05,0.00011106421733046048,0.8
9691,10348,26/Number,10,8,2,0.00011114816049794375,4.4425686932184186e-05,0.8
9692,10349,드라마스페셜/Noun,10,2,8,4.445926419917751e-05,0.00011106421733046048,0.8
9693,10350,추측/Noun,10,8,2,0.00011114816049794375,4.4425686932184186e-05,0.8
9694,10351,폭팔/Noun,10,8,2,0.00011114816049794375,4.4425686932184186e-05,0.8
9695,10352,쥐뿔/Noun,10,2,8,4.445926419917751e-05,0.00011106421733046048,0.8
9696,10353,데미/Noun,10,2,8,4.445926419917751e-05,0.00011106421733046048,0.8
9697,10354,테두리/Noun,10,2,8,4.445926419917751e-05,0.00011106421733046048,0.8
9698,10355,건방지다/Adjective,10,2,8,4.445926419917751e-05,0.00011106421733046048,0.8
9699,10356,♡♡♡♡/Foreign,10,8,2,0.00011114816049794375,4.4425686932184186e-05,0.8
9700,10357,부다/Noun,10,2,8,4.445926419917751e-05,0.00011106421733046048,0.8
9701,10358,질풍/Noun,10,8,2,0.00011114816049794375,4.4425686932184186e-05,0.8
9702,10359,동포/Noun,10,8,2,0.00011114816049794375,4.4425686932184186e-05,0.8
9703,10360,따라다니다/Verb,10,2,8,4.445926419917751e-05,0.00011106421733046048,0.8
9704,10361,전무하다/Adjective,10,2,8,4.445926419917751e-05,0.00011106421733046048,0.8
9705,10362,과유/Noun,10,2,8,4.445926419917751e-05,0.00011106421733046048,0.8
9706,10363,자의식/Noun,10,2,8,4.445926419917751e-05,0.00011106421733046048,0.8
9707,10364,합창/Noun,10,8,2,0.00011114816049794375,4.4425686932184186e-05,0.8
9708,10365,위태/Noun,10,8,2,0.00011114816049794375,4.4425686932184186e-05,0.8
9709,10366,이슬/Noun,10,8,2,0.00011114816049794375,4.4425686932184186e-05,0.8
9710,10367,튀어/Noun,10,2,8,4.445926419917751e-05,0.00011106421733046048,0.8
9711,10368,순박하다/Adjective,10,8,2,0.00011114816049794375,4.4425686932184186e-05,0.8
9712,10369,쩍/Noun,10,2,8,4.445926419917751e-05,0.00011106421733046048,0.8
9713,10370,슈트/Noun,10,3,7,5.5574080248971876e-05,9.995779559741441e-05,0.7
9714,10371,정선경/Noun,10,3,7,5.5574080248971876e-05,9.995779559741441e-05,0.7
9715,10372,통과/Noun,10,7,3,0.0001000333444481494,5.553210866523024e-05,0.7
9716,10373,웃음소리/Noun,10,3,7,5.5574080248971876e-05,9.995779559741441e-05,0.7
9717,10374,댜/Noun,10,7,3,0.0001000333444481494,5.553210866523024e-05,0.7
9718,10375,고귀하다/Adjective,10,7,3,0.0001000333444481494,5.553210866523024e-05,0.7
9719,10376,촌티/Noun,10,3,7,5.5574080248971876e-05,9.995779559741441e-05,0.7
9720,10377,파이어/Noun,10,7,3,0.0001000333444481494,5.553210866523024e-05,0.7
9721,10378,김정태/Noun,10,7,3,0.0001000333444481494,5.553210866523024e-05,0.7
9722,10379,파업/Noun,10,3,7,5.5574080248971876e-05,9.995779559741441e-05,0.7
9723,10380,월터/Noun,10,7,3,0.0001000333444481494,5.553210866523024e-05,0.7
9724,10381,가드/Noun,10,3,7,5.5574080248971876e-05,9.995779559741441e-05,0.7
9725,10382,패션왕/Noun,10,3,7,5.5574080248971876e-05,9.995779559741441e-05,0.7
9726,10383,킨/Noun,10,7,3,0.0001000333444481494,5.553210866523024e-05,0.7
9727,10384,니드/Noun,10,7,3,0.0001000333444481494,5.553210866523024e-05,0.7
9728,10385,미신/Noun,10,3,7,5.5574080248971876e-05,9.995779559741441e-05,0.7
9729,10386,김석훈/Noun,10,3,7,5.5574080248971876e-05,9.995779559741441e-05,0.7
9730,10387,실재/Noun,10,7,3,0.0001000333444481494,5.553210866523024e-05,0.7
9731,10388,부작용/Noun,10,3,7,5.5574080248971876e-05,9.995779559741441e-05,0.7
9732,10389,베닝/Noun,10,7,3,0.0001000333444481494,5.553210866523024e-05,0.7
9733,10390,백수/Noun,10,3,7,5.5574080248971876e-05,9.995779559741441e-05,0.7
9734,10391,네러티브/Noun,10,3,7,5.5574080248971876e-05,9.995779559741441e-05,0.7
9735,10392,정신분열증/Noun,10,3,7,5.5574080248971876e-05,9.995779559741441e-05,0.7
9736,10393,신의한수/Noun,10,7,3,0.0001000333444481494,5.553210866523024e-05,0.7
9737,10394,옥상/Noun,10,7,3,0.0001000333444481494,5.553210866523024e-05,0.7
9738,10395,노조미/Noun,10,7,3,0.0001000333444481494,5.553210866523024e-05,0.7
9739,10396,day/Alpha,10,7,3,0.0001000333444481494,5.553210866523024e-05,0.7
9740,10397,헤치다/Verb,10,7,3,0.0001000333444481494,5.553210866523024e-05,0.7
9741,10398,모양새/Noun,10,3,7,5.5574080248971876e-05,9.995779559741441e-05,0.7
9742,10399,자평/Noun,10,3,7,5.5574080248971876e-05,9.995779559741441e-05,0.7
9743,10400,잦다/Verb,10,3,7,5.5574080248971876e-05,9.995779559741441e-05,0.7
9744,10401,딧/Noun,10,7,3,0.0001000333444481494,5.553210866523024e-05,0.7
9745,10402,??../Punctuation,10,3,7,5.5574080248971876e-05,9.995779559741441e-05,0.7
9746,10403,롯/Noun,10,7,3,0.0001000333444481494,5.553210866523024e-05,0.7
9747,10404,이성민/Noun,10,7,3,0.0001000333444481494,5.553210866523024e-05,0.7
9748,10405,1.5/Number,10,3,7,5.5574080248971876e-05,9.995779559741441e-05,0.7
9749,10406,마우스/Noun,10,3,7,5.5574080248971876e-05,9.995779559741441e-05,0.7
9750,10407,닥터후/Noun,10,7,3,0.0001000333444481494,5.553210866523024e-05,0.7
9751,10408,갈리/Noun,10,7,3,0.0001000333444481494,5.553210866523024e-05,0.7
9752,10409,시온/Noun,10,7,3,0.0001000333444481494,5.553210866523024e-05,0.7
9753,10410,점퍼/Noun,10,3,7,5.5574080248971876e-05,9.995779559741441e-05,0.7
9754,10411,연정훈/Noun,10,7,3,0.0001000333444481494,5.553210866523024e-05,0.7
9755,10412,명목/Noun,10,3,7,5.5574080248971876e-05,9.995779559741441e-05,0.7
9756,10413,하의/Noun,10,3,7,5.5574080248971876e-05,9.995779559741441e-05,0.7
9757,10414,듯해/Noun,10,7,3,0.0001000333444481494,5.553210866523024e-05,0.7
9758,10415,군단/Noun,10,3,7,5.5574080248971876e-05,9.995779559741441e-05,0.7
9759,10416,조성하/Noun,10,3,7,5.5574080248971876e-05,9.995779559741441e-05,0.7
9760,10417,과학자/Noun,10,3,7,5.5574080248971876e-05,9.995779559741441e-05,0.7
9761,10418,all/Alpha,10,7,3,0.0001000333444481494,5.553210866523024e-05,0.7
9762,10419,행세/Noun,10,3,7,5.5574080248971876e-05,9.995779559741441e-05,0.7
9763,10420,실어/Noun,10,7,3,0.0001000333444481494,5.553210866523024e-05,0.7
9764,10421,말세/Noun,10,3,7,5.5574080248971876e-05,9.995779559741441e-05,0.7
9765,10422,이산/Noun,10,3,7,5.5574080248971876e-05,9.995779559741441e-05,0.7
9766,10423,.-/Punctuation,10,3,7,5.5574080248971876e-05,9.995779559741441e-05,0.7
9767,10424,북극/Noun,10,7,3,0.0001000333444481494,5.553210866523024e-05,0.7
9768,10425,불상/Noun,10,3,7,5.5574080248971876e-05,9.995779559741441e-05,0.7
9769,10426,달랑/Noun,10,3,7,5.5574080248971876e-05,9.995779559741441e-05,0.7
9770,10427,은교/Noun,10,3,7,5.5574080248971876e-05,9.995779559741441e-05,0.7
9771,10428,헤어스타일/Noun,10,3,7,5.5574080248971876e-05,9.995779559741441e-05,0.7
9772,10429,램버트/Noun,10,7,3,0.0001000333444481494,5.553210866523024e-05,0.7
9773,10430,쌩/Noun,10,3,7,5.5574080248971876e-05,9.995779559741441e-05,0.7
9774,10431,투혼/Noun,10,3,7,5.5574080248971876e-05,9.995779559741441e-05,0.7
9775,10432,로고/Josa,10,3,7,5.5574080248971876e-05,9.995779559741441e-05,0.7
9776,10433,그래비티/Noun,10,7,3,0.0001000333444481494,5.553210866523024e-05,0.7
9777,10434,격추/Noun,10,3,7,5.5574080248971876e-05,9.995779559741441e-05,0.7
9778,10435,불쌍타/Noun,10,3,7,5.5574080248971876e-05,9.995779559741441e-05,0.7
9779,10436,률/Noun,10,3,7,5.5574080248971876e-05,9.995779559741441e-05,0.7
9780,10437,비장하다/Adjective,10,7,3,0.0001000333444481494,5.553210866523024e-05,0.7
9781,10438,임마/Noun,10,3,7,5.5574080248971876e-05,9.995779559741441e-05,0.7
9782,10439,12월/Number,10,7,3,0.0001000333444481494,5.553210866523024e-05,0.7
9783,10440,징징/Noun,10,3,7,5.5574080248971876e-05,9.995779559741441e-05,0.7
9784,10441,공권력/Noun,10,7,3,0.0001000333444481494,5.553210866523024e-05,0.7
9785,10442,쪼/Noun,10,7,3,0.0001000333444481494,5.553210866523024e-05,0.7
9786,10443,죵/Noun,10,3,7,5.5574080248971876e-05,9.995779559741441e-05,0.7
9787,10444,일수록/Josa,10,3,7,5.5574080248971876e-05,9.995779559741441e-05,0.7
9788,10445,모텔/Noun,10,3,7,5.5574080248971876e-05,9.995779559741441e-05,0.7
9789,10446,잠재우다/Verb,10,3,7,5.5574080248971876e-05,9.995779559741441e-05,0.7
9790,10447,분신/Noun,10,3,7,5.5574080248971876e-05,9.995779559741441e-05,0.7
9791,10448,기생/Noun,10,3,7,5.5574080248971876e-05,9.995779559741441e-05,0.7
9792,10449,인가가/Josa,10,7,3,0.0001000333444481494,5.553210866523024e-05,0.7
9793,10450,볼륨/Noun,10,3,7,5.5574080248971876e-05,9.995779559741441e-05,0.7
9794,10451,로구나/Josa,10,3,7,5.5574080248971876e-05,9.995779559741441e-05,0.7
9795,10452,해서웨이/Noun,10,7,3,0.0001000333444481494,5.553210866523024e-05,0.7
9796,10453,초원/Noun,10,7,3,0.0001000333444481494,5.553210866523024e-05,0.7
9797,10454,자괴/Noun,10,3,7,5.5574080248971876e-05,9.995779559741441e-05,0.7
9798,10455,매진/Noun,10,7,3,0.0001000333444481494,5.553210866523024e-05,0.7
9799,10456,상호/Noun,10,7,3,0.0001000333444481494,5.553210866523024e-05,0.7
9800,10457,스타크래프트/Noun,10,7,3,0.0001000333444481494,5.553210866523024e-05,0.7
9801,10458,시각장애인/Noun,10,7,3,0.0001000333444481494,5.553210866523024e-05,0.7
9802,10459,인원/Noun,10,3,7,5.5574080248971876e-05,9.995779559741441e-05,0.7
9803,10460,격렬하다/Adjective,10,7,3,0.0001000333444481494,5.553210866523024e-05,0.7
9804,10461,허수아비/Noun,10,3,7,5.5574080248971876e-05,9.995779559741441e-05,0.7
9805,10462,스칼렛요한슨/Noun,10,7,3,0.0001000333444481494,5.553210866523024e-05,0.7
9806,10463,연도/Noun,10,7,3,0.0001000333444481494,5.553210866523024e-05,0.7
9807,10464,급격하다/Adjective,10,3,7,5.5574080248971876e-05,9.995779559741441e-05,0.7
9808,10465,물든/Noun,10,7,3,0.0001000333444481494,5.553210866523024e-05,0.7
9809,10466,리모컨/Noun,10,3,7,5.5574080248971876e-05,9.995779559741441e-05,0.7
9810,10467,비고/Noun,10,7,3,0.0001000333444481494,5.553210866523024e-05,0.7
9811,10468,one/Alpha,10,7,3,0.0001000333444481494,5.553210866523024e-05,0.7
9812,10469,서너/Modifier,10,7,3,0.0001000333444481494,5.553210866523024e-05,0.7
9813,10470,레아/Noun,10,7,3,0.0001000333444481494,5.553210866523024e-05,0.7
9814,10471,필리핀/Noun,10,3,7,5.5574080248971876e-05,9.995779559741441e-05,0.7
9815,10472,ET/Alpha,10,7,3,0.0001000333444481494,5.553210866523024e-05,0.7
9816,10473,비포/Noun,10,7,3,0.0001000333444481494,5.553210866523024e-05,0.7
9817,10474,오맹달/Noun,10,7,3,0.0001000333444481494,5.553210866523024e-05,0.7
9818,10475,좌익/Noun,10,3,7,5.5574080248971876e-05,9.995779559741441e-05,0.7
9819,10476,리브스/Noun,10,7,3,0.0001000333444481494,5.553210866523024e-05,0.7
9820,10477,덧글/Noun,10,3,7,5.5574080248971876e-05,9.995779559741441e-05,0.7
9821,10478,150/Number,10,3,7,5.5574080248971876e-05,9.995779559741441e-05,0.7
9822,10479,선호/Noun,10,7,3,0.0001000333444481494,5.553210866523024e-05,0.7
9823,10480,맞이/Noun,10,7,3,0.0001000333444481494,5.553210866523024e-05,0.7
9824,10481,방한/Noun,10,3,7,5.5574080248971876e-05,9.995779559741441e-05,0.7
9825,10482,크레이븐/Noun,10,7,3,0.0001000333444481494,5.553210866523024e-05,0.7
9826,10483,이효리/Noun,10,3,7,5.5574080248971876e-05,9.995779559741441e-05,0.7
9827,10484,자잘하다/Adjective,10,7,3,0.0001000333444481494,5.553210866523024e-05,0.7
9828,10485,방향성/Noun,10,3,7,5.5574080248971876e-05,9.995779559741441e-05,0.7
9829,10486,피스/Noun,10,7,3,0.0001000333444481494,5.553210866523024e-05,0.7
9830,10487,돌대가리/Noun,10,3,7,5.5574080248971876e-05,9.995779559741441e-05,0.7
9831,10488,의료/Noun,10,7,3,0.0001000333444481494,5.553210866523024e-05,0.7
9832,10489,실비/Noun,10,7,3,0.0001000333444481494,5.553210866523024e-05,0.7
9833,10490,코트/Noun,10,7,3,0.0001000333444481494,5.553210866523024e-05,0.7
9834,10491,지평/Noun,10,7,3,0.0001000333444481494,5.553210866523024e-05,0.7
9835,10492,ㆍ/Foreign,10,7,3,0.0001000333444481494,5.553210866523024e-05,0.7
9836,10493,로지/Noun,10,3,7,5.5574080248971876e-05,9.995779559741441e-05,0.7
9837,10494,열매/Noun,10,7,3,0.0001000333444481494,5.553210866523024e-05,0.7
9838,10495,안재모/Noun,10,7,3,0.0001000333444481494,5.553210866523024e-05,0.7
9839,10496,마츠코/Noun,10,3,7,5.5574080248971876e-05,9.995779559741441e-05,0.7
9840,10497,로페즈/Noun,10,3,7,5.5574080248971876e-05,9.995779559741441e-05,0.7
9841,10498,일일이/Noun,10,3,7,5.5574080248971876e-05,9.995779559741441e-05,0.7
9842,10499,배신자/Noun,10,3,7,5.5574080248971876e-05,9.995779559741441e-05,0.7
9843,10500,이주/Noun,10,7,3,0.0001000333444481494,5.553210866523024e-05,0.7
9844,10501,간판/Noun,10,3,7,5.5574080248971876e-05,9.995779559741441e-05,0.7
9845,10502,연애시대/Noun,10,7,3,0.0001000333444481494,5.553210866523024e-05,0.7
9846,10503,러브액츄얼리/Noun,10,7,3,0.0001000333444481494,5.553210866523024e-05,0.7
9847,10504,로비/Noun,10,3,7,5.5574080248971876e-05,9.995779559741441e-05,0.7
9848,10505,주드로/Noun,10,7,3,0.0001000333444481494,5.553210866523024e-05,0.7
9849,10506,히로인/Noun,10,3,7,5.5574080248971876e-05,9.995779559741441e-05,0.7
9850,10507,What/Alpha,10,3,7,5.5574080248971876e-05,9.995779559741441e-05,0.7
9851,10508,LA/Alpha,10,7,3,0.0001000333444481494,5.553210866523024e-05,0.7
9852,10509,박재정/Noun,10,3,7,5.5574080248971876e-05,9.995779559741441e-05,0.7
9853,10510,눈망울/Noun,10,7,3,0.0001000333444481494,5.553210866523024e-05,0.7
9854,10511,중국무협/Noun,10,3,7,5.5574080248971876e-05,9.995779559741441e-05,0.7
9855,10512,이용철/Noun,10,7,3,0.0001000333444481494,5.553210866523024e-05,0.7
9856,10513,포레스트검프/Noun,10,7,3,0.0001000333444481494,5.553210866523024e-05,0.7
9857,10514,정당성/Noun,10,3,7,5.5574080248971876e-05,9.995779559741441e-05,0.7
9858,10515,김신/Noun,10,3,7,5.5574080248971876e-05,9.995779559741441e-05,0.7
9859,10516,걔/Noun,10,3,7,5.5574080248971876e-05,9.995779559741441e-05,0.7
9860,10517,똥개/Noun,10,3,7,5.5574080248971876e-05,9.995779559741441e-05,0.7
9861,10518,아름/Noun,10,7,3,0.0001000333444481494,5.553210866523024e-05,0.7
9862,10519,개지/Noun,10,3,7,5.5574080248971876e-05,9.995779559741441e-05,0.7
9863,10520,'./Punctuation,10,7,3,0.0001000333444481494,5.553210866523024e-05,0.7
9864,10521,거고/Eomi,10,3,7,5.5574080248971876e-05,9.995779559741441e-05,0.7
9865,10522,떠나가다/Verb,10,7,3,0.0001000333444481494,5.553210866523024e-05,0.7
9866,10523,라오스/Noun,10,7,3,0.0001000333444481494,5.553210866523024e-05,0.7
9867,10524,공항/Noun,10,7,3,0.0001000333444481494,5.553210866523024e-05,0.7
9868,10525,아이엠/Noun,10,7,3,0.0001000333444481494,5.553210866523024e-05,0.7
9869,10526,더듬다/Verb,10,7,3,0.0001000333444481494,5.553210866523024e-05,0.7
9870,10527,깜빡/Noun,10,4,6,6.668889629876625e-05,8.885137386436837e-05,0.6
9871,10528,풍/Noun,10,4,6,6.668889629876625e-05,8.885137386436837e-05,0.6
9872,10529,김씨/Noun,10,4,6,6.668889629876625e-05,8.885137386436837e-05,0.6
9873,10530,좌석/Noun,10,4,6,6.668889629876625e-05,8.885137386436837e-05,0.6
9874,10531,바다로/Noun,10,4,6,6.668889629876625e-05,8.885137386436837e-05,0.6
9875,10532,가의/Noun,10,6,4,8.891852839835501e-05,6.663853039827628e-05,0.6
9876,10533,익스트림/Noun,10,4,6,6.668889629876625e-05,8.885137386436837e-05,0.6
9877,10534,익숙/Noun,10,6,4,8.891852839835501e-05,6.663853039827628e-05,0.6
9878,10535,멀어지다/Verb,10,4,6,6.668889629876625e-05,8.885137386436837e-05,0.6
9879,10536,막걸리/Noun,10,6,4,8.891852839835501e-05,6.663853039827628e-05,0.6
9880,10537,두산/Noun,10,6,4,8.891852839835501e-05,6.663853039827628e-05,0.6
9881,10538,소시오패스/Noun,10,4,6,6.668889629876625e-05,8.885137386436837e-05,0.6
9882,10539,김현중/Noun,10,4,6,6.668889629876625e-05,8.885137386436837e-05,0.6
9883,10540,베스트셀러/Noun,10,4,6,6.668889629876625e-05,8.885137386436837e-05,0.6
9884,10541,헛된/Noun,10,4,6,6.668889629876625e-05,8.885137386436837e-05,0.6
9885,10542,서두/Noun,10,4,6,6.668889629876625e-05,8.885137386436837e-05,0.6
9886,10543,세미/Noun,10,6,4,8.891852839835501e-05,6.663853039827628e-05,0.6
9887,10544,개구/Noun,10,4,6,6.668889629876625e-05,8.885137386436837e-05,0.6
9888,10545,자단/Noun,10,6,4,8.891852839835501e-05,6.663853039827628e-05,0.6
9889,10546,수퍼맨/Noun,10,6,4,8.891852839835501e-05,6.663853039827628e-05,0.6
9890,10547,1:1/Number,10,4,6,6.668889629876625e-05,8.885137386436837e-05,0.6
9891,10548,묵묵하다/Adjective,10,6,4,8.891852839835501e-05,6.663853039827628e-05,0.6
9892,10549,붓다/Verb,10,6,4,8.891852839835501e-05,6.663853039827628e-05,0.6
9893,10550,로또/Noun,10,4,6,6.668889629876625e-05,8.885137386436837e-05,0.6
9894,10551,코치/Noun,10,4,6,6.668889629876625e-05,8.885137386436837e-05,0.6
9895,10552,보험/Noun,10,6,4,8.891852839835501e-05,6.663853039827628e-05,0.6
9896,10553,블런트/Noun,10,6,4,8.891852839835501e-05,6.663853039827628e-05,0.6
9897,10554,메멘토/Noun,10,6,4,8.891852839835501e-05,6.663853039827628e-05,0.6
9898,10555,ㅏㅇ/KoreanParticle,10,6,4,8.891852839835501e-05,6.663853039827628e-05,0.6
9899,10556,번영/Noun,10,6,4,8.891852839835501e-05,6.663853039827628e-05,0.6
9900,10557,헐리우드영화/Noun,10,6,4,8.891852839835501e-05,6.663853039827628e-05,0.6
9901,10558,천배/Noun,10,6,4,8.891852839835501e-05,6.663853039827628e-05,0.6
9902,10559,제품/Noun,10,4,6,6.668889629876625e-05,8.885137386436837e-05,0.6
9903,10560,김소은/Noun,10,6,4,8.891852839835501e-05,6.663853039827628e-05,0.6
9904,10561,총잡이/Noun,10,4,6,6.668889629876625e-05,8.885137386436837e-05,0.6
9905,10562,침착하다/Adjective,10,6,4,8.891852839835501e-05,6.663853039827628e-05,0.6
9906,10563,마트/Noun,10,4,6,6.668889629876625e-05,8.885137386436837e-05,0.6
9907,10564,snl/Alpha,10,4,6,6.668889629876625e-05,8.885137386436837e-05,0.6
9908,10565,공통점/Noun,10,4,6,6.668889629876625e-05,8.885137386436837e-05,0.6
9909,10566,육감/Noun,10,4,6,6.668889629876625e-05,8.885137386436837e-05,0.6
9910,10567,칸타빌레/Noun,10,6,4,8.891852839835501e-05,6.663853039827628e-05,0.6
9911,10568,터치/Noun,10,6,4,8.891852839835501e-05,6.663853039827628e-05,0.6
9912,10569,블랙홀/Noun,10,6,4,8.891852839835501e-05,6.663853039827628e-05,0.6
9913,10570,해골/Noun,10,4,6,6.668889629876625e-05,8.885137386436837e-05,0.6
9914,10571,복제인간/Noun,10,6,4,8.891852839835501e-05,6.663853039827628e-05,0.6
9915,10572,30초/Number,10,4,6,6.668889629876625e-05,8.885137386436837e-05,0.6
9916,10573,매직/Noun,10,4,6,6.668889629876625e-05,8.885137386436837e-05,0.6
9917,10574,상일/Noun,10,4,6,6.668889629876625e-05,8.885137386436837e-05,0.6
9918,10575,3.14/Number,10,4,6,6.668889629876625e-05,8.885137386436837e-05,0.6
9919,10576,**/Punctuation,10,6,4,8.891852839835501e-05,6.663853039827628e-05,0.6
9920,10577,백야/Noun,10,4,6,6.668889629876625e-05,8.885137386436837e-05,0.6
9921,10578,단비/Noun,10,6,4,8.891852839835501e-05,6.663853039827628e-05,0.6
9922,10579,배리/Noun,10,4,6,6.668889629876625e-05,8.885137386436837e-05,0.6
9923,10580,패널/Noun,10,4,6,6.668889629876625e-05,8.885137386436837e-05,0.6
9924,10581,올리버스톤/Noun,10,6,4,8.891852839835501e-05,6.663853039827628e-05,0.6
9925,10582,한경직/Noun,10,4,6,6.668889629876625e-05,8.885137386436837e-05,0.6
9926,10583,신사/Noun,10,4,6,6.668889629876625e-05,8.885137386436837e-05,0.6
9927,10584,부끄러움/Noun,10,4,6,6.668889629876625e-05,8.885137386436837e-05,0.6
9928,10585,격감/Noun,10,6,4,8.891852839835501e-05,6.663853039827628e-05,0.6
9929,10586,자장가/Noun,10,4,6,6.668889629876625e-05,8.885137386436837e-05,0.6
9930,10587,...???/Punctuation,10,6,4,8.891852839835501e-05,6.663853039827628e-05,0.6
9931,10588,핵폭탄/Noun,10,4,6,6.668889629876625e-05,8.885137386436837e-05,0.6
9932,10589,진입/Noun,10,4,6,6.668889629876625e-05,8.885137386436837e-05,0.6
9933,10590,투명인간/Noun,10,4,6,6.668889629876625e-05,8.885137386436837e-05,0.6
9934,10591,기만/Modifier,10,4,6,6.668889629876625e-05,8.885137386436837e-05,0.6
9935,10592,1월/Number,10,6,4,8.891852839835501e-05,6.663853039827628e-05,0.6
9936,10593,유희왕/Noun,10,4,6,6.668889629876625e-05,8.885137386436837e-05,0.6
9937,10594,예견/Noun,10,6,4,8.891852839835501e-05,6.663853039827628e-05,0.6
9938,10595,프라임/Noun,10,6,4,8.891852839835501e-05,6.663853039827628e-05,0.6
9939,10596,부숴/Noun,10,4,6,6.668889629876625e-05,8.885137386436837e-05,0.6
9940,10597,실시간/Noun,10,6,4,8.891852839835501e-05,6.663853039827628e-05,0.6
9941,10598,딴다/Adjective,10,6,4,8.891852839835501e-05,6.663853039827628e-05,0.6
9942,10599,트롤/Noun,10,6,4,8.891852839835501e-05,6.663853039827628e-05,0.6
9943,10600,참사/Noun,10,4,6,6.668889629876625e-05,8.885137386436837e-05,0.6
9944,10601,허상/Noun,10,4,6,6.668889629876625e-05,8.885137386436837e-05,0.6
9945,10602,이민자/Noun,10,6,4,8.891852839835501e-05,6.663853039827628e-05,0.6
9946,10603,프로필/Noun,10,4,6,6.668889629876625e-05,8.885137386436837e-05,0.6
9947,10604,도어/Noun,10,6,4,8.891852839835501e-05,6.663853039827628e-05,0.6
9948,10605,피자/Noun,10,4,6,6.668889629876625e-05,8.885137386436837e-05,0.6
9949,10606,이두/Noun,10,4,6,6.668889629876625e-05,8.885137386436837e-05,0.6
9950,10607,이자나/Josa,10,4,6,6.668889629876625e-05,8.885137386436837e-05,0.6
9951,10608,여리다/Adjective,10,4,6,6.668889629876625e-05,8.885137386436837e-05,0.6
9952,10609,??!!/Punctuation,10,4,6,6.668889629876625e-05,8.885137386436837e-05,0.6
9953,10610,언더월드/Noun,10,4,6,6.668889629876625e-05,8.885137386436837e-05,0.6
9954,10611,쿵푸허슬/Noun,10,6,4,8.891852839835501e-05,6.663853039827628e-05,0.6
9955,10612,비정하다/Adjective,10,6,4,8.891852839835501e-05,6.663853039827628e-05,0.6
9956,10613,순애보/Noun,10,6,4,8.891852839835501e-05,6.663853039827628e-05,0.6
9957,10614,관용/Noun,10,4,6,6.668889629876625e-05,8.885137386436837e-05,0.6
9958,10615,교복/Noun,10,6,4,8.891852839835501e-05,6.663853039827628e-05,0.6
9959,10616,텔/Noun,10,4,6,6.668889629876625e-05,8.885137386436837e-05,0.6
9960,10617,나단/Noun,10,6,4,8.891852839835501e-05,6.663853039827628e-05,0.6
9961,10618,전남편/Noun,10,4,6,6.668889629876625e-05,8.885137386436837e-05,0.6
9962,10619,김유정/Noun,10,4,6,6.668889629876625e-05,8.885137386436837e-05,0.6
9963,10620,ㅜㅡ/KoreanParticle,10,4,6,6.668889629876625e-05,8.885137386436837e-05,0.6
9964,10621,인구/Noun,10,4,6,6.668889629876625e-05,8.885137386436837e-05,0.6
9965,10622,날아오다/Verb,10,4,6,6.668889629876625e-05,8.885137386436837e-05,0.6
9966,10623,5위안/Number,10,6,4,8.891852839835501e-05,6.663853039827628e-05,0.6
9967,10624,척도/Noun,10,4,6,6.668889629876625e-05,8.885137386436837e-05,0.6
9968,10625,자수/Noun,10,6,4,8.891852839835501e-05,6.663853039827628e-05,0.6
9969,10626,임펙트/Noun,10,6,4,8.891852839835501e-05,6.663853039827628e-05,0.6
9970,10627,기점/Noun,10,6,4,8.891852839835501e-05,6.663853039827628e-05,0.6
9971,10628,수리/Noun,10,4,6,6.668889629876625e-05,8.885137386436837e-05,0.6
9972,10629,복지/Noun,10,6,4,8.891852839835501e-05,6.663853039827628e-05,0.6
9973,10630,장도/Noun,10,4,6,6.668889629876625e-05,8.885137386436837e-05,0.6
9974,10631,탈옥/Noun,10,6,4,8.891852839835501e-05,6.663853039827628e-05,0.6
9975,10632,장병/Noun,10,4,6,6.668889629876625e-05,8.885137386436837e-05,0.6
9976,10633,카사노바/Noun,10,6,4,8.891852839835501e-05,6.663853039827628e-05,0.6
9977,10634,홈즈/Noun,10,6,4,8.891852839835501e-05,6.663853039827628e-05,0.6
9978,10635,내뱉다/Verb,10,4,6,6.668889629876625e-05,8.885137386436837e-05,0.6
9979,10636,도그빌/Noun,10,6,4,8.891852839835501e-05,6.663853039827628e-05,0.6
9980,10637,제타존스/Noun,10,4,6,6.668889629876625e-05,8.885137386436837e-05,0.6
9981,10638,이다해/Noun,10,6,4,8.891852839835501e-05,6.663853039827628e-05,0.6
9982,10639,몽롱/Noun,10,6,4,8.891852839835501e-05,6.663853039827628e-05,0.6
9983,10640,끈기/Noun,10,4,6,6.668889629876625e-05,8.885137386436837e-05,0.6
9984,10641,느긋하다/Adjective,10,4,6,6.668889629876625e-05,8.885137386436837e-05,0.6
9985,10642,박해진/Noun,10,6,4,8.891852839835501e-05,6.663853039827628e-05,0.6
9986,10643,카톨릭/Noun,10,4,6,6.668889629876625e-05,8.885137386436837e-05,0.6
9987,10644,여섯/Determiner,10,6,4,8.891852839835501e-05,6.663853039827628e-05,0.6
9988,10645,꽃님/Noun,10,4,6,6.668889629876625e-05,8.885137386436837e-05,0.6
9989,10646,은색/Noun,10,6,4,8.891852839835501e-05,6.663853039827628e-05,0.6
9990,10647,숟가락/Noun,10,4,6,6.668889629876625e-05,8.885137386436837e-05,0.6
9991,10648,5일/Number,10,6,4,8.891852839835501e-05,6.663853039827628e-05,0.6
9992,10649,도보/Noun,10,6,4,8.891852839835501e-05,6.663853039827628e-05,0.6
9993,10650,피아니스트/Noun,10,4,6,6.668889629876625e-05,8.885137386436837e-05,0.6
9994,10651,아영/Noun,10,6,4,8.891852839835501e-05,6.663853039827628e-05,0.6
9995,10652,MB/Alpha,10,6,4,8.891852839835501e-05,6.663853039827628e-05,0.6
9996,10653,탈북자/Noun,10,4,6,6.668889629876625e-05,8.885137386436837e-05,0.6
9997,10654,다중인격/Noun,10,4,6,6.668889629876625e-05,8.885137386436837e-05,0.6
9998,10655,이방인/Noun,10,6,4,8.891852839835501e-05,6.663853039827628e-05,0.6
9999,10656,실리다/Verb,10,6,4,8.891852839835501e-05,6.663853039827628e-05,0.6
10000,10657,김영애/Noun,10,6,4,8.891852839835501e-05,6.663853039827628e-05,0.6
10001,10658,풀풀/Adverb,10,4,6,6.668889629876625e-05,8.885137386436837e-05,0.6
10002,10659,하늘나라/Noun,10,6,4,8.891852839835501e-05,6.663853039827628e-05,0.6
10003,10660,슈퍼주니어/Noun,10,6,4,8.891852839835501e-05,6.663853039827628e-05,0.6
10004,10661,유세윤/Noun,10,4,6,6.668889629876625e-05,8.885137386436837e-05,0.6
10005,10662,내레이션/Noun,10,4,6,6.668889629876625e-05,8.885137386436837e-05,0.6
10006,10663,드라이브/Noun,10,4,6,6.668889629876625e-05,8.885137386436837e-05,0.6
10007,10664,하므다/Verb,10,4,6,6.668889629876625e-05,8.885137386436837e-05,0.6
10008,10665,챔프/Noun,10,4,6,6.668889629876625e-05,8.885137386436837e-05,0.6
10009,10666,백성/Noun,10,4,6,6.668889629876625e-05,8.885137386436837e-05,0.6
10010,10667,어바웃타임/Noun,10,6,4,8.891852839835501e-05,6.663853039827628e-05,0.6
10011,10668,하워드/Noun,10,6,4,8.891852839835501e-05,6.663853039827628e-05,0.6
10012,10669,3~4/Number,10,6,4,8.891852839835501e-05,6.663853039827628e-05,0.6
10013,10670,일본군/Noun,10,4,6,6.668889629876625e-05,8.885137386436837e-05,0.6
10014,10671,감칠맛/Noun,10,6,4,8.891852839835501e-05,6.663853039827628e-05,0.6
10015,10672,종교인/Noun,10,6,4,8.891852839835501e-05,6.663853039827628e-05,0.6
10016,10673,뻗다/Verb,10,6,4,8.891852839835501e-05,6.663853039827628e-05,0.6
10017,10674,원판/Noun,10,6,4,8.891852839835501e-05,6.663853039827628e-05,0.6
10018,10675,일침/Noun,10,6,4,8.891852839835501e-05,6.663853039827628e-05,0.6
10019,10676,UFO/Alpha,10,4,6,6.668889629876625e-05,8.885137386436837e-05,0.6
10020,10677,악하다/Adjective,10,4,6,6.668889629876625e-05,8.885137386436837e-05,0.6
10021,10678,소용/Noun,10,4,6,6.668889629876625e-05,8.885137386436837e-05,0.6
10022,10679,추종/Noun,10,6,4,8.891852839835501e-05,6.663853039827628e-05,0.6
10023,10680,사가다/Verb,10,4,6,6.668889629876625e-05,8.885137386436837e-05,0.6
10024,10681,야만/Noun,10,4,6,6.668889629876625e-05,8.885137386436837e-05,0.6
10025,10682,코리아/Noun,10,4,6,6.668889629876625e-05,8.885137386436837e-05,0.6
10026,10683,십자가/Noun,10,4,6,6.668889629876625e-05,8.885137386436837e-05,0.6
10027,10684,네네/Noun,10,4,6,6.668889629876625e-05,8.885137386436837e-05,0.6
10028,10685,룸/Noun,10,6,4,8.891852839835501e-05,6.663853039827628e-05,0.6
10029,10686,작용/Noun,10,6,4,8.891852839835501e-05,6.663853039827628e-05,0.6
10030,10687,대담하다/Adjective,10,6,4,8.891852839835501e-05,6.663853039827628e-05,0.6
10031,10688,두껍다/Adjective,10,4,6,6.668889629876625e-05,8.885137386436837e-05,0.6
10032,10689,지하실/Noun,10,6,4,8.891852839835501e-05,6.663853039827628e-05,0.6
10033,10690,정해진/Noun,10,6,4,8.891852839835501e-05,6.663853039827628e-05,0.6
10034,10691,랍니/Noun,10,6,4,8.891852839835501e-05,6.663853039827628e-05,0.6
10035,10692,찰/Noun,10,4,6,6.668889629876625e-05,8.885137386436837e-05,0.6
10036,10693,아이맥스/Noun,10,6,4,8.891852839835501e-05,6.663853039827628e-05,0.6
10037,10694,립/Noun,10,6,4,8.891852839835501e-05,6.663853039827628e-05,0.6
10038,10695,정지훈/Noun,10,6,4,8.891852839835501e-05,6.663853039827628e-05,0.6
10039,10696,내내/Foreign,10,6,4,8.891852839835501e-05,6.663853039827628e-05,0.6
10040,10697,숨바꼭질/Noun,10,4,6,6.668889629876625e-05,8.885137386436837e-05,0.6
10041,10698,",,./Punctuation",10,4,6,6.668889629876625e-05,8.885137386436837e-05,0.6
10042,10699,파이트/Noun,10,4,6,6.668889629876625e-05,8.885137386436837e-05,0.6
10043,10700,멍멍/Adverb,10,4,6,6.668889629876625e-05,8.885137386436837e-05,0.6
10044,10701,거늘/Noun,10,4,6,6.668889629876625e-05,8.885137386436837e-05,0.6
10045,10702,서투르다/Adjective,10,6,4,8.891852839835501e-05,6.663853039827628e-05,0.6
10046,10703,버무린/Noun,10,4,6,6.668889629876625e-05,8.885137386436837e-05,0.6
10047,10704,원더풀/Noun,10,6,4,8.891852839835501e-05,6.663853039827628e-05,0.6
10048,10705,아사/Noun,10,6,4,8.891852839835501e-05,6.663853039827628e-05,0.6
10049,10706,제거/Noun,10,6,4,8.891852839835501e-05,6.663853039827628e-05,0.6
10050,10707,명탐정/Noun,10,4,6,6.668889629876625e-05,8.885137386436837e-05,0.6
10051,10708,장끌/Noun,10,4,6,6.668889629876625e-05,8.885137386436837e-05,0.6
10052,10709,장화홍련/Noun,10,6,4,8.891852839835501e-05,6.663853039827628e-05,0.6
10053,10710,9.11/Number,10,6,4,8.891852839835501e-05,6.663853039827628e-05,0.6
10054,10711,순서/Noun,10,4,6,6.668889629876625e-05,8.885137386436837e-05,0.6
10055,10712,밀폐/Noun,10,6,4,8.891852839835501e-05,6.663853039827628e-05,0.6
10056,10713,일본드라마/Noun,10,6,4,8.891852839835501e-05,6.663853039827628e-05,0.6
10057,10714,엠마왓슨/Noun,10,4,6,6.668889629876625e-05,8.885137386436837e-05,0.6
