,Unnamed: 0,parameter,counts,counts_H,counts_NH,p_from_H,p_from_NH,priority
0,17,?/Punctuation,11319,3302,8017,0.036702754373874574,0.08904413888086722,0.7082781164413817
1,18,정말/Noun,10702,7082,3620,0.0787186270368806,0.04020703289868272,0.6617454681367969
2,24,!/Punctuation,8565,6415,2150,0.07130471511459885,0.023879867605571228,0.7489784004670169
3,28,만/Josa,7745,2412,5333,0.026810128270680036,0.05923317857698202,0.6885732730794061
4,32,최고/Noun,6671,6143,528,0.06828135073249894,0.005864451207321679,0.9208514465597362
5,34,왜/Noun,6247,2241,4006,0.024909410221639287,0.04449430215252016,0.6412678085481031
6,35,스토리/Noun,6075,2176,3899,0.02418691505679924,0.043305862229824285,0.6418106995884774
7,38,~/Punctuation,6003,4016,1987,0.04463908587688682,0.02206944043361397,0.6689988339163752
8,42,감동/Noun,5597,4442,1155,0.04937420803414623,0.012828487016016172,0.7936394497051992
9,45,1/Number,5284,1409,3875,0.015661472111686642,0.04303929626585512,0.7333459500378501
10,52,때/Noun,4940,3220,1720,0.03579129893515328,0.019103894084456983,0.6518218623481782
11,57,감독/Noun,4688,1515,3173,0.016839694995887337,0.03524224181975698,0.6768344709897611
12,60,내용/Noun,4529,1407,3122,0.01563924149123002,0.0346757891463225,0.6893353941267388
13,61,뭐/Noun,4491,831,3660,0.009236822799724341,0.040651309505298,0.8149632598530394
14,62,못/VerbPrefix,4418,1474,2944,0.016383967276526686,0.032698758246884514,0.666364870982345
15,63,그냥/Noun,4406,1187,3219,0.013193873241002156,0.03575315991736455,0.7305946436677259
16,67,안/VerbPrefix,4262,1318,2944,0.014649978880910566,0.032698758246884514,0.6907555138432661
17,69,좀/Noun,4111,1455,2656,0.016172776382188826,0.029499966679254506,0.6460715154463634
18,71,없는/Adjective,4090,1373,2717,0.015261320943467532,0.0301774885043428,0.6643031784841076
19,73,!!/Punctuation,4005,3088,917,0.03432407798501656,0.010185041206655265,0.7710362047440699
20,74,시간/Noun,3956,1077,2879,0.011971189115888223,0.03197680876113468,0.7277553083923155
21,76,쓰레기/Noun,3739,209,3530,0.002323099837716471,0.03920741053379834,0.9441027012570206
22,78,수/Noun,3698,2475,1223,0.02751039281506347,0.013583757247262143,0.6692806922660898
23,83,없다/Adjective,3324,873,2451,0.009703665829313295,0.0272230490703512,0.7373646209386282
24,85,다시/Noun,3289,2763,526,0.030711602160816313,0.005842237376990914,0.8400729705077531
25,86,잘/Verb,3274,2363,911,0.02626547806949292,0.010118399715662972,0.7217470983506414
26,87,10/Number,3248,2158,1090,0.023986839472689682,0.012106537530266344,0.6644088669950738
27,88,마지막/Noun,3201,2151,1050,0.023909032301091523,0.011662260923651064,0.6719775070290535
28,90,사랑/Noun,3190,2523,667,0.028043927706022275,0.007408312415309772,0.7909090909090909
29,91,잘/VerbPrefix,3151,2150,1001,0.023897916990863216,0.011118022080547348,0.682323072040622
30,95,요/Josa,3013,1950,1063,0.021674854945201518,0.011806650820801031,0.6471954862263525
31,96,좋은/Adjective,3009,2156,853,0.023964608852233067,0.009474198636070815,0.7165171153207045
32,99,나/Josa,2916,1029,1887,0.011437654224929416,0.02095874891707577,0.647119341563786
33,101,있는/Adjective,2899,2055,844,0.02284196251917391,0.00937423639958238,0.7088651259054847
34,102,입니다/Adjective,2888,2167,721,0.02408687726474446,0.008008085834240399,0.7503462603878116
35,112,지금/Noun,2596,1843,753,0.020485516750772512,0.00836350711953262,0.7099383667180277
36,113,ㅠㅠ/KoreanParticle,2589,1842,747,0.0204744014405442,0.00829686562854033,0.7114716106604867
37,114,최악/Noun,2549,32,2517,0.00035568992730587116,0.02795610547126641,0.9874460572773636
38,117,재밌게/Adjective,2508,2195,313,0.024398105951137096,0.0034764644467645558,0.8751993620414673
39,118,걸/Noun,2493,777,1716,0.008636596047395683,0.019059466423795454,0.6883273164861613
40,122,별로/Noun,2438,320,2118,0.003556899273058711,0.02352444632027901,0.8687448728465955
41,123,끝/Noun,2438,862,1576,0.009581397416801902,0.01750449830064198,0.6464315012305168
42,124,돈/Noun,2433,279,2154,0.003101171553698064,0.02392429526623276,0.8853267570900123
43,130,역시/Noun,2323,1623,700,0.01804014850054465,0.007774840615767376,0.6986655187257856
44,131,봐도/Verb,2322,1795,527,0.01995198185981371,0.0058533442921562965,0.773040482342808
45,132,개/Noun,2277,671,1606,0.007458373163194984,0.01783770575560344,0.7053140096618358
46,133,명작/Noun,2259,1976,283,0.02196385301113754,0.0031432569918030968,0.8747233289065959
47,137,^^/Punctuation,2162,1921,241,0.021352510948580573,0.002676766554857054,0.8885291396854764
48,139,ㅡㅡ/KoreanParticle,2128,211,1917,0.002345330458173088,0.02129195637203723,0.9008458646616542
49,140,없고/Adjective,2122,205,1917,0.002278638596803237,0.02129195637203723,0.9033930254476908
50,146,!!!/Punctuation,2038,1392,646,0.01547251183780539,0.00717506719683675,0.6830225711481845
51,147,또/Noun,2013,1348,665,0.014983438187759818,0.007386098584979008,0.6696472925981123
52,150,아깝다/Adjective,1949,47,1902,0.0005224195807304982,0.021125352644556502,0.9758850692662904
53,153,꼭/Noun,1920,1594,326,0.0177178045039237,0.003620854343914521,0.8302083333333333
54,161,마음/Noun,1810,1497,313,0.016639619411777783,0.0034764644467645558,0.8270718232044199
55,162,인생/Noun,1810,1304,506,0.014494364537714247,0.0056200990736832756,0.7204419889502762
56,165,기억/Noun,1794,1237,557,0.01374963875241758,0.006186551747117756,0.6895206243032329
57,169,ㅎㅎ/KoreanParticle,1744,1498,246,0.01665073472200609,0.002732301130683964,0.8589449541284404
58,171,못/Noun,1720,544,1176,0.00604672876419981,0.013061732234489191,0.6837209302325581
59,173,소재/Noun,1714,594,1120,0.0066024942756152324,0.012439744985227805,0.6534422403733956
60,174,이나/Josa,1704,527,1177,0.005857768490318565,0.013072839149654573,0.6907276995305164
61,176,애/Noun,1670,576,1094,0.00640241869150568,0.012150965190927872,0.6550898203592814
62,178,수준/Noun,1658,273,1385,0.003034479692328213,0.015383077504054024,0.8353437876960192
63,179,한번/Noun,1640,1136,504,0.012626992419358423,0.005597885243352511,0.6926829268292682
64,181,네/Josa,1608,469,1139,0.0052130804970766725,0.01265077637337006,0.7083333333333334
65,182,넘/Verb,1591,1126,465,0.01251583931707534,0.005164715551902614,0.7077309868007542
66,184,현실/Noun,1587,1041,546,0.01157103794766912,0.006064375680298554,0.6559546313799622
67,185,전개/Noun,1586,418,1168,0.004646199675432942,0.012972876913166138,0.7364438839848676
68,186,매력/Noun,1586,1153,433,0.012815952693239669,0.00480929426661039,0.7269861286254728
69,188,가슴/Noun,1575,1376,199,0.015294666874152455,0.0022102761179110114,0.8736507936507937
70,189,하게/Verb,1574,1130,444,0.012560300557988574,0.004931470333429593,0.7179161372299873
71,191,~~/Punctuation,1556,1038,518,0.011537692016984194,0.00575338205566786,0.6670951156812339
72,192,야/Josa,1543,373,1170,0.00414601071515906,0.012995090743496902,0.7582631237848347
73,196,가장/Noun,1534,1006,528,0.011182002089678324,0.005864451207321679,0.6558018252933507
74,197,;;/Punctuation,1523,373,1150,0.00414601071515906,0.012772952440189262,0.7550886408404465
75,199,??/Punctuation,1503,455,1048,0.005057466153880355,0.011640047093320302,0.697272122421823
76,204,음악/Noun,1452,1077,375,0.011971189115888223,0.0041650931870182385,0.7417355371900827
77,206,성/Suffix,1445,496,949,0.0055131938732410025,0.010540462491947487,0.6567474048442906
78,208,아이/Noun,1436,944,492,0.010492852855523198,0.005464602261367928,0.6573816155988857
79,213,무슨/Noun,1408,215,1193,0.002389791699086321,0.013250549792300687,0.8473011363636364
80,214,추천/Noun,1403,1037,366,0.011526576706755885,0.0040651309505298,0.7391304347826086
81,215,만/Noun,1401,947,454,0.010526198786208123,0.005042539485083413,0.6759457530335474
82,216,냐/Josa,1392,169,1223,0.001878487428584132,0.013583757247262143,0.8785919540229885
83,217,인지/Josa,1383,425,958,0.004724006847031101,0.010640424728435923,0.6926970354302241
84,218,게/Noun,1380,485,895,0.005390925460729609,0.009940689073016859,0.6485507246376812
85,219,눈물/Noun,1378,1156,222,0.012849298623924595,0.002465735166714797,0.8388969521044993
86,220,인가/Josa,1378,446,932,0.004957428361825579,0.010351644934135993,0.6763425253991292
87,222,번/Noun,1370,945,425,0.010503968165751507,0.004720438945287336,0.6897810218978102
88,223,ㅠ/KoreanParticle,1361,899,462,0.009992663895249316,0.005131394806406469,0.6605437178545187
89,224,합니다/Verb,1360,1010,350,0.011226463330591557,0.003887420307883689,0.7426470588235294
90,226,저/Determiner,1355,471,884,0.005235311117533291,0.009818513006197658,0.6523985239852399
91,227,우리/Noun,1346,996,350,0.011070848987395238,0.003887420307883689,0.7399702823179792
92,229,네/Suffix,1337,913,424,0.010148278238445637,0.004709332030121954,0.6828721017202692
93,237,재밌다/Adjective,1294,1174,120,0.013049374208034144,0.001332829819845836,0.9072642967542504
94,239,원작/Noun,1275,429,846,0.0047684680879443355,0.009396450229913143,0.6635294117647059
95,240,솔직히/Adjective,1253,412,841,0.0045795078140630895,0.009340915654086237,0.6711891460494812
96,244,좋다/Adjective,1236,1070,166,0.011893381944290064,0.0018437479174534066,0.8656957928802589
97,248,있다/Adjective,1212,777,435,0.008636596047395683,0.0048315080969411565,0.6410891089108911
98,249,여운/Noun,1210,1139,71,0.01266033835004335,0.0007885909767421196,0.9413223140495868
99,251,움/Noun,1204,432,772,0.00480181401862926,0.00857453850767488,0.6411960132890365
100,253,전혀/Noun,1199,338,861,0.003756974857168264,0.009563053957393873,0.7180984153461217
101,255,모두/Noun,1194,810,384,0.009003401284929862,0.004265055423506675,0.6783919597989949
102,256,대박/Noun,1180,975,205,0.010837427472600759,0.002276917608903303,0.826271186440678
103,261,별/Noun,1164,304,860,0.003379054309405776,0.009551947042228491,0.7388316151202751
104,263,굿/Noun,1156,1072,84,0.01191561256474668,0.0009329808738920851,0.9273356401384084
105,267,모습/Noun,1142,842,300,0.009359091212235734,0.00333207454961459,0.7373029772329247
106,268,별/Modifier,1142,316,826,0.003512438032145477,0.009174311926605505,0.7232924693520141
107,273,허/Verb,1121,125,996,0.001389413778538559,0.011062487504720437,0.8884924174843889
108,274,실망/Noun,1118,115,1003,0.0012782606762554744,0.011140235910878113,0.8971377459749553
109,279,일본/Noun,1098,391,707,0.0043460862992686115,0.00785258902192505,0.6438979963570127
110,280,보지/Noun,1094,324,770,0.0036013605139719454,0.008552324677344115,0.7038391224862889
111,284,재미있게/Adjective,1086,979,107,0.010881888713513994,0.0011884399226958706,0.9014732965009208
112,292,였다/Verb,1071,709,362,0.007880754951870706,0.004020703289868272,0.6619981325863679
113,293,없음/Adjective,1069,179,890,0.0019896405308672165,0.00988515449718995,0.8325537885874649
114,294,많은/Adjective,1069,790,279,0.008781095080363692,0.003098829331141569,0.7390084190832554
115,298,봤습니다/Verb,1059,961,98,0.010681813129404442,0.001088477686207433,0.9074598677998112
116,303,뿐/Noun,1051,311,740,0.0034568614810039353,0.008219117222382655,0.7040913415794482
117,306,재밌어요/Adjective,1049,1012,37,0.011248693951048171,0.0004109558611191328,0.9647283126787416
118,307,ㅎ/KoreanParticle,1048,840,208,0.009336860591779116,0.0023102383543994486,0.8015267175572519
119,308,;/Punctuation,1045,287,758,0.0031900940355245318,0.008419041695359529,0.7253588516746412
120,309,보다/Verb,1045,365,680,0.004057088233332592,0.0075527023124597375,0.6507177033492823
121,310,표현/Noun,1042,681,361,0.007569526265478068,0.00400959637470289,0.6535508637236085
122,312,아니다/Adjective,1036,293,743,0.0032567858968943824,0.008252437967878801,0.7171814671814671
123,313,재미없다/Adjective,1035,22,1013,0.00024453682502278637,0.01125130506253193,0.978743961352657
124,314,OO/Alpha,1033,220,813,0.002445368250227864,0.009029922029455541,0.7870280735721199
125,316,가족/Noun,1031,710,321,0.007891870262099015,0.0035653197680876117,0.6886517943743938
126,321,점도/Noun,1011,91,920,0.001011493230776071,0.010218361952151409,0.9099901088031652
127,326,용/Noun,999,295,704,0.0032790165173509998,0.007819268276428905,0.7047047047047047
128,330,4/Number,981,333,648,0.003701398306026721,0.0071972810271675155,0.6605504587155964
129,332,급/Noun,974,237,737,0.0026343285241091077,0.00818579647688651,0.7566735112936345
130,336,특히/Adverb,966,665,301,0.007391681301825134,0.003343181464779972,0.6884057971014492
131,340,개인/Noun,957,633,324,0.007035991374519263,0.003598640513583757,0.6614420062695925
132,344,공포/Noun,951,319,632,0.0035457839628304025,0.007019570384521403,0.6645636172450052
133,347,건지/Verb,933,160,773,0.0017784496365293556,0.008585645422840259,0.8285101822079314
134,348,건/Noun,932,292,640,0.0032456705866660733,0.007108425705844459,0.6866952789699571
135,349,한테/Josa,931,317,614,0.003523553342373785,0.006819645911544527,0.6595059076262084
136,350,작가/Noun,929,209,720,0.002323099837716471,0.007996978919075016,0.77502691065662
137,352,나름/Noun,923,600,323,0.006669186136985084,0.003587533598418375,0.6500541711809318
138,355,아까운/Adjective,917,63,854,0.0007002645443834338,0.0094853055512362,0.931297709923664
139,356,아니고/Adjective,914,147,767,0.0016339506035613453,0.008519003931847971,0.8391684901531729
140,357,보다가/Verb,913,186,727,0.0020674477024653763,0.00807472732523269,0.7962760131434831
141,358,욕/Noun,910,166,744,0.0018451414978992067,0.008263544883044184,0.8175824175824176
142,359,차라리/Noun,909,59,850,0.0006558033034701999,0.009440877890574672,0.935093509350935
143,360,노래/Noun,909,604,305,0.006713647377898317,0.0033876091254415,0.6644664466446645
144,362,짱/Noun,905,842,63,0.009359091212235734,0.0006997356554190639,0.9303867403314916
145,364,알바/Noun,897,104,793,0.001155992263744081,0.0088077837261479,0.8840579710144928
146,366,아름다운/Adjective,890,799,91,0.008881132872418469,0.001010729280049759,0.8977528089887641
147,367,0/Number,888,77,811,0.0008558788875797522,0.009007708199124777,0.9132882882882885
148,369,삶/Noun,883,770,113,0.008558788875797524,0.0012550814136881624,0.8720271800679502
149,374,오랜/Modifier,870,699,171,0.007769601849587622,0.0018992824932803163,0.8034482758620691
150,375,기/Noun,869,240,629,0.002667674454794033,0.006986249639025257,0.7238204833141542
151,376,보게/Verb,865,698,167,0.007758486539359314,0.0018548548326187888,0.8069364161849711
152,379,점수/Noun,857,271,586,0.003012249071871596,0.006508652286913832,0.6837806301050176
153,382,보세요/Verb,847,583,264,0.006480225863103839,0.0029322256036608393,0.6883116883116883
154,384,놈/Noun,846,250,596,0.002778827557077118,0.006619721438567652,0.7044917257683215
155,385,봤어요/Verb,843,794,49,0.008825556321276927,0.0005442388431037163,0.9418742586002372
156,386,아직도/Adverb,841,631,210,0.0070137607540626465,0.002332452184730213,0.7502972651605232
157,387,막장/Noun,834,144,690,0.00160060467287642,0.007663771464113556,0.8273381294964028
158,391,세상/Noun,824,533,291,0.005924460351688416,0.0032321123131261523,0.6468446601941747
159,393,좋고/Adjective,819,740,79,0.008225329568948269,0.0008774462980651753,0.9035409035409036
160,400,도대체/Noun,805,101,704,0.0011226463330591557,0.007819268276428905,0.8745341614906832
161,403,재밌음/Adjective,795,735,60,0.008169753017806727,0.000666414909922918,0.9245283018867924
162,404,뻔한/Adjective,795,199,596,0.002211946735433386,0.006619721438567652,0.7496855345911949
163,405,좋아하는/Adjective,792,528,264,0.0058688838005468745,0.0029322256036608393,0.6666666666666666
164,406,류/Noun,790,141,649,0.0015672587421914947,0.007208387942332897,0.8215189873417722
165,411,있고/Adjective,787,619,168,0.006880377031322943,0.0018659617477841703,0.7865311308767471
166,412,절대/Noun,787,263,524,0.002923326590045128,0.005820023546660151,0.6658195679796697
167,413,뭘/Noun,782,175,607,0.0019451792899539827,0.006741897505386854,0.7762148337595908
168,419,수작/Noun,766,696,70,0.007736255918902695,0.0007774840615767378,0.908616187989556
169,421,걍/Adverb,765,208,557,0.002311984527488162,0.006186551747117756,0.7281045751633987
170,422,설정/Noun,762,139,623,0.0015450281217348775,0.006919608148032965,0.8175853018372703
171,423,초반/Noun,761,265,496,0.002945557210501745,0.005509029922029457,0.6517739816031537
172,428,주고/Verb,747,183,564,0.0020341017717804503,0.006264300153275429,0.7550200803212851
173,429,남는/Verb,744,598,146,0.006646955516528465,0.0016216096141457672,0.803763440860215
174,430,시나리오/Noun,742,207,535,0.002300869217259854,0.005942199613479352,0.7210242587601078
175,431,딱/Adverb,742,251,491,0.0027899428673054264,0.005453495346202546,0.6617250673854448
176,435,출연/Noun,740,226,514,0.0025120601115977146,0.005708954395006331,0.6945945945945946
177,437,좋았다/Adjective,733,600,133,0.006669186136985084,0.0014772197169958016,0.8185538881309686
178,438,관객/Noun,732,188,544,0.0020896783229219927,0.00604216184996779,0.7431693989071039
179,439,주는/Verb,731,477,254,0.005302002978903141,0.0028211564520070195,0.6525307797537621
180,441,안되는/Adjective,730,161,569,0.001789564946757664,0.006319834729102339,0.7794520547945205
181,444,노잼/Noun,724,17,707,0.00018896027388124405,0.00785258902192505,0.9765193370165746
182,446,뭔/Modifier,722,104,618,0.001155992263744081,0.006864073572206054,0.8559556786703602
183,448,시대/Noun,719,474,245,0.0052686570482182145,0.002721194215518582,0.6592489568845619
184,450,장난/Noun,714,182,532,0.002022986461552142,0.005908878867983206,0.7450980392156863
185,451,최고다/Noun,711,679,32,0.007547295645021453,0.00035542128529222287,0.9549929676511956
186,452,봤던/Verb,711,560,151,0.006224573727852744,0.001677144189972677,0.7876230661040787
187,454,OOO/Alpha,708,91,617,0.001011493230776071,0.006852966657040674,0.8714689265536724
188,455,같아요/Adjective,708,559,149,0.006213458417624436,0.001654930359641913,0.7895480225988699
189,456,결국/Adverb,708,253,455,0.0028121734877620433,0.005053646400248795,0.6426553672316384
190,457,지루함/Noun,707,100,607,0.0011115310228308473,0.006741897505386854,0.8585572842998586
191,458,추억/Noun,707,576,131,0.00640241869150568,0.0014550058866650375,0.8147100424328148
192,460,소리/Noun,705,202,503,0.0022452926661183114,0.005586778328187129,0.7134751773049646
193,462,이딴/Modifier,703,26,677,0.00028899806593602026,0.007519381566963592,0.9630156472261736
194,463,지루하고/Adjective,702,38,664,0.000422381788675722,0.0073749916698136265,0.945868945868946
195,465,좋아요/Adjective,696,653,43,0.007258297579085431,0.0004775973521114245,0.9382183908045976
196,467,마다/Josa,694,480,214,0.005335348909588066,0.002376879845391741,0.69164265129683
197,469,인상/Noun,689,547,142,0.006080074694884734,0.0015771819534842392,0.7939042089985486
198,471,오늘/Noun,685,462,223,0.005135273325478514,0.002476842081880179,0.6744525547445256
199,472,감정/Noun,684,445,239,0.004946313051597271,0.0026545527245262907,0.6505847953216374
200,473,전/Modifier,680,199,481,0.002211946735433386,0.005342426194548726,0.7073529411764706
201,474,정신/Noun,678,183,495,0.0020341017717804503,0.0054979230068640745,0.7300884955752213
202,478,접/Noun,676,122,554,0.0013560678478536335,0.006153231001621609,0.8195266272189349
203,480,졸작/Noun,672,34,638,0.0003779205477624881,0.007086211875513696,0.949404761904762
204,481,제발/Noun,671,179,492,0.0019896405308672165,0.005464602261367928,0.7332339791356185
205,485,아무리/Adverb,666,114,552,0.0012671453660271655,0.006131017171290846,0.8288288288288288
206,486,그저/Adverb,666,221,445,0.0024564835604561725,0.004942577248594975,0.6681681681681682
207,488,♥/Foreign,660,651,9,0.007236066958628815,9.996223648843771e-05,0.9863636363636364
208,490,킬링타임/Noun,659,186,473,0.0020674477024653763,0.005253570873225671,0.7177541729893778
209,491,어릴/Verb,658,548,110,0.006091190005113043,0.0012217606681920164,0.8328267477203647
210,493,함께/Adverb,656,544,112,0.00604672876419981,0.0012439744985227805,0.8292682926829268
211,496,캐스팅/Noun,653,219,434,0.0024342529399995552,0.004820401181775774,0.664624808575804
212,498,대해/Noun,651,506,145,0.0056243469755240865,0.001610502698980385,0.7772657450076805
213,501,재밌는/Adjective,647,549,98,0.006102305315341351,0.001088477686207433,0.848531684698609
214,502,멋진/Adjective,643,560,83,0.006224573727852744,0.0009218739587267033,0.8709175738724728
215,503,괜찮은/Adjective,643,487,156,0.005413156081186226,0.0017326787657995868,0.7573872472783826
216,504,포스터/Noun,642,205,437,0.002278638596803237,0.00485372192727192,0.6806853582554517
217,505,몰입도/Noun,638,412,226,0.0045795078140630895,0.002510162827376325,0.64576802507837
218,507,엉/Exclamation,636,103,533,0.0011448769535157724,0.005919985783148589,0.8380503144654088
219,508,자/Suffix,632,213,419,0.0023675610786297045,0.004653797454295044,0.6629746835443038
220,509,갈수록/Noun,631,192,439,0.0021341395638352265,0.0048759357576026825,0.6957210776545166
221,510,아니/Adjective,631,205,426,0.002278638596803237,0.004731545860452718,0.6751188589540412
222,512,개연/Noun,630,55,575,0.000611342062556966,0.006386476220094631,0.9126984126984128
223,513,애니메이션/Noun,630,418,212,0.004646199675432942,0.002354666015060977,0.6634920634920635
224,520,!!!!/Punctuation,622,460,162,0.005113042705021898,0.0017993202567918784,0.7395498392282959
225,523,문제/Noun,619,201,418,0.0022341773558900027,0.004642690539129663,0.6752827140549273
226,527,하/Exclamation,614,213,401,0.0023675610786297045,0.0044538729813181676,0.6530944625407166
227,528,ㅠㅠㅠ/KoreanParticle,611,496,115,0.0055131938732410025,0.0012772952440189265,0.8117839607201309
228,530,충격/Noun,610,399,211,0.00443500878109508,0.002343559099895595,0.6540983606557377
229,536,질/Noun,599,104,495,0.001155992263744081,0.0054979230068640745,0.8263772954924875
230,545,적/Noun,593,406,187,0.004512815952693239,0.002076993135926428,0.684654300168634
231,547,지루한/Adjective,592,100,492,0.0011115310228308473,0.005464602261367928,0.8310810810810809
232,551,강추/Noun,590,547,43,0.006080074694884734,0.0004775973521114245,0.9271186440677966
233,555,장르/Noun,583,201,382,0.0022341773558900027,0.004242841593175911,0.6552315608919382
234,557,더빙/Noun,582,150,432,0.0016672965342462707,0.00479818735144501,0.7422680412371134
235,558,재밌고/Adjective,581,533,48,0.005924460351688416,0.0005331319279383344,0.9173838209982788
236,559,모르겠다/Verb,581,115,466,0.0012782606762554744,0.005175822467067996,0.8020654044750429
237,563,얼굴/Noun,576,199,377,0.002211946735433386,0.004187307017349001,0.6545138888888888
238,569,머/Noun,570,97,473,0.0010781850921459217,0.005253570873225671,0.8298245614035088
239,573,꽤/Noun,562,441,121,0.004901851810684036,0.001343936735011218,0.7846975088967971
240,574,하는데/Verb,562,199,363,0.002211946735433386,0.0040318102050336535,0.6459074733096085
241,576,짜증/Noun,558,23,535,0.00025565213525109487,0.005942199613479352,0.9587813620071683
242,578,9/Number,557,382,175,0.0042460485072138366,0.0019437101539418445,0.6858168761220825
243,580,지루하다/Adjective,556,14,542,0.0001556143431963186,0.006019948019637026,0.974820143884892
244,581,ㅡ/KoreanParticle,556,157,399,0.00174510370584443,0.004431659150987405,0.7176258992805755
245,583,ㅎㅎㅎ/KoreanParticle,555,434,121,0.0048240446390858775,0.001343936735011218,0.781981981981982
246,584,너무나/Adverb,552,365,187,0.004057088233332592,0.002076993135926428,0.6612318840579711
247,588,???/Punctuation,551,142,409,0.0015783740524198029,0.004542728302641225,0.7422867513611615
248,589,두/Noun,551,362,189,0.004023742302647667,0.002099206966257192,0.6569872958257713
249,592,건가/Noun,546,124,422,0.0013782984683102506,0.00468711819979119,0.7728937728937729
250,593,아직/Adverb,546,363,183,0.004034857612875975,0.0020325654752649,0.6648351648351648
251,596,작/Modifier,544,183,361,0.0020341017717804503,0.00400959637470289,0.6636029411764706
252,598,소름/Noun,540,437,103,0.004857390569770802,0.0011440122620343426,0.8092592592592592
253,600,않다/Verb,537,191,346,0.0021230242536069183,0.0038429926472221604,0.6443202979515829
254,602,재미없음/Adjective,533,9,524,0.00010003779205477625,0.005820023546660151,0.9831144465290806
255,603,걸작/Noun,533,459,74,0.005101927394793589,0.0008219117222382655,0.8611632270168855
256,604,그나마/Adverb,532,40,492,0.0004446124091323389,0.005464602261367928,0.924812030075188
257,606,억지/Noun,527,72,455,0.00080030233643821,0.005053646400248795,0.8633776091081594
258,607,대체/Noun,527,89,438,0.000989262610319454,0.004864828842437301,0.8311195445920304
259,609,마세요/Verb,526,73,453,0.0008114176466665183,0.005031432569918031,0.8612167300380228
260,610,시절/Noun,526,397,129,0.004412778160638464,0.0014327920563342734,0.7547528517110266
261,612,존나/Noun,525,122,403,0.0013560678478536335,0.004476086811648933,0.7676190476190476
262,613,약간/Noun,525,357,168,0.003968165751506125,0.0018659617477841703,0.68
263,619,아님/Adjective,522,147,375,0.0016339506035613453,0.0041650931870182385,0.7183908045977011
264,624,해도/Noun,520,170,350,0.0018896027388124407,0.003887420307883689,0.6730769230769231
265,625,봤음/Verb,519,357,162,0.003968165751506125,0.0017993202567918784,0.6878612716763006
266,626,이었다/Verb,518,357,161,0.003968165751506125,0.001788213341626497,0.6891891891891891
267,627,아무/Modifier,518,169,349,0.001878487428584132,0.0038763133927183055,0.6737451737451737
268,630,B/Alpha,514,133,381,0.0014783362603650269,0.00423173467801053,0.7412451361867705
269,631,한마디/Noun,514,156,358,0.0017339883956161216,0.003976275629206745,0.6964980544747081
270,634,휴/Exclamation,506,86,420,0.0009559166796345287,0.004664904369460426,0.8300395256916996
271,635,자기/Noun,506,160,346,0.0017784496365293556,0.0038429926472221604,0.6837944664031621
272,637,없네/Adjective,504,70,434,0.000778071715981593,0.004820401181775774,0.8611111111111112
273,638,누가/Noun,504,180,324,0.002000755841095525,0.003598640513583757,0.6428571428571429
274,641,없어/Adjective,503,126,377,0.0014005290887668675,0.004187307017349001,0.7495029821073559
275,646,만점/Noun,501,423,78,0.004701776226574484,0.0008663393828997934,0.844311377245509
276,652,간만/Noun,496,400,96,0.004446124091323389,0.0010662638558766688,0.8064516129032258
277,658,라도/Josa,488,145,343,0.0016117199831047284,0.0038096719017260148,0.7028688524590164
278,659,~!/Punctuation,487,385,102,0.004279394437898762,0.0011329053468689607,0.7905544147843943
279,660,CG/Alpha,487,126,361,0.0014005290887668675,0.00400959637470289,0.7412731006160165
280,661,재밌네요/Adjective,486,466,20,0.005179734566391748,0.00022213830330763932,0.9588477366255144
281,662,전체/Noun,486,158,328,0.0017562190160727387,0.003643068174245285,0.6748971193415638
282,664,아까/Adjective,484,11,473,0.00012226841251139318,0.005253570873225671,0.9772727272727272
283,666,뿐/Suffix,482,150,332,0.0016672965342462707,0.0036874958349068132,0.6887966804979253
284,667,감성/Noun,482,311,171,0.0034568614810039353,0.0018992824932803163,0.6452282157676349
285,669,사회/Noun,481,337,144,0.0037458595469399545,0.0015993957838150033,0.7006237006237006
286,673,발연기/Noun,477,34,443,0.0003779205477624881,0.004920363418264211,0.9287211740041929
287,674,무슨/Modifier,476,124,352,0.0013782984683102506,0.003909634138214452,0.7394957983193278
288,677,였습니다/Verb,472,394,78,0.004379432229953538,0.0008663393828997934,0.8347457627118644
289,682,ㅉㅉ/KoreanParticle,466,72,394,0.00080030233643821,0.004376124575160495,0.8454935622317596
290,683,없어서/Adjective,466,135,331,0.0015005668808216438,0.003676388919741431,0.7103004291845494
291,685,꿈/Noun,465,353,112,0.003923704510592891,0.0012439744985227805,0.7591397849462366
292,686,재미있어요/Adjective,464,452,12,0.005024120223195429,0.0001332829819845836,0.9741379310344828
293,689,에요/Josa,461,357,104,0.003968165751506125,0.0011551191771997243,0.7744034707158352
294,690,나이/Noun,460,314,146,0.00349020741168886,0.0016216096141457672,0.6826086956521739
295,692,어렸을/Verb,459,394,65,0.004379432229953538,0.0007219494857498278,0.8583877995642701
296,694,이/Foreign,458,326,132,0.003623591134428562,0.0014661128018304194,0.7117903930131004
297,695,하네요/Verb,458,296,162,0.003290131827579308,0.0017993202567918784,0.6462882096069869
298,697,;;;/Punctuation,457,106,351,0.001178222884200698,0.0038985272230490703,0.7680525164113785
299,705,이라도/Josa,446,106,340,0.001178222884200698,0.0037763511562298687,0.7623318385650224
300,708,시즌/Noun,442,315,127,0.003501322721917169,0.0014105782260035095,0.7126696832579186
301,709,낸/Verb,442,299,143,0.0033234777582642327,0.0015882888686496212,0.6764705882352942
302,712,어설픈/Adjective,437,36,401,0.000400151168219105,0.0044538729813181676,0.9176201372997712
303,715,방송/Noun,436,131,305,0.0014561056399084098,0.0033876091254415,0.6995412844036697
304,721,삼류/Noun,433,33,400,0.00036680523753417966,0.004442766066152787,0.9237875288683602
305,722,잔잔한/Adjective,432,371,61,0.004123780094702443,0.0006775218250882999,0.8587962962962963
306,723,몇번/Noun,431,334,97,0.00371251361625503,0.0010773707710420508,0.7749419953596288
307,726,죽/Noun,428,138,290,0.0015339128115065689,0.00322100539796077,0.677570093457944
308,732,여주/Noun,424,130,294,0.001444990329680101,0.0032654330586222983,0.6933962264150944
309,733,진정한/Adjective,423,309,114,0.003434630860547318,0.001266188328853544,0.7304964539007093
310,735,질질/Noun,419,72,347,0.00080030233643821,0.003854099562387543,0.8281622911694511
311,736,미친/Adjective,419,132,287,0.0014672209501367186,0.0031876846524646245,0.684964200477327
312,737,지/Verb,418,120,298,0.0013338372273970164,0.003309860719283826,0.7129186602870813
313,738,전부/Noun,418,133,285,0.0014783362603650269,0.003165470822133861,0.6818181818181818
314,740,줄거리/Noun,417,136,281,0.0015116821910499524,0.0031210431614723325,0.6738609112709832
315,745,점주/Noun,415,98,317,0.0010893004023742304,0.0035208921074260835,0.763855421686747
316,747,답/Noun,413,100,313,0.0011115310228308473,0.0034764644467645558,0.7578692493946732
317,748,재미있다/Adjective,412,357,55,0.003968165751506125,0.0006108803340960082,0.866504854368932
318,751,좋아/Adjective,409,337,72,0.0037458595469399545,0.0007996978919075017,0.8239608801955991
319,753,낭비/Noun,408,8,400,8.892248182646779e-05,0.004442766066152787,0.9803921568627452
320,754,굉장히/Adjective,408,277,131,0.003078940933241447,0.0014550058866650375,0.678921568627451
321,755,버린/Verb,408,133,275,0.0014783362603650269,0.003054401670480041,0.6740196078431373
322,758,각본/Noun,407,121,286,0.001344952537625325,0.0031765777372992424,0.7027027027027027
323,761,먹/Verb,402,321,81,0.0035680145832870194,0.0008996601283959392,0.7985074626865671
324,767,순간/Noun,397,263,134,0.002923326590045128,0.0014883266321611835,0.6624685138539043
325,770,갑자기/Noun,396,103,293,0.0011448769535157724,0.003254326143456916,0.73989898989899
326,773,이하/Noun,395,34,361,0.0003779205477624881,0.00400959637470289,0.9139240506329114
327,776,쳐/Verb,393,97,296,0.0010781850921459217,0.003287646888953062,0.7531806615776081
328,780,의도/Noun,390,66,324,0.0007336104750683593,0.003598640513583757,0.8307692307692308
329,781,발/Noun,390,81,309,0.0009003401284929863,0.003432036786103028,0.7923076923076923
330,782,영/Noun,390,107,283,0.0011893381944290064,0.0031432569918030968,0.7256410256410256
331,784,나온다/Verb,389,112,277,0.0012449147455705488,0.003076615500810805,0.7120822622107971
332,787,밑/Noun,388,119,269,0.0013227219171687082,0.0029877601794877488,0.6932989690721649
333,789,재미있는/Adjective,387,327,60,0.003634706444656871,0.000666414909922918,0.8449612403100775
334,790,땜/Noun,387,126,261,0.0014005290887668675,0.002898904858164693,0.6744186046511628
335,792,해주는/Verb,386,304,82,0.003379054309405776,0.0009107670435613213,0.7875647668393783
336,793,하네/Verb,385,114,271,0.0012671453660271655,0.003009974009818513,0.7038961038961039
337,794,아버지/Noun,385,261,124,0.0029010959695885113,0.0013772574805073642,0.6779220779220779
338,798,비해/Verb,384,123,261,0.001367183158081942,0.002898904858164693,0.6796875
339,802,봤네요/Verb,381,343,38,0.003812551408309806,0.0004220627762845148,0.9002624671916011
340,803,재밌는데/Adjective,381,339,42,0.003768090167396572,0.00046649043694604257,0.8897637795275591
341,804,좋음/Adjective,381,311,70,0.0034568614810039353,0.0007774840615767378,0.8162729658792651
342,806,볼때/Noun,380,276,104,0.0030678256230131378,0.0011551191771997243,0.7263157894736842
343,809,있어서/Adjective,377,285,92,0.0031678634150679144,0.0010218361952151409,0.7559681697612732
344,812,10년/Number,376,276,100,0.0030678256230131378,0.0011106915165381968,0.7340425531914894
345,815,있을까/Adjective,375,249,126,0.002767712246848809,0.0013994713108381278,0.664
346,817,훌륭한/Adjective,374,295,79,0.0032790165173509998,0.0008774462980651753,0.7887700534759359
347,818,첨/Adverb,374,111,263,0.0012337994353422404,0.002921118688495457,0.7032085561497327
348,819,봐야/Verb,374,262,112,0.0029122112798168195,0.0012439744985227805,0.7005347593582888
349,820,막/Noun,373,133,240,0.0014783362603650269,0.002665659639691672,0.6434316353887399
350,823,모르고/Verb,372,277,95,0.003078940933241447,0.0010551569407112867,0.7446236559139785
351,825,좋네요/Adjective,371,346,25,0.003845897338994731,0.0002776728791345492,0.9326145552560648
352,826,슬픈/Adjective,371,315,56,0.003501322721917169,0.0006219872492613901,0.8490566037735849
353,827,그때/Noun,371,269,102,0.002990018451414979,0.0011329053468689607,0.7250673854447439
354,828,항상/Noun,371,247,124,0.002745481626392193,0.0013772574805073642,0.6657681940700808
355,829,좀비/Noun,370,127,243,0.001411644398995176,0.002698980385187818,0.6567567567567567
356,831,치고/Josa,368,112,256,0.0012449147455705488,0.002843370282337784,0.6956521739130435
357,833,뻔/Noun,367,98,269,0.0010893004023742304,0.0029877601794877488,0.7329700272479565
358,836,거지/Noun,366,99,267,0.0011004157126025386,0.0029655463491569853,0.7295081967213115
359,837,곳/Noun,365,245,120,0.002723251005935576,0.001332829819845836,0.6712328767123288
360,841,없네요/Adjective,362,111,251,0.0012337994353422404,0.002787835706510873,0.6933701657458563
361,843,짱/Suffix,361,320,41,0.003556899273058711,0.00045538352178066063,0.8864265927977839
362,845,진행/Noun,360,97,263,0.0010781850921459217,0.002921118688495457,0.7305555555555555
363,849,이에요/Josa,358,286,72,0.003178978725296223,0.0007996978919075017,0.7988826815642458
364,850,더욱/Noun,358,281,77,0.0031234021741546806,0.0008552324677344116,0.7849162011173184
365,851,tv/Alpha,358,103,255,0.0011448769535157724,0.0028322633671724017,0.7122905027932961
366,852,낫다/Noun,358,124,234,0.0013782984683102506,0.0025990181486993803,0.6536312849162011
367,855,더럽게/Adjective,356,17,339,0.00018896027388124405,0.0037652442410644866,0.952247191011236
368,856,어이/Noun,355,29,326,0.0003223439966209457,0.003620854343914521,0.9183098591549296
369,857,상미/Noun,355,237,118,0.0026343285241091077,0.001310615989515072,0.6676056338028169
370,859,참고/Noun,354,65,289,0.0007224951648400508,0.003209898482795389,0.8163841807909604
371,860,중국/Noun,354,122,232,0.0013560678478536335,0.0025768043183686164,0.655367231638418
372,864,그녀/Noun,352,266,86,0.0029566725207300537,0.0009551947042228492,0.7556818181818182
373,869,대단한/Adjective,348,246,102,0.002734366316163884,0.0011329053468689607,0.7068965517241379
374,870,거기/Noun,348,120,228,0.0013338372273970164,0.0025323766577070887,0.6551724137931034
375,871,깊은/Adjective,347,303,44,0.0033679389991774673,0.0004887042672768067,0.8731988472622478
376,873,굳/Adjective,346,330,16,0.003668052375341796,0.00017771064264611146,0.9537572254335259
377,875,이냐/Josa,345,47,298,0.0005224195807304982,0.003309860719283826,0.8637681159420291
378,877,재미없는/Adjective,344,18,326,0.0002000755841095525,0.003620854343914521,0.9476744186046512
379,878,보는게/Verb,344,55,289,0.000611342062556966,0.003209898482795389,0.8401162790697675
380,880,아까워/Adjective,343,16,327,0.00017784496365293558,0.0036319612590799033,0.9533527696793004
381,881,충분히/Adjective,343,272,71,0.003023364382099905,0.0007885909767421196,0.793002915451895
382,882,어디서/Adverb,343,123,220,0.001367183158081942,0.0024435213363840328,0.641399416909621
383,885,술/Noun,342,58,284,0.0006446879932418914,0.0031543639069684785,0.8304093567251462
384,886,전형/Noun,342,64,278,0.0007113798546117423,0.0030877224159761873,0.8128654970760234
385,887,좋겠다/Adjective,342,240,102,0.002667674454794033,0.0011329053468689607,0.7017543859649122
386,888,따뜻한/Adjective,340,312,28,0.003467976791232243,0.000310993624630695,0.9176470588235294
387,889,편집/Noun,340,103,237,0.0011448769535157724,0.0026323388941955268,0.6970588235294117
388,891,잠/Noun,339,82,257,0.0009114554387212947,0.0028544771975031647,0.7581120943952803
389,892,나옴/Verb,339,83,256,0.0009225707489496033,0.002843370282337784,0.7551622418879056
390,895,해준/Verb,337,275,62,0.00305671031278483,0.0006886287402536821,0.8160237388724035
391,896,하는게/Verb,337,103,234,0.0011448769535157724,0.0025990181486993803,0.6943620178041543
392,899,였어요/Verb,335,281,54,0.0031234021741546806,0.0005997734189306263,0.8388059701492537
393,901,화이팅/Noun,334,296,38,0.003290131827579308,0.0004220627762845148,0.8862275449101796
394,905,새로운/Adjective,332,247,85,0.002745481626392193,0.0009440877890574672,0.7439759036144579
395,906,안된다/Adjective,331,76,255,0.0008447635773514439,0.0028322633671724017,0.770392749244713
396,907,꿀잼/Noun,330,316,14,0.003512438032145477,0.0001554968123153475,0.9575757575757576
397,908,똥/Noun,330,29,301,0.0003223439966209457,0.003343181464779972,0.912121212121212
398,909,그게/Noun,330,91,239,0.001011493230776071,0.0026545527245262907,0.7242424242424242
399,916,-_-/Punctuation,327,38,289,0.000422381788675722,0.003209898482795389,0.8837920489296636
400,917,개그/Noun,327,99,228,0.0011004157126025386,0.0025323766577070887,0.6972477064220184
401,921,엉망/Noun,326,22,304,0.00024453682502278637,0.003376502210276118,0.9325153374233128
402,922,병맛/Noun,326,57,269,0.0006335726830135829,0.0029877601794877488,0.8251533742331288
403,923,티/Noun,325,91,234,0.001011493230776071,0.0025990181486993803,0.72
404,928,관/Noun,324,221,103,0.0024564835604561725,0.0011440122620343426,0.6820987654320988
405,933,미화/Noun,323,44,279,0.0004890736500455726,0.003098829331141569,0.8637770897832817
406,934,~!!/Punctuation,323,253,70,0.0028121734877620433,0.0007774840615767378,0.7832817337461301
407,935,아닌가/Adjective,323,112,211,0.0012449147455705488,0.002343559099895595,0.6532507739938079
408,944,흥미진진/Noun,321,276,45,0.0030678256230131378,0.0004998111824421885,0.8598130841121495
409,947,있게/Adjective,320,243,77,0.002701020385478959,0.0008552324677344116,0.759375
410,948,알았다/Verb,320,94,226,0.0010448391614609964,0.002510162827376325,0.70625
411,951,잘만/Noun,318,239,79,0.002656559144565725,0.0008774462980651753,0.7515723270440252
412,952,좋았어요/Adjective,317,311,6,0.0034568614810039353,6.66414909922918e-05,0.9810725552050472
413,955,재밌었다/Adjective,316,296,20,0.003290131827579308,0.00022213830330763932,0.9367088607594936
414,956,만으로도/Josa,316,285,31,0.0031678634150679144,0.00034431437012684104,0.9018987341772152
415,958,괜히/Adverb,315,80,235,0.0008892248182646778,0.002610125063864762,0.7460317460317459
416,959,또한/Noun,315,208,107,0.002311984527488162,0.0011884399226958706,0.6603174603174603
417,960,엄청난/Adjective,315,207,108,0.002300869217259854,0.0011995468378612525,0.6571428571428571
418,964,그래픽/Noun,314,78,236,0.0008669941978080608,0.002621231979030144,0.7515923566878981
419,965,ost/Alpha,313,265,48,0.002945557210501745,0.0005331319279383344,0.8466453674121406
420,966,기대하고/Adjective,313,53,260,0.000589111442100349,0.002887797942999312,0.8306709265175719
421,967,그냥/Modifier,313,87,226,0.0009670319898628369,0.002510162827376325,0.7220447284345048
422,970,그만/Adverb,312,21,291,0.00023342151479447792,0.0032321123131261523,0.9326923076923076
423,971,장/Suffix,312,89,223,0.000989262610319454,0.002476842081880179,0.7147435897435898
424,972,20/Number,312,211,101,0.002345330458173088,0.0011217984317035787,0.6762820512820513
425,973,바보/Noun,311,85,226,0.0009448013694062199,0.002510162827376325,0.7266881028938906
426,974,성우/Noun,310,70,240,0.000778071715981593,0.002665659639691672,0.7741935483870968
427,975,헐/Verb,309,87,222,0.0009670319898628369,0.002465735166714797,0.7184466019417476
428,976,봣/Noun,308,207,101,0.002300869217259854,0.0011217984317035787,0.6720779220779219
429,977,나오고/Verb,307,81,226,0.0009003401284929863,0.002510162827376325,0.7361563517915309
430,978,죽음/Noun,307,206,101,0.0022897539070315448,0.0011217984317035787,0.6710097719869706
431,981,유치/Noun,306,21,285,0.00023342151479447792,0.003165470822133861,0.931372549019608
432,982,나쁜/Adjective,306,100,206,0.0011115310228308473,0.002288024524068685,0.673202614379085
433,983,해도/Verb,306,100,206,0.0011115310228308473,0.002288024524068685,0.673202614379085
434,985,도저히/Noun,305,26,279,0.00028899806593602026,0.003098829331141569,0.9147540983606556
435,986,식/Noun,305,72,233,0.00080030233643821,0.002587911233533998,0.7639344262295082
436,987,속편/Noun,305,99,206,0.0011004157126025386,0.002288024524068685,0.6754098360655738
437,991,울/Noun,304,228,76,0.0025342907320543315,0.0008441255525690295,0.75
438,993,야할/Adjective,303,233,70,0.002589867283195874,0.0007774840615767378,0.768976897689769
439,998,하는지/Verb,302,93,209,0.0010337238512326881,0.002321345269564831,0.6920529801324503
440,999,않음/Verb,302,97,205,0.0010781850921459217,0.002276917608903303,0.6788079470198676
441,1001,안됨/Adjective,301,50,251,0.0005557655114154236,0.002787835706510873,0.8338870431893688
442,1002,천재/Noun,301,236,65,0.0026232132138807995,0.0007219494857498278,0.7840531561461794
443,1004,억지로/Noun,300,42,258,0.00046684302958895584,0.002865584112668547,0.86
444,1005,우연히/Adverb,300,258,42,0.0028677500389035857,0.00046649043694604257,0.86
445,1006,같습니다/Adjective,300,233,67,0.002589867283195874,0.0007441633160805918,0.7766666666666666
446,1007,심리/Noun,300,207,93,0.002300869217259854,0.001032943110380523,0.69
447,1009,화가/Noun,299,75,224,0.0008336482671231353,0.0024879489970455605,0.7491638795986622
448,1011,댓글/Noun,297,75,222,0.0008336482671231353,0.002465735166714797,0.7474747474747475
449,1014,완벽한/Adjective,296,254,42,0.002823288797990352,0.00046649043694604257,0.8581081081081081
450,1015,속/Modifier,296,73,223,0.0008114176466665183,0.002476842081880179,0.7533783783783784
451,1019,새끼/Noun,295,80,215,0.0008892248182646778,0.002387986760557123,0.7288135593220338
452,1020,재미있고/Adjective,294,272,22,0.003023364382099905,0.00024435213363840333,0.9251700680272108
453,1021,척/Noun,294,58,236,0.0006446879932418914,0.002621231979030144,0.8027210884353742
454,1022,예고편/Noun,294,69,225,0.0007669564057532844,0.002499055912210943,0.7653061224489796
455,1024,재미없고/Adjective,293,9,284,0.00010003779205477625,0.0031543639069684785,0.969283276450512
456,1025,다가/Noun,293,91,202,0.001011493230776071,0.0022435968634071574,0.6894197952218429
457,1026,최근/Noun,293,195,98,0.002167485494520152,0.001088477686207433,0.6655290102389079
458,1030,느끼게/Verb,291,222,69,0.0024675988706844808,0.0007663771464113557,0.7628865979381443
459,1031,good/Alpha,291,213,78,0.0023675610786297045,0.0008663393828997934,0.7319587628865979
460,1032,어느/Modifier,291,104,187,0.001155992263744081,0.002076993135926428,0.6426116838487973
461,1034,불륜/Noun,289,75,214,0.0008336482671231353,0.002376879845391741,0.740484429065744
462,1035,젠/Noun,289,80,209,0.0008892248182646778,0.002321345269564831,0.7231833910034602
463,1037,대작/Noun,288,231,57,0.002567636662739257,0.0006330941644267722,0.8020833333333334
464,1038,짐/Noun,288,189,99,0.002100793633150301,0.0010995846013728146,0.65625
465,1042,재밌어/Adjective,287,234,53,0.0026009825934241826,0.0005886665037652442,0.8153310104529616
466,1046,있었다/Adjective,286,213,73,0.0023675610786297045,0.0008108048070728836,0.7447552447552448
467,1047,열/Noun,286,78,208,0.0008669941978080608,0.0023102383543994486,0.7272727272727273
468,1051,2시간/Number,285,95,190,0.0010559544716893046,0.0021103138814225733,0.6666666666666666
469,1055,게임/Noun,284,97,187,0.0010781850921459217,0.002076993135926428,0.6584507042253521
470,1059,짓/Noun,283,70,213,0.000778071715981593,0.002365772930226359,0.7526501766784452
471,1060,환상/Noun,283,207,76,0.002300869217259854,0.0008441255525690295,0.7314487632508834
472,1063,오래/Adverb,282,230,52,0.002556521352510949,0.0005775595885998622,0.8156028368794326
473,1065,재미없어/Adjective,280,5,275,5.557655114154236e-05,0.003054401670480041,0.9821428571428572
474,1066,그닥/Noun,280,25,255,0.0002778827557077118,0.0028322633671724017,0.9107142857142856
475,1067,귀신/Noun,280,71,209,0.0007891870262099014,0.002321345269564831,0.7464285714285714
476,1068,쓴/Verb,280,75,205,0.0008336482671231353,0.002276917608903303,0.7321428571428571
477,1069,아니면/Adjective,280,78,202,0.0008669941978080608,0.0022435968634071574,0.7214285714285714
478,1073,산/Noun,279,67,212,0.0007447257852966678,0.002354666015060977,0.7598566308243727
479,1074,볼수/Verb,279,203,76,0.00225640797634662,0.0008441255525690295,0.7275985663082437
480,1075,하는거/Verb,279,78,201,0.0008669941978080608,0.0022324899482417753,0.7204301075268817
481,1076,총/Modifier,279,87,192,0.0009670319898628369,0.0021325277117533376,0.6881720430107527
482,1079,재밌었어요/Adjective,277,268,9,0.00297890314118667,9.996223648843771e-05,0.967509025270758
483,1080,전작/Noun,277,72,205,0.00080030233643821,0.002276917608903303,0.740072202166065
484,1081,총/Noun,277,85,192,0.0009448013694062199,0.0021325277117533376,0.6931407942238267
485,1083,♡/Foreign,276,264,12,0.0029344419002734373,0.0001332829819845836,0.9565217391304348
486,1085,현재/Noun,275,205,70,0.002278638596803237,0.0007774840615767378,0.7454545454545455
487,1088,놔/Verb,274,53,221,0.000589111442100349,0.0024546282515494145,0.8065693430656934
488,1089,울/Modifier,274,178,96,0.001978525220638908,0.0010662638558766688,0.6496350364963503
489,1090,제작비/Noun,273,38,235,0.000422381788675722,0.002610125063864762,0.8608058608058609
490,1091,예요/Josa,273,206,67,0.0022897539070315448,0.0007441633160805918,0.7545787545787546
491,1092,스러운/Josa,273,89,184,0.000989262610319454,0.0020436723904302817,0.6739926739926739
492,1098,통해/Noun,271,217,54,0.0024120223195429388,0.0005997734189306263,0.8007380073800738
493,1099,노/Noun,271,96,175,0.0010670697819176133,0.0019437101539418445,0.6457564575645757
494,1103,짜/Verb,269,92,177,0.0010226085410043797,0.001965923984272608,0.6579925650557621
495,1107,망작/Noun,268,16,252,0.00017784496365293558,0.002798942621676256,0.9402985074626866
496,1108,좋았음/Adjective,268,241,27,0.0026787897650223423,0.0002998867094653131,0.8992537313432836
497,1109,맞는/Verb,268,95,173,0.0010559544716893046,0.0019214963236110802,0.6455223880597015
498,1114,좋았습니다/Adjective,267,258,9,0.0028677500389035857,9.996223648843771e-05,0.9662921348314608
499,1115,되었다/Verb,267,201,66,0.0022341773558900027,0.0007330564009152097,0.7528089887640449
500,1116,가끔/Noun,267,174,93,0.0019340639797256738,0.001032943110380523,0.651685393258427
501,1118,안되고/Adjective,266,10,256,0.00011115310228308472,0.002843370282337784,0.962406015037594
502,1119,동화/Noun,266,189,77,0.002100793633150301,0.0008552324677344116,0.7105263157894737
503,1120,80년/Number,266,82,184,0.0009114554387212947,0.0020436723904302817,0.6917293233082706
504,1123,100/Number,265,171,94,0.001900718049040749,0.0010440500255459052,0.6452830188679245
505,1124,묘사/Noun,265,170,95,0.0018896027388124407,0.0010551569407112867,0.6415094339622641
506,1127,지루하지/Adjective,264,251,13,0.0027899428673054264,0.00014438989714996554,0.9507575757575758
507,1128,예산/Noun,264,65,199,0.0007224951648400508,0.0022102761179110114,0.7537878787878788
508,1135,채널/Noun,262,82,180,0.0009114554387212947,0.001999244729768754,0.6870229007633588
509,1142,감사합니다/Verb,260,241,19,0.0026787897650223423,0.00021103138814225735,0.926923076923077
510,1143,유치하고/Adjective,260,21,239,0.00023342151479447792,0.0026545527245262907,0.9192307692307692
511,1144,보고싶다/Verb,260,227,33,0.0025231754218260232,0.00036652820045760486,0.8730769230769231
512,1145,느낄/Verb,260,207,53,0.002300869217259854,0.0005886665037652442,0.7961538461538461
513,1146,강/Noun,260,197,63,0.002189716114976769,0.0006997356554190639,0.7576923076923077
514,1149,아닐까/Adjective,259,191,68,0.0021230242536069183,0.0007552702312459737,0.7374517374517374
515,1154,유치한/Adjective,258,42,216,0.00046684302958895584,0.002399093675722505,0.8372093023255814
516,1155,졸라/Noun,258,75,183,0.0008336482671231353,0.0020325654752649,0.7093023255813954
517,1156,아니지만/Adjective,258,177,81,0.0019674099104106,0.0008996601283959392,0.686046511627907
518,1159,개/Suffix,257,79,178,0.0008781095080363692,0.0019770308994379896,0.6926070038910506
519,1164,만들/Verb,256,53,203,0.000589111442100349,0.002254703778572539,0.79296875
520,1165,외/Noun,256,70,186,0.000778071715981593,0.002065886220761046,0.7265625
521,1169,낚/Noun,254,20,234,0.00022230620456616945,0.0025990181486993803,0.9212598425196852
522,1170,진부한/Adjective,254,38,216,0.000422381788675722,0.002399093675722505,0.8503937007874016
523,1171,이상한/Adjective,254,63,191,0.0007002645443834338,0.0021214207965879555,0.7519685039370079
524,1175,보시길/Verb,253,193,60,0.002145254874063535,0.000666414909922918,0.7628458498023716
525,1176,모/Noun,253,66,187,0.0007336104750683593,0.002076993135926428,0.7391304347826086
526,1180,좋았고/Adjective,252,235,17,0.002612097903652491,0.00018881755781149343,0.9325396825396826
527,1181,해요/Verb,252,204,48,0.0022675232865749283,0.0005331319279383344,0.8095238095238095
528,1182,있나/Adjective,252,68,184,0.0007558410955249762,0.0020436723904302817,0.7301587301587301
529,1183,만들었다/Verb,252,170,82,0.0018896027388124407,0.0009107670435613213,0.6746031746031746
530,1185,반개/Noun,251,5,246,5.557655114154236e-05,0.002732301130683964,0.9800796812749004
531,1186,하냐/Verb,251,23,228,0.00025565213525109487,0.0025323766577070887,0.9083665338645418
532,1187,짱/VerbPrefix,251,225,26,0.0025009448013694068,0.00028877979429993113,0.896414342629482
533,1188,필요없다/Adjective,251,214,37,0.0023786763888580128,0.0004109558611191328,0.852589641434263
534,1189,지루/Noun,250,21,229,0.00023342151479447792,0.0025434835728724704,0.9159999999999999
535,1190,싫다/Adjective,250,23,227,0.00025565213525109487,0.0025212697425417065,0.9079999999999999
536,1191,나왔으면/Verb,250,175,75,0.0019451792899539827,0.0008330186374036475,0.7
537,1194,그렇고/Adjective,249,80,169,0.0008892248182646778,0.0018770686629495524,0.678714859437751
538,1196,지루해/Adjective,248,18,230,0.0002000755841095525,0.002554590488037853,0.9274193548387096
539,1201,용도/Noun,247,57,190,0.0006335726830135829,0.0021103138814225733,0.7692307692307693
540,1203,만들지/Verb,246,31,215,0.00034457461707756266,0.002387986760557123,0.8739837398373984
541,1204,희망/Noun,246,210,36,0.002334215147944779,0.00039984894595375083,0.8536585365853658
542,1206,청춘/Noun,245,172,73,0.0019118333592690567,0.0008108048070728836,0.7020408163265306
543,1207,좋았는데/Adjective,245,74,171,0.0008225329568948269,0.0018992824932803163,0.6979591836734694
544,1208,그리/Verb,245,76,169,0.0008447635773514439,0.0018770686629495524,0.689795918367347
545,1209,......./Punctuation,245,81,164,0.0009003401284929863,0.0018215340871226425,0.6693877551020408
546,1210,다만/Noun,245,160,85,0.0017784496365293556,0.0009440877890574672,0.6530612244897959
547,1211,상상력/Noun,245,158,87,0.0017562190160727387,0.0009663016193882313,0.6448979591836734
548,1214,깊이/Noun,244,172,72,0.0019118333592690567,0.0007996978919075017,0.7049180327868853
549,1215,이런거/Adjective,244,85,159,0.0009448013694062199,0.0017659995112957324,0.6516393442622951
550,1221,cg/Alpha,243,62,181,0.0006891492341551253,0.002010351644934136,0.7448559670781894
551,1222,였는데/Verb,243,156,87,0.0017339883956161216,0.0009663016193882313,0.6419753086419753
552,1224,기세/Noun,242,7,235,7.78071715981593e-05,0.002610125063864762,0.9710743801652892
553,1225,없나/Adjective,242,53,189,0.000589111442100349,0.002099206966257192,0.78099173553719
554,1229,형님/Noun,241,155,86,0.0017228730853878133,0.0009551947042228492,0.6431535269709544
555,1233,재미있음/Adjective,240,217,23,0.0024120223195429388,0.0002554590488037852,0.9041666666666668
556,1234,노출/Noun,240,57,183,0.0006335726830135829,0.0020325654752649,0.7625
557,1235,카메라/Noun,240,73,167,0.0008114176466665183,0.0018548548326187888,0.6958333333333333
558,1237,미래/Noun,239,164,75,0.0018229108774425891,0.0008330186374036475,0.6861924686192469
559,1239,비추/Verb,238,15,223,0.00016672965342462708,0.002476842081880179,0.9369747899159664
560,1240,슬프다/Adjective,238,211,27,0.002345330458173088,0.0002998867094653131,0.8865546218487395
561,1244,대안/Noun,237,199,38,0.002211946735433386,0.0004220627762845148,0.8396624472573839
562,1245,빼고/Verb,237,65,172,0.0007224951648400508,0.0019103894084456985,0.7257383966244726
563,1246,볼수록/Verb,237,163,74,0.001811795567214281,0.0008219117222382655,0.6877637130801688
564,1248,나를/Verb,236,188,48,0.0020896783229219927,0.0005331319279383344,0.7966101694915254
565,1249,능력/Noun,236,81,155,0.0009003401284929863,0.0017215718506342046,0.6567796610169492
566,1250,미소/Noun,235,212,23,0.002356445768401396,0.0002554590488037852,0.9021276595744679
567,1251,깊게/Adjective,235,211,24,0.002345330458173088,0.0002665659639691672,0.8978723404255319
568,1252,결론/Noun,235,63,172,0.0007002645443834338,0.0019103894084456985,0.7319148936170212
569,1253,반/Noun,235,83,152,0.0009225707489496033,0.001688251105138059,0.6468085106382979
570,1257,버렸다/Verb,234,65,169,0.0007224951648400508,0.0018770686629495524,0.7222222222222222
571,1258,독립영화/Noun,234,75,159,0.0008336482671231353,0.0017659995112957324,0.6794871794871795
572,1261,보고싶은/Verb,233,209,24,0.002323099837716471,0.0002665659639691672,0.8969957081545065
573,1262,OST/Alpha,233,191,42,0.0021230242536069183,0.00046649043694604257,0.8197424892703863
574,1263,필요없는/Adjective,233,188,45,0.0020896783229219927,0.0004998111824421885,0.8068669527896996
575,1264,대단하다/Adjective,233,165,68,0.0018340261876708976,0.0007552702312459737,0.7081545064377682
576,1265,잘못/Noun,233,83,150,0.0009225707489496033,0.001666037274807295,0.6437768240343348
577,1269,봤었는데/Verb,232,172,60,0.0019118333592690567,0.000666414909922918,0.7413793103448276
578,1270,않게/Verb,231,171,60,0.001900718049040749,0.000666414909922918,0.7402597402597403
579,1271,있다는/Adjective,231,154,77,0.0017117577751595047,0.0008552324677344116,0.6666666666666666
580,1272,돼/Verb,231,83,148,0.0009225707489496033,0.001643823444476531,0.6406926406926406
581,1275,리얼/Noun,230,156,74,0.0017339883956161216,0.0008219117222382655,0.6782608695652174
582,1279,유쾌한/Adjective,229,211,18,0.002345330458173088,0.00019992447297687542,0.9213973799126638
583,1280,멋/Noun,228,174,54,0.0019340639797256738,0.0005997734189306263,0.7631578947368421
584,1281,마라/Adjective,228,55,173,0.000611342062556966,0.0019214963236110802,0.7587719298245614
585,1282,범인/Noun,228,62,166,0.0006891492341551253,0.0018437479174534066,0.7280701754385965
586,1283,웃김/Verb,228,165,63,0.0018340261876708976,0.0006997356554190639,0.7236842105263158
587,1284,없지만/Adjective,228,146,82,0.0016228352933330367,0.0009107670435613213,0.6403508771929824
588,1285,재밌습니다/Adjective,227,214,13,0.0023786763888580128,0.00014438989714996554,0.9427312775330396
589,1286,남는다/Verb,227,184,43,0.002045217082008759,0.0004775973521114245,0.8105726872246696
590,1287,되게/Adverb,227,149,78,0.0016561812240179624,0.0008663393828997934,0.6563876651982379
591,1291,박수/Noun,226,151,75,0.0016784118444745793,0.0008330186374036475,0.668141592920354
592,1296,손발/Noun,225,22,203,0.00024453682502278637,0.002254703778572539,0.9022222222222224
593,1299,재밌었는데/Adjective,224,159,65,0.0017673343263010473,0.0007219494857498278,0.7098214285714286
594,1302,재밌었음/Adjective,223,213,10,0.0023675610786297045,0.00011106915165381967,0.9551569506726456
595,1303,굳이/Noun,223,45,178,0.0005001889602738814,0.0019770308994379896,0.7982062780269058
596,1304,부족한/Adjective,223,69,154,0.0007669564057532844,0.0017104649354688231,0.6905829596412556
597,1311,밤/Noun,222,158,64,0.0017562190160727387,0.0007108425705844457,0.7117117117117117
598,1312,어이없는/Adjective,221,8,213,8.892248182646779e-05,0.002365772930226359,0.9638009049773756
599,1316,별루/Noun,220,12,208,0.00013338372273970166,0.0023102383543994486,0.9454545454545454
600,1317,슬픔/Noun,220,192,28,0.0021341395638352265,0.000310993624630695,0.8727272727272727
601,1318,보여준/Verb,220,166,54,0.0018451414978992067,0.0005997734189306263,0.7545454545454545
602,1319,용이/Noun,220,69,151,0.0007669564057532844,0.001677144189972677,0.6863636363636364
603,1323,포장/Noun,219,20,199,0.00022230620456616945,0.0022102761179110114,0.9086757990867579
604,1324,있습니다/Adjective,219,181,38,0.0020118711513238334,0.0004220627762845148,0.8264840182648402
605,1325,주기/Noun,219,40,179,0.0004446124091323389,0.001988137814603372,0.817351598173516
606,1326,스럽다/Adjective,219,51,168,0.0005668808216437321,0.0018659617477841703,0.7671232876712328
607,1327,시도/Noun,219,57,162,0.0006335726830135829,0.0017993202567918784,0.7397260273972602
608,1328,ㅅㅂ/KoreanParticle,218,20,198,0.00022230620456616945,0.0021991692027456293,0.908256880733945
609,1329,순수한/Adjective,218,193,25,0.002145254874063535,0.0002776728791345492,0.8853211009174312
610,1330,있었던/Adjective,218,165,53,0.0018340261876708976,0.0005886665037652442,0.7568807339449541
611,1331,아침/Noun,218,56,162,0.0006224573727852744,0.0017993202567918784,0.7431192660550459
612,1334,재밌네/Adjective,217,204,13,0.0022675232865749283,0.00014438989714996554,0.9400921658986175
613,1335,있다면/Adjective,217,139,78,0.0015450281217348775,0.0008663393828997934,0.6405529953917051
614,1336,함/Verb,217,78,139,0.0008669941978080608,0.0015438612079880936,0.6405529953917051
615,1342,귀여운/Adjective,216,173,43,0.0019229486694973656,0.0004775973521114245,0.8009259259259259
616,1343,광고/Noun,216,47,169,0.0005224195807304982,0.0018770686629495524,0.7824074074074074
617,1344,그럼/Adjective,216,69,147,0.0007669564057532844,0.0016327165293111491,0.6805555555555556
618,1347,재밌/Adjective,215,184,31,0.002045217082008759,0.00034431437012684104,0.8558139534883721
619,1348,어색한/Adjective,215,32,183,0.00035568992730587116,0.0020325654752649,0.8511627906976744
620,1349,짱/Modifier,215,181,34,0.0020118711513238334,0.00037763511562298685,0.8418604651162791
621,1350,진실/Noun,215,142,73,0.0015783740524198029,0.0008108048070728836,0.6604651162790698
622,1355,암/Noun,214,59,155,0.0006558033034701999,0.0017215718506342046,0.7242990654205608
623,1359,됩니다/Verb,213,150,63,0.0016672965342462707,0.0006997356554190639,0.7042253521126759
624,1363,성도/Noun,212,25,187,0.0002778827557077118,0.002076993135926428,0.8820754716981132
625,1364,한계/Noun,212,38,174,0.000422381788675722,0.0019326032387764625,0.8207547169811321
626,1365,그럭저럭/Adverb,212,52,160,0.0005779961318720405,0.0017771064264611148,0.7547169811320755
627,1366,아닌듯/Adjective,212,52,160,0.0005779961318720405,0.0017771064264611148,0.7547169811320755
628,1367,전/Foreign,212,157,55,0.00174510370584443,0.0006108803340960082,0.7405660377358491
629,1368,조차/Josa,212,56,156,0.0006224573727852744,0.0017326787657995868,0.7358490566037735
630,1369,심/Noun,212,73,139,0.0008114176466665183,0.0015438612079880936,0.6556603773584906
631,1373,~^^/Punctuation,211,202,9,0.0022452926661183114,9.996223648843771e-05,0.957345971563981
632,1374,귀엽고/Adjective,211,194,17,0.0021563701842918434,0.00018881755781149343,0.919431279620853
633,1375,여전히/Adjective,211,153,58,0.0017006424649311962,0.0006442010795921541,0.7251184834123223
634,1376,느껴지는/Verb,211,152,59,0.0016895271547028878,0.000655307994757536,0.7203791469194313
635,1377,독특한/Adjective,211,151,60,0.0016784118444745793,0.000666414909922918,0.7156398104265402
636,1378,진정/Noun,211,146,65,0.0016228352933330367,0.0007219494857498278,0.6919431279620853
637,1382,아름답고/Adjective,210,198,12,0.002200831425205077,0.0001332829819845836,0.9428571428571428
638,1383,만들어진/Verb,210,148,62,0.0016450659137896538,0.0006886287402536821,0.7047619047619048
639,1384,살짝/Noun,210,140,70,0.001556143431963186,0.0007774840615767378,0.6666666666666666
640,1385,있지/Adjective,210,72,138,0.00080030233643821,0.0015327542928227115,0.6571428571428571
641,1388,발견/Noun,209,175,34,0.0019451792899539827,0.00037763511562298685,0.8373205741626795
642,1394,재미없네/Adjective,208,2,206,2.2230620456616947e-05,0.002288024524068685,0.9903846153846154
643,1395,짜증나는/Adjective,208,9,199,0.00010003779205477625,0.0022102761179110114,0.9567307692307692
644,1396,개도/Noun,208,25,183,0.0002778827557077118,0.0020325654752649,0.8798076923076923
645,1397,않을/Verb,208,152,56,0.0016895271547028878,0.0006219872492613901,0.7307692307692307
646,1398,쩐다/Noun,208,145,63,0.0016117199831047284,0.0006997356554190639,0.6971153846153846
647,1399,범죄/Noun,208,72,136,0.00080030233643821,0.0015105404624919474,0.6538461538461539
648,1402,짱짱/Noun,207,199,8,0.002211946735433386,8.885532132305573e-05,0.961352657004831
649,1403,부족/Noun,207,29,178,0.0003223439966209457,0.0019770308994379896,0.8599033816425121
650,1404,지난/Noun,207,159,48,0.0017673343263010473,0.0005331319279383344,0.7681159420289855
651,1405,있네/Adjective,207,53,154,0.000589111442100349,0.0017104649354688231,0.7439613526570048
652,1406,20년/Number,207,142,65,0.0015783740524198029,0.0007219494857498278,0.6859903381642513
653,1407,야/Exclamation,207,66,141,0.0007336104750683593,0.0015660750383188573,0.6811594202898551
654,1411,대충/Noun,206,37,169,0.00041126647844741344,0.0018770686629495524,0.8203883495145631
655,1412,영환/Noun,206,64,142,0.0007113798546117423,0.0015771819534842392,0.6893203883495146
656,1418,감탄/Noun,205,177,28,0.0019674099104106,0.000310993624630695,0.8634146341463415
657,1419,잼있게/Verb,205,174,31,0.0019340639797256738,0.00034431437012684104,0.8487804878048779
658,1420,빨/Noun,205,54,151,0.0006002267523286575,0.001677144189972677,0.7365853658536585
659,1421,자연/Noun,205,142,63,0.0015783740524198029,0.0006997356554190639,0.6926829268292682
660,1422,커플/Noun,205,141,64,0.0015672587421914947,0.0007108425705844457,0.6878048780487804
661,1423,시선/Noun,205,141,64,0.0015672587421914947,0.0007108425705844457,0.6878048780487804
662,1428,시청자/Noun,204,41,163,0.00045572771936064734,0.001810427171957261,0.7990196078431373
663,1429,홍보/Noun,204,43,161,0.00047795833981726434,0.001788213341626497,0.7892156862745098
664,1430,쓰/Verb,204,46,158,0.0005113042705021896,0.0017548925961303507,0.7745098039215687
665,1431,하세요/Verb,204,65,139,0.0007224951648400508,0.0015438612079880936,0.6813725490196079
666,1432,몸매/Noun,204,67,137,0.0007447257852966678,0.0015216473776573296,0.6715686274509803
667,1435,아오/Exclamation,203,29,174,0.0003223439966209457,0.0019326032387764625,0.8571428571428571
668,1436,되네요/Verb,203,150,53,0.0016672965342462707,0.0005886665037652442,0.7389162561576355
669,1441,했어요/Verb,201,156,45,0.0017339883956161216,0.0004998111824421885,0.7761194029850746
670,1442,일상/Noun,201,154,47,0.0017117577751595047,0.0005220250127729526,0.7661691542288557
671,1443,않나/Verb,201,54,147,0.0006002267523286575,0.0016327165293111491,0.7313432835820896
672,1444,포기/Noun,201,56,145,0.0006224573727852744,0.001610502698980385,0.7213930348258707
673,1445,사는/Verb,201,132,69,0.0014672209501367186,0.0007663771464113557,0.6567164179104478
674,1451,떨어지는/Verb,200,34,166,0.0003779205477624881,0.0018437479174534066,0.83
675,1452,하다가/Verb,200,61,139,0.0006780339239268168,0.0015438612079880936,0.695
